start,end,rq_time,rq_type,subnetwork,request_id,start_station_street_ids,end_station_street_ids,walk_start_to_station_street_distance,walk_start_to_station_street_tt,walk_station_to_end_street_distance,walk_station_to_end_street_tt,start_station_street_arrival_time,start_station_departure_time,end_station_arrival_time,end_station_street_arrival_time,pt_journey_duration,num_transfers,selected_start_station_id,selected_end_station_id,walking_time,walking_arrival_time,best_option,end_arrival_time,pt_total_journey_duration,pt_journey_plan,best_journey_duration
10,73,10410,intra,left,0,[5; 61],[55],2500,1879,1000,751,12289,12349.0,13680.0,13740.0,1331.0,2.0,5,55,6015.0,16425.0,pt,14491.0,4081.0,"{'duration': 1331, 'source_transfer_time': 0, 'waiting_time': 221, 'trip_time': 1110, 'num_transfers': 2, 'departure_time': 12349, 'departure_day': 'current_day', 'arrival_time': 13680, 'arrival_day': 'current_day', 'steps': [{'duration': 450, 'departure_time': 12570, 'arrival_time': 13020, 'day': 'current_day', 'from_stop_id': '5-2', 'to_stop_id': 'A-2', 'trip_id': '2-1-15', 'agency_name': 'Unknown'}, {'duration': 30, 'departure_time': 13020, 'arrival_time': 13050, 'day': 'current_day', 'from_stop_id': 'A-2', 'to_stop_id': 'A-1', 'trip_id': 'walking', 'agency_name': 'Unknown'}, {'duration': 360, 'departure_time': 13320, 'arrival_time': 13680, 'day': 'current_day', 'from_stop_id': 'A-1', 'to_stop_id': '55-1', 'trip_id': '1-1-16', 'agency_name': 'Unknown'}]}",4081.0
109,79,13680,intra,left,1,[110],[58; 77],500,375,1000,751,14055,14115.0,14640.0,14700.0,525.0,0.0,110,77,2255.0,15935.0,pt,15451.0,1771.0,"{'duration': 525, 'source_transfer_time': 0, 'waiting_time': 255, 'trip_time': 270, 'num_transfers': 0, 'departure_time': 14115, 'departure_day': 'current_day', 'arrival_time': 14640, 'arrival_day': 'current_day', 'steps': [{'duration': 270, 'departure_time': 14370, 'arrival_time': 14640, 'day': 'current_day', 'from_stop_id': '110-2', 'to_stop_id': '77-2', 'trip_id': '2-0-18', 'agency_name': 'Unknown'}]}",1771.0
62,25,3630,intra,left,2,[54],[27],500,375,1000,751,4005,4065.0,5490.0,5550.0,1425.0,2.0,54,27,2631.0,6261.0,walking,6301.0,2671.0,"{'duration': 1425, 'source_transfer_time': 0, 'waiting_time': 405, 'trip_time': 1020, 'num_transfers': 2, 'departure_time': 4065, 'departure_day': 'current_day', 'arrival_time': 5490, 'arrival_day': 'current_day', 'steps': [{'duration': 450, 'departure_time': 4470, 'arrival_time': 4920, 'day': 'current_day', 'from_stop_id': '54-1', 'to_stop_id': 'A-1', 'trip_id': '1-0-2', 'agency_name': 'Unknown'}, {'duration': 30, 'departure_time': 4920, 'arrival_time': 4950, 'day': 'current_day', 'from_stop_id': 'A-1', 'to_stop_id': 'A-2', 'trip_id': 'walking', 'agency_name': 'Unknown'}, {'duration': 270, 'departure_time': 5220, 'arrival_time': 5490, 'day': 'current_day', 'from_stop_id': 'A-2', 'to_stop_id': '27-2', 'trip_id': '2-0-2', 'agency_name': 'Unknown'}]}",2631.0
111,33,10680,intra,left,3,[110],[54],500,375,1000,751,11055,11115.0,12570.0,12630.0,1455.0,2.0,110,54,4887.0,15567.0,pt,13381.0,2701.0,"{'duration': 1455, 'source_transfer_time': 0, 'waiting_time': 255, 'trip_time': 1200, 'num_transfers': 2, 'departure_time': 11115, 'departure_day': 'current_day', 'arrival_time': 12570, 'arrival_day': 'current_day', 'steps': [{'duration': 450, 'departure_time': 11370, 'arrival_time': 11820, 'day': 'current_day', 'from_stop_id': '110-2', 'to_stop_id': 'A-2', 'trip_id': '2-0-13', 'agency_name': 'Unknown'}, {'duration': 30, 'departure_time': 11820, 'arrival_time': 11850, 'day': 'current_day', 'from_stop_id': 'A-2', 'to_stop_id': 'A-1', 'trip_id': 'walking', 'agency_name': 'Unknown'}, {'duration': 450, 'departure_time': 12120, 'arrival_time': 12570, 'day': 'current_day', 'from_stop_id': 'A-1', 'to_stop_id': '54-1', 'trip_id': '1-1-14', 'agency_name': 'Unknown'}]}",2701.0
110,68,11520,intra,left,4,[110],[58],0,0,500,375,11520,11580.0,12900.0,12960.0,1320.0,2.0,110,58,2255.0,13775.0,pt,13335.0,1815.0,"{'duration': 1320, 'source_transfer_time': 0, 'waiting_time': 390, 'trip_time': 930, 'num_transfers': 2, 'departure_time': 11580, 'departure_day': 'current_day', 'arrival_time': 12900, 'arrival_day': 'current_day', 'steps': [{'duration': 450, 'departure_time': 11970, 'arrival_time': 12420, 'day': 'current_day', 'from_stop_id': '110-2', 'to_stop_id': 'A-2', 'trip_id': '2-0-14', 'agency_name': 'Unknown'}, {'duration': 30, 'departure_time': 12420, 'arrival_time': 12450, 'day': 'current_day', 'from_stop_id': 'A-2', 'to_stop_id': 'A-1', 'trip_id': 'walking', 'agency_name': 'Unknown'}, {'duration': 180, 'departure_time': 12720, 'arrival_time': 12900, 'day': 'current_day', 'from_stop_id': 'A-1', 'to_stop_id': '58-1', 'trip_id': '1-0-15', 'agency_name': 'Unknown'}]}",1815.0
2,76,4530,intra,left,5,[5],[77],1500,1127,500,375,5657,5717.0,6600.0,6660.0,883.0,0.0,5,77,3383.0,7913.0,pt,7035.0,2505.0,"{'duration': 883, 'source_transfer_time': 0, 'waiting_time': 253, 'trip_time': 630, 'num_transfers': 0, 'departure_time': 5717, 'departure_day': 'current_day', 'arrival_time': 6600, 'arrival_day': 'current_day', 'steps': [{'duration': 630, 'departure_time': 5970, 'arrival_time': 6600, 'day': 'current_day', 'from_stop_id': '5-2', 'to_stop_id': '77-2', 'trip_id': '2-1-4', 'agency_name': 'Unknown'}]}",2505.0
66,5,7350,intra,left,6,[117; 119],[5],500,375,0,0,7725,7785.0,8670.0,8730.0,885.0,2.0,117,5,2631.0,9981.0,pt,8730.0,1380.0,"{'duration': 885, 'source_transfer_time': 0, 'waiting_time': 45, 'trip_time': 840, 'num_transfers': 2, 'departure_time': 7785, 'departure_day': 'current_day', 'arrival_time': 8670, 'arrival_day': 'current_day', 'steps': [{'duration': 90, 'departure_time': 7830, 'arrival_time': 7920, 'day': 'current_day', 'from_stop_id': '117-1', 'to_stop_id': 'A-1', 'trip_id': '1-0-7', 'agency_name': 'Unknown'}, {'duration': 30, 'departure_time': 7920, 'arrival_time': 7950, 'day': 'current_day', 'from_stop_id': 'A-1', 'to_stop_id': 'A-2', 'trip_id': 'walking', 'agency_name': 'Unknown'}, {'duration': 450, 'departure_time': 8220, 'arrival_time': 8670, 'day': 'current_day', 'from_stop_id': 'A-2', 'to_stop_id': '5-2', 'trip_id': '2-0-7', 'agency_name': 'Unknown'}]}",1380.0
114,43,9510,intra,left,7,[110],[61],2000,1503,1000,751,11013,11073.0,12570.0,12630.0,1497.0,2.0,110,61,3007.0,12517.0,walking,13381.0,3871.0,"{'duration': 1497, 'source_transfer_time': 0, 'waiting_time': 297, 'trip_time': 1200, 'num_transfers': 2, 'departure_time': 11073, 'departure_day': 'current_day', 'arrival_time': 12570, 'arrival_day': 'current_day', 'steps': [{'duration': 450, 'departure_time': 11370, 'arrival_time': 11820, 'day': 'current_day', 'from_stop_id': '110-2', 'to_stop_id': 'A-2', 'trip_id': '2-0-13', 'agency_name': 'Unknown'}, {'duration': 30, 'departure_time': 11820, 'arrival_time': 11850, 'day': 'current_day', 'from_stop_id': 'A-2', 'to_stop_id': 'A-1', 'trip_id': 'walking', 'agency_name': 'Unknown'}, {'duration': 450, 'departure_time': 12120, 'arrival_time': 12570, 'day': 'current_day', 'from_stop_id': 'A-1', 'to_stop_id': '61-1', 'trip_id': '1-0-14', 'agency_name': 'Unknown'}]}",3007.0
101,49,7560,intra,left,8,[99],[116; 118],1000,751,500,375,8311,8371.0,8910.0,8970.0,539.0,0.0,99,116,2255.0,9815.0,pt,9345.0,1785.0,"{'duration': 539, 'source_transfer_time': 0, 'waiting_time': 89, 'trip_time': 450, 'num_transfers': 0, 'departure_time': 8371, 'departure_day': 'current_day', 'arrival_time': 8910, 'arrival_day': 'current_day', 'steps': [{'duration': 450, 'departure_time': 8460, 'arrival_time': 8910, 'day': 'current_day', 'from_stop_id': '99-2', 'to_stop_id': '116-2', 'trip_id': '2-0-8', 'agency_name': 'Unknown'}]}",1785.0
101,62,6000,intra,left,9,[99],[54],1000,751,500,375,6751,6811.0,8370.0,8430.0,1559.0,2.0,99,54,3759.0,9759.0,pt,8805.0,2805.0,"{'duration': 1559, 'source_transfer_time': 0, 'waiting_time': 449, 'trip_time': 1110, 'num_transfers': 2, 'departure_time': 6811, 'departure_day': 'current_day', 'arrival_time': 8370, 'arrival_day': 'current_day', 'steps': [{'duration': 360, 'departure_time': 7260, 'arrival_time': 7620, 'day': 'current_day', 'from_stop_id': '99-2', 'to_stop_id': 'A-2', 'trip_id': '2-0-6', 'agency_name': 'Unknown'}, {'duration': 30, 'departure_time': 7620, 'arrival_time': 7650, 'day': 'current_day', 'from_stop_id': 'A-2', 'to_stop_id': 'A-1', 'trip_id': 'walking', 'agency_name': 'Unknown'}, {'duration': 450, 'departure_time': 7920, 'arrival_time': 8370, 'day': 'current_day', 'from_stop_id': 'A-1', 'to_stop_id': '54-1', 'trip_id': '1-1-7', 'agency_name': 'Unknown'}]}",2805.0
63,19,6150,intra,left,10,[55],[16],500,375,1500,1127,6525,6585.0,7980.0,8040.0,1395.0,2.0,55,16,4511.0,10661.0,pt,9167.0,3017.0,"{'duration': 1395, 'source_transfer_time': 0, 'waiting_time': 375, 'trip_time': 1020, 'num_transfers': 2, 'departure_time': 6585, 'departure_day': 'current_day', 'arrival_time': 7980, 'arrival_day': 'current_day', 'steps': [{'duration': 360, 'departure_time': 6960, 'arrival_time': 7320, 'day': 'current_day', 'from_stop_id': '55-1', 'to_stop_id': 'A-1', 'trip_id': '1-0-6', 'agency_name': 'Unknown'}, {'duration': 30, 'departure_time': 7320, 'arrival_time': 7350, 'day': 'current_day', 'from_stop_id': 'A-1', 'to_stop_id': 'A-2', 'trip_id': 'walking', 'agency_name': 'Unknown'}, {'duration': 360, 'departure_time': 7620, 'arrival_time': 7980, 'day': 'current_day', 'from_stop_id': 'A-2', 'to_stop_id': '16-2', 'trip_id': '2-0-6', 'agency_name': 'Unknown'}]}",3017.0
57,5,12780,intra,left,11,[57],[5],0,0,0,0,12780,12840.0,14070.0,14130.0,1230.0,2.0,57,5,2631.0,15411.0,pt,14130.0,1350.0,"{'duration': 1230, 'source_transfer_time': 0, 'waiting_time': 300, 'trip_time': 930, 'num_transfers': 2, 'departure_time': 12840, 'departure_day': 'current_day', 'arrival_time': 14070, 'arrival_day': 'current_day', 'steps': [{'duration': 180, 'departure_time': 13140, 'arrival_time': 13320, 'day': 'current_day', 'from_stop_id': '57-1', 'to_stop_id': 'A-1', 'trip_id': '1-0-16', 'agency_name': 'Unknown'}, {'duration': 30, 'departure_time': 13320, 'arrival_time': 13350, 'day': 'current_day', 'from_stop_id': 'A-1', 'to_stop_id': 'A-2', 'trip_id': 'walking', 'agency_name': 'Unknown'}, {'duration': 450, 'departure_time': 13620, 'arrival_time': 14070, 'day': 'current_day', 'from_stop_id': 'A-2', 'to_stop_id': '5-2', 'trip_id': '2-0-16', 'agency_name': 'Unknown'}]}",1350.0
26,78,7170,intra,left,12,[27],[77],500,375,500,375,7545,7605.0,8400.0,8460.0,795.0,0.0,27,77,2631.0,9801.0,pt,8835.0,1665.0,"{'duration': 795, 'source_transfer_time': 0, 'waiting_time': 345, 'trip_time': 450, 'num_transfers': 0, 'departure_time': 7605, 'departure_day': 'current_day', 'arrival_time': 8400, 'arrival_day': 'current_day', 'steps': [{'duration': 450, 'departure_time': 7950, 'arrival_time': 8400, 'day': 'current_day', 'from_stop_id': '27-2', 'to_stop_id': '77-2', 'trip_id': '2-1-7', 'agency_name': 'Unknown'}]}",1665.0
70,106,10140,intra,left,13,[60],[110],500,375,2000,1503,10515,10575.0,12270.0,12330.0,1695.0,2.0,60,110,4511.0,14651.0,pt,13833.0,3693.0,"{'duration': 1695, 'source_transfer_time': 0, 'waiting_time': 585, 'trip_time': 1110, 'num_transfers': 2, 'departure_time': 10575, 'departure_day': 'current_day', 'arrival_time': 12270, 'arrival_day': 'current_day', 'steps': [{'duration': 360, 'departure_time': 11160, 'arrival_time': 11520, 'day': 'current_day', 'from_stop_id': '60-1', 'to_stop_id': 'A-1', 'trip_id': '1-1-13', 'agency_name': 'Unknown'}, {'duration': 30, 'departure_time': 11520, 'arrival_time': 11550, 'day': 'current_day', 'from_stop_id': 'A-1', 'to_stop_id': 'A-2', 'trip_id': 'walking', 'agency_name': 'Unknown'}, {'duration': 450, 'departure_time': 11820, 'arrival_time': 12270, 'day': 'current_day', 'from_stop_id': 'A-2', 'to_stop_id': '110-2', 'trip_id': '2-1-13', 'agency_name': 'Unknown'}]}",3693.0
63,10,13290,intra,left,14,[55],[5; 61],500,375,2500,1879,13665,13725.0,14970.0,15030.0,1245.0,0.0,55,61,5639.0,18929.0,pt,16909.0,3619.0,"{'duration': 1245, 'source_transfer_time': 0, 'waiting_time': 435, 'trip_time': 810, 'num_transfers': 0, 'departure_time': 13725, 'departure_day': 'current_day', 'arrival_time': 14970, 'arrival_day': 'current_day', 'steps': [{'duration': 810, 'departure_time': 14160, 'arrival_time': 14970, 'day': 'current_day', 'from_stop_id': '55-1', 'to_stop_id': '61-1', 'trip_id': '1-0-18', 'agency_name': 'Unknown'}]}",3619.0
85,11,7470,intra,left,15,[56; 88],[54],1500,1127,2000,1503,8597,8657.0,8970.0,9030.0,313.0,0.0,56,54,3383.0,10853.0,pt,10533.0,3063.0,"{'duration': 313, 'source_transfer_time': 0, 'waiting_time': 133, 'trip_time': 180, 'num_transfers': 0, 'departure_time': 8657, 'departure_day': 'current_day', 'arrival_time': 8970, 'arrival_day': 'current_day', 'steps': [{'duration': 180, 'departure_time': 8790, 'arrival_time': 8970, 'day': 'current_day', 'from_stop_id': '56-1', 'to_stop_id': '54-1', 'trip_id': '1-1-8', 'agency_name': 'Unknown'}]}",3063.0
82,35,4830,intra,left,16,[61],[56],1000,751,1000,751,5581,5641.0,6390.0,6450.0,749.0,0.0,61,56,4511.0,9341.0,pt,7201.0,2371.0,"{'duration': 749, 'source_transfer_time': 0, 'waiting_time': 29, 'trip_time': 720, 'num_transfers': 0, 'departure_time': 5641, 'departure_day': 'current_day', 'arrival_time': 6390, 'arrival_day': 'current_day', 'steps': [{'duration': 720, 'departure_time': 5670, 'arrival_time': 6390, 'day': 'current_day', 'from_stop_id': '61-1', 'to_stop_id': '56-1', 'trip_id': '1-1-4', 'agency_name': 'Unknown'}]}",2371.0
105,24,4860,intra,left,17,[54; 110],[27; 56],2500,1879,1500,1127,6739,6799.0,7050.0,7110.0,251.0,0.0,54,56,3759.0,8619.0,pt,8237.0,3377.0,"{'duration': 251, 'source_transfer_time': 0, 'waiting_time': 71, 'trip_time': 180, 'num_transfers': 0, 'departure_time': 6799, 'departure_day': 'current_day', 'arrival_time': 7050, 'arrival_day': 'current_day', 'steps': [{'duration': 180, 'departure_time': 6870, 'arrival_time': 7050, 'day': 'current_day', 'from_stop_id': '54-1', 'to_stop_id': '56-1', 'trip_id': '1-0-6', 'agency_name': 'Unknown'}]}",3377.0
67,7,4680,intra,left,18,[118; 119],[5],500,375,1000,751,5055,5115.0,5670.0,5730.0,555.0,0.0,119,5,2631.0,7311.0,pt,6481.0,1801.0,"{'duration': 555, 'source_transfer_time': 0, 'waiting_time': 15, 'trip_time': 540, 'num_transfers': 0, 'departure_time': 5115, 'departure_day': 'current_day', 'arrival_time': 5670, 'arrival_day': 'current_day', 'steps': [{'duration': 540, 'departure_time': 5130, 'arrival_time': 5670, 'day': 'current_day', 'from_stop_id': '119-2', 'to_stop_id': '5-2', 'trip_id': '2-0-2', 'agency_name': 'Unknown'}]}",1801.0
33,76,5640,intra,left,19,[54],[77],1000,751,500,375,6391,6451.0,7800.0,7860.0,1349.0,2.0,54,77,3007.0,8647.0,pt,8235.0,2595.0,"{'duration': 1349, 'source_transfer_time': 0, 'waiting_time': 419, 'trip_time': 930, 'num_transfers': 2, 'departure_time': 6451, 'departure_day': 'current_day', 'arrival_time': 7800, 'arrival_day': 'current_day', 'steps': [{'duration': 450, 'departure_time': 6870, 'arrival_time': 7320, 'day': 'current_day', 'from_stop_id': '54-1', 'to_stop_id': 'A-1', 'trip_id': '1-0-6', 'agency_name': 'Unknown'}, {'duration': 30, 'departure_time': 7320, 'arrival_time': 7350, 'day': 'current_day', 'from_stop_id': 'A-1', 'to_stop_id': 'A-2', 'trip_id': 'walking', 'agency_name': 'Unknown'}, {'duration': 180, 'departure_time': 7620, 'arrival_time': 7800, 'day': 'current_day', 'from_stop_id': 'A-2', 'to_stop_id': '77-2', 'trip_id': '2-1-6', 'agency_name': 'Unknown'}]}",2595.0
33,15,9510,intra,left,20,[54],[16],1000,751,500,375,10261,10321.0,11580.0,11640.0,1259.0,2.0,54,16,2255.0,11765.0,walking,12015.0,2505.0,"{'duration': 1259, 'source_transfer_time': 0, 'waiting_time': 149, 'trip_time': 1110, 'num_transfers': 2, 'departure_time': 10321, 'departure_day': 'current_day', 'arrival_time': 11580, 'arrival_day': 'current_day', 'steps': [{'duration': 450, 'departure_time': 10470, 'arrival_time': 10920, 'day': 'current_day', 'from_stop_id': '54-1', 'to_stop_id': 'A-1', 'trip_id': '1-0-12', 'agency_name': 'Unknown'}, {'duration': 30, 'departure_time': 10920, 'arrival_time': 10950, 'day': 'current_day', 'from_stop_id': 'A-1', 'to_stop_id': 'A-2', 'trip_id': 'walking', 'agency_name': 'Unknown'}, {'duration': 360, 'departure_time': 11220, 'arrival_time': 11580, 'day': 'current_day', 'from_stop_id': 'A-2', 'to_stop_id': '16-2', 'trip_id': '2-0-12', 'agency_name': 'Unknown'}]}",2255.0
47,21,11130,intra,left,21,[57],[61],500,375,2000,1503,11505,11565.0,12570.0,12630.0,1005.0,0.0,57,61,3759.0,14889.0,pt,14133.0,3003.0,"{'duration': 1005, 'source_transfer_time': 0, 'waiting_time': 375, 'trip_time': 630, 'num_transfers': 0, 'departure_time': 11565, 'departure_day': 'current_day', 'arrival_time': 12570, 'arrival_day': 'current_day', 'steps': [{'duration': 630, 'departure_time': 11940, 'arrival_time': 12570, 'day': 'current_day', 'from_stop_id': '57-1', 'to_stop_id': '61-1', 'trip_id': '1-0-14', 'agency_name': 'Unknown'}]}",3003.0
70,1,3870,intra,left,22,[60],[5],500,375,2000,1503,4245,4305.0,5670.0,5730.0,1365.0,2.0,60,5,5263.0,9133.0,pt,7233.0,3363.0,"{'duration': 1365, 'source_transfer_time': 0, 'waiting_time': 255, 'trip_time': 1110, 'num_transfers': 2, 'departure_time': 4305, 'departure_day': 'current_day', 'arrival_time': 5670, 'arrival_day': 'current_day', 'steps': [{'duration': 360, 'departure_time': 4560, 'arrival_time': 4920, 'day': 'current_day', 'from_stop_id': '60-1', 'to_stop_id': 'A-1', 'trip_id': '1-1-2', 'agency_name': 'Unknown'}, {'duration': 30, 'departure_time': 4920, 'arrival_time': 4950, 'day': 'current_day', 'from_stop_id': 'A-1', 'to_stop_id': 'A-2', 'trip_id': 'walking', 'agency_name': 'Unknown'}, {'duration': 450, 'departure_time': 5220, 'arrival_time': 5670, 'day': 'current_day', 'from_stop_id': 'A-2', 'to_stop_id': '5-2', 'trip_id': '2-0-2', 'agency_name': 'Unknown'}]}",3363.0
48,101,4860,intra,left,23,[116; 117],[99],500,375,1000,751,5235,5295.0,6180.0,6240.0,885.0,0.0,116,99,3007.0,7867.0,pt,6991.0,2131.0,"{'duration': 885, 'source_transfer_time': 0, 'waiting_time': 435, 'trip_time': 450, 'num_transfers': 0, 'departure_time': 5295, 'departure_day': 'current_day', 'arrival_time': 6180, 'arrival_day': 'current_day', 'steps': [{'duration': 450, 'departure_time': 5730, 'arrival_time': 6180, 'day': 'current_day', 'from_stop_id': '116-2', 'to_stop_id': '99-2', 'trip_id': '2-1-3', 'agency_name': 'Unknown'}]}",2131.0
40,77,5790,intra,left,24,[38; 58],[77],1000,751,0,0,6541,6601.0,7200.0,7260.0,599.0,0.0,38,77,2255.0,8045.0,pt,7260.0,1470.0,"{'duration': 599, 'source_transfer_time': 0, 'waiting_time': 239, 'trip_time': 360, 'num_transfers': 0, 'departure_time': 6601, 'departure_day': 'current_day', 'arrival_time': 7200, 'arrival_day': 'current_day', 'steps': [{'duration': 360, 'departure_time': 6840, 'arrival_time': 7200, 'day': 'current_day', 'from_stop_id': '38-2', 'to_stop_id': '77-2', 'trip_id': '2-1-5', 'agency_name': 'Unknown'}]}",1470.0
82,66,8190,intra,left,25,[61],[117; 119],1000,751,500,375,8941,9001.0,9810.0,9870.0,809.0,0.0,61,117,2631.0,10821.0,pt,10245.0,2055.0,"{'duration': 809, 'source_transfer_time': 0, 'waiting_time': 269, 'trip_time': 540, 'num_transfers': 0, 'departure_time': 9001, 'departure_day': 'current_day', 'arrival_time': 9810, 'arrival_day': 'current_day', 'steps': [{'duration': 540, 'departure_time': 9270, 'arrival_time': 9810, 'day': 'current_day', 'from_stop_id': '61-1', 'to_stop_id': '117-1', 'trip_id': '1-1-10', 'agency_name': 'Unknown'}]}",2055.0
21,76,10620,intra,left,26,[61],[77],2000,1503,500,375,12123,12183.0,13200.0,13260.0,1017.0,2.0,61,77,4511.0,15131.0,pt,13635.0,3015.0,"{'duration': 1017, 'source_transfer_time': 0, 'waiting_time': 87, 'trip_time': 930, 'num_transfers': 2, 'departure_time': 12183, 'departure_day': 'current_day', 'arrival_time': 13200, 'arrival_day': 'current_day', 'steps': [{'duration': 450, 'departure_time': 12270, 'arrival_time': 12720, 'day': 'current_day', 'from_stop_id': '61-1', 'to_stop_id': 'A-1', 'trip_id': '1-1-15', 'agency_name': 'Unknown'}, {'duration': 30, 'departure_time': 12720, 'arrival_time': 12750, 'day': 'current_day', 'from_stop_id': 'A-1', 'to_stop_id': 'A-2', 'trip_id': 'walking', 'agency_name': 'Unknown'}, {'duration': 180, 'departure_time': 13020, 'arrival_time': 13200, 'day': 'current_day', 'from_stop_id': 'A-2', 'to_stop_id': '77-2', 'trip_id': '2-1-15', 'agency_name': 'Unknown'}]}",3015.0
113,14,11940,intra,left,27,[110],[16],1500,1127,1000,751,13067,13127.0,13980.0,14040.0,853.0,0.0,110,16,5263.0,17203.0,pt,14791.0,2851.0,"{'duration': 853, 'source_transfer_time': 0, 'waiting_time': 43, 'trip_time': 810, 'num_transfers': 0, 'departure_time': 13127, 'departure_day': 'current_day', 'arrival_time': 13980, 'arrival_day': 'current_day', 'steps': [{'duration': 810, 'departure_time': 13170, 'arrival_time': 13980, 'day': 'current_day', 'from_stop_id': '110-2', 'to_stop_id': '16-2', 'trip_id': '2-0-16', 'agency_name': 'Unknown'}]}",2851.0
3,33,4680,intra,left,28,[5],[54],1000,751,1000,751,5431,5491.0,7170.0,7230.0,1679.0,2.0,5,54,2255.0,6935.0,walking,7981.0,3301.0,"{'duration': 1679, 'source_transfer_time': 0, 'waiting_time': 479, 'trip_time': 1200, 'num_transfers': 2, 'departure_time': 5491, 'departure_day': 'current_day', 'arrival_time': 7170, 'arrival_day': 'current_day', 'steps': [{'duration': 450, 'departure_time': 5970, 'arrival_time': 6420, 'day': 'current_day', 'from_stop_id': '5-2', 'to_stop_id': 'A-2', 'trip_id': '2-1-4', 'agency_name': 'Unknown'}, {'duration': 30, 'departure_time': 6420, 'arrival_time': 6450, 'day': 'current_day', 'from_stop_id': 'A-2', 'to_stop_id': 'A-1', 'trip_id': 'walking', 'agency_name': 'Unknown'}, {'duration': 450, 'departure_time': 6720, 'arrival_time': 7170, 'day': 'current_day', 'from_stop_id': 'A-1', 'to_stop_id': '54-1', 'trip_id': '1-1-5', 'agency_name': 'Unknown'}]}",2255.0
105,24,5400,intra,left,29,[54; 110],[27; 56],2500,1879,1500,1127,7279,7339.0,7650.0,7710.0,311.0,0.0,54,56,3759.0,9159.0,pt,8837.0,3437.0,"{'duration': 311, 'source_transfer_time': 0, 'waiting_time': 131, 'trip_time': 180, 'num_transfers': 0, 'departure_time': 7339, 'departure_day': 'current_day', 'arrival_time': 7650, 'arrival_day': 'current_day', 'steps': [{'duration': 180, 'departure_time': 7470, 'arrival_time': 7650, 'day': 'current_day', 'from_stop_id': '54-1', 'to_stop_id': '56-1', 'trip_id': '1-0-7', 'agency_name': 'Unknown'}]}",3437.0
78,195,11100,inter,left,30,[77],[177],500,375,1000,751,11475,11535.0,14190.0,14250.0,2655.0,4.0,77,177,,,pt,15001.0,3901.0,"{'duration': 2655, 'source_transfer_time': 0, 'waiting_time': 105, 'trip_time': 2550, 'num_transfers': 4, 'departure_time': 11535, 'departure_day': 'current_day', 'arrival_time': 14190, 'arrival_day': 'current_day', 'steps': [{'duration': 180, 'departure_time': 11640, 'arrival_time': 11820, 'day': 'current_day', 'from_stop_id': '77-2', 'to_stop_id': 'A-2', 'trip_id': '2-0-13', 'agency_name': 'Unknown'}, {'duration': 30, 'departure_time': 11820, 'arrival_time': 11850, 'day': 'current_day', 'from_stop_id': 'A-2', 'to_stop_id': 'A-0', 'trip_id': 'walking', 'agency_name': 'Unknown'}, {'duration': 1800, 'departure_time': 12000, 'arrival_time': 13800, 'day': 'current_day', 'from_stop_id': 'A-0', 'to_stop_id': 'B-0', 'trip_id': 'IE-8-0', 'agency_name': 'Unknown'}, {'duration': 30, 'departure_time': 13800, 'arrival_time': 13830, 'day': 'current_day', 'from_stop_id': 'B-0', 'to_stop_id': 'B-1', 'trip_id': 'walking', 'agency_name': 'Unknown'}, {'duration': 270, 'departure_time': 13920, 'arrival_time': 14190, 'day': 'current_day', 'from_stop_id': 'B-1', 'to_stop_id': '177-1', 'trip_id': '3-1-17', 'agency_name': 'Unknown'}]}",3901.0
58,141,14340,inter,left,31,[58],[137; 181],0,0,2000,1503,14340,14400.0,18780.0,18840.0,4380.0,4.0,58,137,,,pt,20343.0,6003.0,"{'duration': 4380, 'source_transfer_time': 0, 'waiting_time': 540, 'trip_time': 3840, 'num_transfers': 4, 'departure_time': 14400, 'departure_day': 'current_day', 'arrival_time': 18780, 'arrival_day': 'current_day', 'steps': [{'duration': 180, 'departure_time': 14940, 'arrival_time': 15120, 'day': 'current_day', 'from_stop_id': '58-1', 'to_stop_id': 'A-1', 'trip_id': '1-1-19', 'agency_name': 'Unknown'}, {'duration': 30, 'departure_time': 15120, 'arrival_time': 15150, 'day': 'current_day', 'from_stop_id': 'A-1', 'to_stop_id': 'A-0', 'trip_id': 'walking', 'agency_name': 'Unknown'}, {'duration': 1800, 'departure_time': 16500, 'arrival_time': 18300, 'day': 'current_day', 'from_stop_id': 'A-0', 'to_stop_id': 'B-0', 'trip_id': 'IE-11-0', 'agency_name': 'Unknown'}, {'duration': 30, 'departure_time': 18300, 'arrival_time': 18330, 'day': 'current_day', 'from_stop_id': 'B-0', 'to_stop_id': 'B-2', 'trip_id': 'walking', 'agency_name': 'Unknown'}, {'duration': 360, 'departure_time': 18420, 'arrival_time': 18780, 'day': 'current_day', 'from_stop_id': 'B-2', 'to_stop_id': '137-2', 'trip_id': '4-0-24', 'agency_name': 'Unknown'}]}",6003.0
82,232,7230,inter,left,32,[61],[231],1000,751,500,375,7981,8041.0,11670.0,11730.0,3629.0,4.0,61,231,,,pt,12105.0,4875.0,"{'duration': 3629, 'source_transfer_time': 0, 'waiting_time': 29, 'trip_time': 3600, 'num_transfers': 4, 'departure_time': 8041, 'departure_day': 'current_day', 'arrival_time': 11670, 'arrival_day': 'current_day', 'steps': [{'duration': 450, 'departure_time': 8070, 'arrival_time': 8520, 'day': 'current_day', 'from_stop_id': '61-1', 'to_stop_id': 'A-1', 'trip_id': '1-1-8', 'agency_name': 'Unknown'}, {'duration': 30, 'departure_time': 8520, 'arrival_time': 8550, 'day': 'current_day', 'from_stop_id': 'A-1', 'to_stop_id': 'A-0', 'trip_id': 'walking', 'agency_name': 'Unknown'}, {'duration': 1800, 'departure_time': 9000, 'arrival_time': 10800, 'day': 'current_day', 'from_stop_id': 'A-0', 'to_stop_id': 'B-0', 'trip_id': 'IE-6-0', 'agency_name': 'Unknown'}, {'duration': 30, 'departure_time': 10800, 'arrival_time': 10830, 'day': 'current_day', 'from_stop_id': 'B-0', 'to_stop_id': 'B-2', 'trip_id': 'walking', 'agency_name': 'Unknown'}, {'duration': 450, 'departure_time': 11220, 'arrival_time': 11670, 'day': 'current_day', 'from_stop_id': 'B-2', 'to_stop_id': '231-2', 'trip_id': '4-1-12', 'agency_name': 'Unknown'}]}",4875.0
70,149,12780,inter,left,33,[60],[148],500,375,500,375,13155,13215.0,17490.0,17550.0,4275.0,4.0,60,148,,,pt,17925.0,5145.0,"{'duration': 4275, 'source_transfer_time': 0, 'waiting_time': 345, 'trip_time': 3930, 'num_transfers': 4, 'departure_time': 13215, 'departure_day': 'current_day', 'arrival_time': 17490, 'arrival_day': 'current_day', 'steps': [{'duration': 360, 'departure_time': 13560, 'arrival_time': 13920, 'day': 'current_day', 'from_stop_id': '60-1', 'to_stop_id': 'A-1', 'trip_id': '1-1-17', 'agency_name': 'Unknown'}, {'duration': 30, 'departure_time': 13920, 'arrival_time': 13950, 'day': 'current_day', 'from_stop_id': 'A-1', 'to_stop_id': 'A-0', 'trip_id': 'walking', 'agency_name': 'Unknown'}, {'duration': 1800, 'departure_time': 15000, 'arrival_time': 16800, 'day': 'current_day', 'from_stop_id': 'A-0', 'to_stop_id': 'B-0', 'trip_id': 'IE-10-0', 'agency_name': 'Unknown'}, {'duration': 30, 'departure_time': 16800, 'arrival_time': 16830, 'day': 'current_day', 'from_stop_id': 'B-0', 'to_stop_id': 'B-2', 'trip_id': 'walking', 'agency_name': 'Unknown'}, {'duration': 270, 'departure_time': 17220, 'arrival_time': 17490, 'day': 'current_day', 'from_stop_id': 'B-2', 'to_stop_id': '148-2', 'trip_id': '4-0-22', 'agency_name': 'Unknown'}]}",5145.0
69,232,12300,inter,left,34,[59],[231],500,375,500,375,12675,12735.0,15870.0,15930.0,3135.0,4.0,59,231,,,pt,16305.0,4005.0,"{'duration': 3135, 'source_transfer_time': 0, 'waiting_time': 315, 'trip_time': 2820, 'num_transfers': 4, 'departure_time': 12735, 'departure_day': 'current_day', 'arrival_time': 15870, 'arrival_day': 'current_day', 'steps': [{'duration': 270, 'departure_time': 13050, 'arrival_time': 13320, 'day': 'current_day', 'from_stop_id': '59-1', 'to_stop_id': 'A-1', 'trip_id': '1-1-16', 'agency_name': 'Unknown'}, {'duration': 30, 'departure_time': 13320, 'arrival_time': 13350, 'day': 'current_day', 'from_stop_id': 'A-1', 'to_stop_id': 'A-0', 'trip_id': 'walking', 'agency_name': 'Unknown'}, {'duration': 1800, 'departure_time': 13500, 'arrival_time': 15300, 'day': 'current_day', 'from_stop_id': 'A-0', 'to_stop_id': 'B-0', 'trip_id': 'IE-9-0', 'agency_name': 'Unknown'}, {'duration': 30, 'departure_time': 15300, 'arrival_time': 15330, 'day': 'current_day', 'from_stop_id': 'B-0', 'to_stop_id': 'B-2', 'trip_id': 'walking', 'agency_name': 'Unknown'}, {'duration': 450, 'departure_time': 15420, 'arrival_time': 15870, 'day': 'current_day', 'from_stop_id': 'B-2', 'to_stop_id': '231-2', 'trip_id': '4-1-19', 'agency_name': 'Unknown'}]}",4005.0
91,149,5250,inter,left,35,[59; 88],[148],1500,1127,500,375,6377,6437.0,9690.0,9750.0,3253.0,4.0,59,148,,,pt,10125.0,4875.0,"{'duration': 3253, 'source_transfer_time': 0, 'waiting_time': 13, 'trip_time': 3240, 'num_transfers': 4, 'departure_time': 6437, 'departure_day': 'current_day', 'arrival_time': 9690, 'arrival_day': 'current_day', 'steps': [{'duration': 270, 'departure_time': 6450, 'arrival_time': 6720, 'day': 'current_day', 'from_stop_id': '59-1', 'to_stop_id': 'A-1', 'trip_id': '1-1-5', 'agency_name': 'Unknown'}, {'duration': 30, 'departure_time': 6720, 'arrival_time': 6750, 'day': 'current_day', 'from_stop_id': 'A-1', 'to_stop_id': 'A-0', 'trip_id': 'walking', 'agency_name': 'Unknown'}, {'duration': 1800, 'departure_time': 7500, 'arrival_time': 9300, 'day': 'current_day', 'from_stop_id': 'A-0', 'to_stop_id': 'B-0', 'trip_id': 'IE-5-0', 'agency_name': 'Unknown'}, {'duration': 30, 'departure_time': 9300, 'arrival_time': 9330, 'day': 'current_day', 'from_stop_id': 'B-0', 'to_stop_id': 'B-2', 'trip_id': 'walking', 'agency_name': 'Unknown'}, {'duration': 270, 'departure_time': 9420, 'arrival_time': 9690, 'day': 'current_day', 'from_stop_id': 'B-2', 'to_stop_id': '148-2', 'trip_id': '4-0-9', 'agency_name': 'Unknown'}]}",4875.0
110,167,6360,inter,left,36,[110],[177],0,0,500,375,6360,6420.0,9990.0,10050.0,3570.0,4.0,110,177,,,pt,10425.0,4065.0,"{'duration': 3570, 'source_transfer_time': 0, 'waiting_time': 150, 'trip_time': 3420, 'num_transfers': 4, 'departure_time': 6420, 'departure_day': 'current_day', 'arrival_time': 9990, 'arrival_day': 'current_day', 'steps': [{'duration': 450, 'departure_time': 6570, 'arrival_time': 7020, 'day': 'current_day', 'from_stop_id': '110-2', 'to_stop_id': 'A-2', 'trip_id': '2-0-5', 'agency_name': 'Unknown'}, {'duration': 30, 'departure_time': 7020, 'arrival_time': 7050, 'day': 'current_day', 'from_stop_id': 'A-2', 'to_stop_id': 'A-0', 'trip_id': 'walking', 'agency_name': 'Unknown'}, {'duration': 1800, 'departure_time': 7500, 'arrival_time': 9300, 'day': 'current_day', 'from_stop_id': 'A-0', 'to_stop_id': 'B-0', 'trip_id': 'IE-5-0', 'agency_name': 'Unknown'}, {'duration': 30, 'departure_time': 9300, 'arrival_time': 9330, 'day': 'current_day', 'from_stop_id': 'B-0', 'to_stop_id': 'B-1', 'trip_id': 'walking', 'agency_name': 'Unknown'}, {'duration': 270, 'departure_time': 9720, 'arrival_time': 9990, 'day': 'current_day', 'from_stop_id': 'B-1', 'to_stop_id': '177-1', 'trip_id': '3-1-10', 'agency_name': 'Unknown'}]}",4065.0
78,206,5490,inter,left,37,[77],[177; 209],500,375,1500,1127,5865,5925.0,9690.0,9750.0,3765.0,4.0,77,209,,,pt,10877.0,5387.0,"{'duration': 3765, 'source_transfer_time': 0, 'waiting_time': 315, 'trip_time': 3450, 'num_transfers': 4, 'departure_time': 5925, 'departure_day': 'current_day', 'arrival_time': 9690, 'arrival_day': 'current_day', 'steps': [{'duration': 180, 'departure_time': 6240, 'arrival_time': 6420, 'day': 'current_day', 'from_stop_id': '77-2', 'to_stop_id': 'A-2', 'trip_id': '2-0-4', 'agency_name': 'Unknown'}, {'duration': 30, 'departure_time': 6420, 'arrival_time': 6450, 'day': 'current_day', 'from_stop_id': 'A-2', 'to_stop_id': 'A-0', 'trip_id': 'walking', 'agency_name': 'Unknown'}, {'duration': 1800, 'departure_time': 7500, 'arrival_time': 9300, 'day': 'current_day', 'from_stop_id': 'A-0', 'to_stop_id': 'B-0', 'trip_id': 'IE-5-0', 'agency_name': 'Unknown'}, {'duration': 30, 'departure_time': 9300, 'arrival_time': 9330, 'day': 'current_day', 'from_stop_id': 'B-0', 'to_stop_id': 'B-2', 'trip_id': 'walking', 'agency_name': 'Unknown'}, {'duration': 270, 'departure_time': 9420, 'arrival_time': 9690, 'day': 'current_day', 'from_stop_id': 'B-2', 'to_stop_id': '209-2', 'trip_id': '4-1-9', 'agency_name': 'Unknown'}]}",5387.0
108,165,11310,inter,left,38,[110],[175],1000,751,500,375,12061,12121.0,16170.0,16230.0,4049.0,4.0,110,175,,,pt,16605.0,5295.0,"{'duration': 4049, 'source_transfer_time': 0, 'waiting_time': 449, 'trip_time': 3600, 'num_transfers': 4, 'departure_time': 12121, 'departure_day': 'current_day', 'arrival_time': 16170, 'arrival_day': 'current_day', 'steps': [{'duration': 450, 'departure_time': 12570, 'arrival_time': 13020, 'day': 'current_day', 'from_stop_id': '110-2', 'to_stop_id': 'A-2', 'trip_id': '2-0-15', 'agency_name': 'Unknown'}, {'duration': 30, 'departure_time': 13020, 'arrival_time': 13050, 'day': 'current_day', 'from_stop_id': 'A-2', 'to_stop_id': 'A-0', 'trip_id': 'walking', 'agency_name': 'Unknown'}, {'duration': 1800, 'departure_time': 13500, 'arrival_time': 15300, 'day': 'current_day', 'from_stop_id': 'A-0', 'to_stop_id': 'B-0', 'trip_id': 'IE-9-0', 'agency_name': 'Unknown'}, {'duration': 30, 'departure_time': 15300, 'arrival_time': 15330, 'day': 'current_day', 'from_stop_id': 'B-0', 'to_stop_id': 'B-1', 'trip_id': 'walking', 'agency_name': 'Unknown'}, {'duration': 450, 'departure_time': 15720, 'arrival_time': 16170, 'day': 'current_day', 'from_stop_id': 'B-1', 'to_stop_id': '175-1', 'trip_id': '3-1-20', 'agency_name': 'Unknown'}]}",5295.0
108,138,6330,inter,left,39,[110],[137],1000,751,500,375,7081,7141.0,11580.0,11640.0,4439.0,4.0,110,137,,,pt,12015.0,5685.0,"{'duration': 4439, 'source_transfer_time': 0, 'waiting_time': 29, 'trip_time': 4410, 'num_transfers': 4, 'departure_time': 7141, 'departure_day': 'current_day', 'arrival_time': 11580, 'arrival_day': 'current_day', 'steps': [{'duration': 450, 'departure_time': 7170, 'arrival_time': 7620, 'day': 'current_day', 'from_stop_id': '110-2', 'to_stop_id': 'A-2', 'trip_id': '2-0-6', 'agency_name': 'Unknown'}, {'duration': 30, 'departure_time': 7620, 'arrival_time': 7650, 'day': 'current_day', 'from_stop_id': 'A-2', 'to_stop_id': 'A-0', 'trip_id': 'walking', 'agency_name': 'Unknown'}, {'duration': 1800, 'departure_time': 9000, 'arrival_time': 10800, 'day': 'current_day', 'from_stop_id': 'A-0', 'to_stop_id': 'B-0', 'trip_id': 'IE-6-0', 'agency_name': 'Unknown'}, {'duration': 30, 'departure_time': 10800, 'arrival_time': 10830, 'day': 'current_day', 'from_stop_id': 'B-0', 'to_stop_id': 'B-2', 'trip_id': 'walking', 'agency_name': 'Unknown'}, {'duration': 360, 'departure_time': 11220, 'arrival_time': 11580, 'day': 'current_day', 'from_stop_id': 'B-2', 'to_stop_id': '137-2', 'trip_id': '4-0-12', 'agency_name': 'Unknown'}]}",5685.0
7,206,10440,inter,left,40,[5],[177; 209],1000,751,1500,1127,11191,11251.0,14190.0,14250.0,2939.0,4.0,5,177,,,pt,15377.0,4937.0,"{'duration': 2939, 'source_transfer_time': 0, 'waiting_time': 119, 'trip_time': 2820, 'num_transfers': 4, 'departure_time': 11251, 'departure_day': 'current_day', 'arrival_time': 14190, 'arrival_day': 'current_day', 'steps': [{'duration': 450, 'departure_time': 11370, 'arrival_time': 11820, 'day': 'current_day', 'from_stop_id': '5-2', 'to_stop_id': 'A-2', 'trip_id': '2-1-13', 'agency_name': 'Unknown'}, {'duration': 30, 'departure_time': 11820, 'arrival_time': 11850, 'day': 'current_day', 'from_stop_id': 'A-2', 'to_stop_id': 'A-0', 'trip_id': 'walking', 'agency_name': 'Unknown'}, {'duration': 1800, 'departure_time': 12000, 'arrival_time': 13800, 'day': 'current_day', 'from_stop_id': 'A-0', 'to_stop_id': 'B-0', 'trip_id': 'IE-8-0', 'agency_name': 'Unknown'}, {'duration': 30, 'departure_time': 13800, 'arrival_time': 13830, 'day': 'current_day', 'from_stop_id': 'B-0', 'to_stop_id': 'B-1', 'trip_id': 'walking', 'agency_name': 'Unknown'}, {'duration': 270, 'departure_time': 13920, 'arrival_time': 14190, 'day': 'current_day', 'from_stop_id': 'B-1', 'to_stop_id': '177-1', 'trip_id': '3-1-17', 'agency_name': 'Unknown'}]}",4937.0
50,209,5910,inter,left,41,[58],[209],500,375,0,0,6285,6345.0,9690.0,9750.0,3345.0,4.0,58,209,,,pt,9750.0,3840.0,"{'duration': 3345, 'source_transfer_time': 0, 'waiting_time': 195, 'trip_time': 3150, 'num_transfers': 4, 'departure_time': 6345, 'departure_day': 'current_day', 'arrival_time': 9690, 'arrival_day': 'current_day', 'steps': [{'duration': 180, 'departure_time': 6540, 'arrival_time': 6720, 'day': 'current_day', 'from_stop_id': '58-1', 'to_stop_id': 'A-1', 'trip_id': '1-1-5', 'agency_name': 'Unknown'}, {'duration': 30, 'departure_time': 6720, 'arrival_time': 6750, 'day': 'current_day', 'from_stop_id': 'A-1', 'to_stop_id': 'A-0', 'trip_id': 'walking', 'agency_name': 'Unknown'}, {'duration': 1800, 'departure_time': 7500, 'arrival_time': 9300, 'day': 'current_day', 'from_stop_id': 'A-0', 'to_stop_id': 'B-0', 'trip_id': 'IE-5-0', 'agency_name': 'Unknown'}, {'duration': 30, 'departure_time': 9300, 'arrival_time': 9330, 'day': 'current_day', 'from_stop_id': 'B-0', 'to_stop_id': 'B-2', 'trip_id': 'walking', 'agency_name': 'Unknown'}, {'duration': 270, 'departure_time': 9420, 'arrival_time': 9690, 'day': 'current_day', 'from_stop_id': 'B-2', 'to_stop_id': '209-2', 'trip_id': '4-1-9', 'agency_name': 'Unknown'}]}",3840.0
80,227,5880,inter,left,42,[59],[231],1000,751,2000,1503,6631,6691.0,9870.0,9930.0,3179.0,4.0,59,231,,,pt,11433.0,5553.0,"{'duration': 3179, 'source_transfer_time': 0, 'waiting_time': 359, 'trip_time': 2820, 'num_transfers': 4, 'departure_time': 6691, 'departure_day': 'current_day', 'arrival_time': 9870, 'arrival_day': 'current_day', 'steps': [{'duration': 270, 'departure_time': 7050, 'arrival_time': 7320, 'day': 'current_day', 'from_stop_id': '59-1', 'to_stop_id': 'A-1', 'trip_id': '1-1-6', 'agency_name': 'Unknown'}, {'duration': 30, 'departure_time': 7320, 'arrival_time': 7350, 'day': 'current_day', 'from_stop_id': 'A-1', 'to_stop_id': 'A-0', 'trip_id': 'walking', 'agency_name': 'Unknown'}, {'duration': 1800, 'departure_time': 7500, 'arrival_time': 9300, 'day': 'current_day', 'from_stop_id': 'A-0', 'to_stop_id': 'B-0', 'trip_id': 'IE-5-0', 'agency_name': 'Unknown'}, {'duration': 30, 'departure_time': 9300, 'arrival_time': 9330, 'day': 'current_day', 'from_stop_id': 'B-0', 'to_stop_id': 'B-2', 'trip_id': 'walking', 'agency_name': 'Unknown'}, {'duration': 450, 'departure_time': 9420, 'arrival_time': 9870, 'day': 'current_day', 'from_stop_id': 'B-2', 'to_stop_id': '231-2', 'trip_id': '4-1-9', 'agency_name': 'Unknown'}]}",5553.0
45,165,7200,inter,left,43,[55],[175],500,375,500,375,7575,7635.0,11370.0,11430.0,3735.0,4.0,55,175,,,pt,11805.0,4605.0,"{'duration': 3735, 'source_transfer_time': 0, 'waiting_time': 525, 'trip_time': 3210, 'num_transfers': 4, 'departure_time': 7635, 'departure_day': 'current_day', 'arrival_time': 11370, 'arrival_day': 'current_day', 'steps': [{'duration': 360, 'departure_time': 8160, 'arrival_time': 8520, 'day': 'current_day', 'from_stop_id': '55-1', 'to_stop_id': 'A-1', 'trip_id': '1-0-8', 'agency_name': 'Unknown'}, {'duration': 30, 'departure_time': 8520, 'arrival_time': 8550, 'day': 'current_day', 'from_stop_id': 'A-1', 'to_stop_id': 'A-0', 'trip_id': 'walking', 'agency_name': 'Unknown'}, {'duration': 1800, 'departure_time': 9000, 'arrival_time': 10800, 'day': 'current_day', 'from_stop_id': 'A-0', 'to_stop_id': 'B-0', 'trip_id': 'IE-6-0', 'agency_name': 'Unknown'}, {'duration': 30, 'departure_time': 10800, 'arrival_time': 10830, 'day': 'current_day', 'from_stop_id': 'B-0', 'to_stop_id': 'B-1', 'trip_id': 'walking', 'agency_name': 'Unknown'}, {'duration': 450, 'departure_time': 10920, 'arrival_time': 11370, 'day': 'current_day', 'from_stop_id': 'B-1', 'to_stop_id': '175-1', 'trip_id': '3-1-12', 'agency_name': 'Unknown'}]}",4605.0
79,178,9720,inter,left,44,[58; 77],[178],1000,751,0,0,10471,10531.0,14100.0,14160.0,3569.0,4.0,58,178,,,pt,14160.0,4440.0,"{'duration': 3569, 'source_transfer_time': 0, 'waiting_time': 209, 'trip_time': 3360, 'num_transfers': 4, 'departure_time': 10531, 'departure_day': 'current_day', 'arrival_time': 14100, 'arrival_day': 'current_day', 'steps': [{'duration': 180, 'departure_time': 10740, 'arrival_time': 10920, 'day': 'current_day', 'from_stop_id': '58-1', 'to_stop_id': 'A-1', 'trip_id': '1-1-12', 'agency_name': 'Unknown'}, {'duration': 30, 'departure_time': 10920, 'arrival_time': 10950, 'day': 'current_day', 'from_stop_id': 'A-1', 'to_stop_id': 'A-0', 'trip_id': 'walking', 'agency_name': 'Unknown'}, {'duration': 1800, 'departure_time': 12000, 'arrival_time': 13800, 'day': 'current_day', 'from_stop_id': 'A-0', 'to_stop_id': 'B-0', 'trip_id': 'IE-8-0', 'agency_name': 'Unknown'}, {'duration': 30, 'departure_time': 13800, 'arrival_time': 13830, 'day': 'current_day', 'from_stop_id': 'B-0', 'to_stop_id': 'B-1', 'trip_id': 'walking', 'agency_name': 'Unknown'}, {'duration': 180, 'departure_time': 13920, 'arrival_time': 14100, 'day': 'current_day', 'from_stop_id': 'B-1', 'to_stop_id': '178-1', 'trip_id': '3-1-17', 'agency_name': 'Unknown'}]}",4440.0
110,167,8130,inter,left,45,[110],[177],0,0,500,375,8130,8190.0,11190.0,11250.0,3000.0,4.0,110,177,,,pt,11625.0,3495.0,"{'duration': 3000, 'source_transfer_time': 0, 'waiting_time': 180, 'trip_time': 2820, 'num_transfers': 4, 'departure_time': 8190, 'departure_day': 'current_day', 'arrival_time': 11190, 'arrival_day': 'current_day', 'steps': [{'duration': 450, 'departure_time': 8370, 'arrival_time': 8820, 'day': 'current_day', 'from_stop_id': '110-2', 'to_stop_id': 'A-2', 'trip_id': '2-0-8', 'agency_name': 'Unknown'}, {'duration': 30, 'departure_time': 8820, 'arrival_time': 8850, 'day': 'current_day', 'from_stop_id': 'A-2', 'to_stop_id': 'A-0', 'trip_id': 'walking', 'agency_name': 'Unknown'}, {'duration': 1800, 'departure_time': 9000, 'arrival_time': 10800, 'day': 'current_day', 'from_stop_id': 'A-0', 'to_stop_id': 'B-0', 'trip_id': 'IE-6-0', 'agency_name': 'Unknown'}, {'duration': 30, 'departure_time': 10800, 'arrival_time': 10830, 'day': 'current_day', 'from_stop_id': 'B-0', 'to_stop_id': 'B-1', 'trip_id': 'walking', 'agency_name': 'Unknown'}, {'duration': 270, 'departure_time': 10920, 'arrival_time': 11190, 'day': 'current_day', 'from_stop_id': 'B-1', 'to_stop_id': '177-1', 'trip_id': '3-1-12', 'agency_name': 'Unknown'}]}",3495.0
22,169,12450,inter,left,46,[54],[237; 238],1500,1127,500,375,13577,13637.0,17010.0,17070.0,3373.0,4.0,54,238,,,pt,17445.0,4995.0,"{'duration': 3373, 'source_transfer_time': 0, 'waiting_time': 433, 'trip_time': 2940, 'num_transfers': 4, 'departure_time': 13637, 'departure_day': 'current_day', 'arrival_time': 17010, 'arrival_day': 'current_day', 'steps': [{'duration': 450, 'departure_time': 14070, 'arrival_time': 14520, 'day': 'current_day', 'from_stop_id': '54-1', 'to_stop_id': 'A-1', 'trip_id': '1-0-18', 'agency_name': 'Unknown'}, {'duration': 30, 'departure_time': 14520, 'arrival_time': 14550, 'day': 'current_day', 'from_stop_id': 'A-1', 'to_stop_id': 'A-0', 'trip_id': 'walking', 'agency_name': 'Unknown'}, {'duration': 1800, 'departure_time': 15000, 'arrival_time': 16800, 'day': 'current_day', 'from_stop_id': 'A-0', 'to_stop_id': 'B-0', 'trip_id': 'IE-10-0', 'agency_name': 'Unknown'}, {'duration': 30, 'departure_time': 16800, 'arrival_time': 16830, 'day': 'current_day', 'from_stop_id': 'B-0', 'to_stop_id': 'B-1', 'trip_id': 'walking', 'agency_name': 'Unknown'}, {'duration': 90, 'departure_time': 16920, 'arrival_time': 17010, 'day': 'current_day', 'from_stop_id': 'B-1', 'to_stop_id': '238-1', 'trip_id': '3-1-22', 'agency_name': 'Unknown'}]}",4995.0
91,158,6810,inter,left,47,[59; 88],[159],1500,1127,500,375,7937,7997.0,11400.0,11460.0,3403.0,4.0,59,159,,,pt,11835.0,5025.0,"{'duration': 3403, 'source_transfer_time': 0, 'waiting_time': 253, 'trip_time': 3150, 'num_transfers': 4, 'departure_time': 7997, 'departure_day': 'current_day', 'arrival_time': 11400, 'arrival_day': 'current_day', 'steps': [{'duration': 270, 'departure_time': 8250, 'arrival_time': 8520, 'day': 'current_day', 'from_stop_id': '59-1', 'to_stop_id': 'A-1', 'trip_id': '1-1-8', 'agency_name': 'Unknown'}, {'duration': 30, 'departure_time': 8520, 'arrival_time': 8550, 'day': 'current_day', 'from_stop_id': 'A-1', 'to_stop_id': 'A-0', 'trip_id': 'walking', 'agency_name': 'Unknown'}, {'duration': 1800, 'departure_time': 9000, 'arrival_time': 10800, 'day': 'current_day', 'from_stop_id': 'A-0', 'to_stop_id': 'B-0', 'trip_id': 'IE-6-0', 'agency_name': 'Unknown'}, {'duration': 30, 'departure_time': 10800, 'arrival_time': 10830, 'day': 'current_day', 'from_stop_id': 'B-0', 'to_stop_id': 'B-2', 'trip_id': 'walking', 'agency_name': 'Unknown'}, {'duration': 180, 'departure_time': 11220, 'arrival_time': 11400, 'day': 'current_day', 'from_stop_id': 'B-2', 'to_stop_id': '159-2', 'trip_id': '4-0-12', 'agency_name': 'Unknown'}]}",5025.0
33,209,11940,inter,left,48,[54],[209],1000,751,0,0,12691,12751.0,15690.0,15750.0,2939.0,4.0,54,209,,,pt,15750.0,3810.0,"{'duration': 2939, 'source_transfer_time': 0, 'waiting_time': 119, 'trip_time': 2820, 'num_transfers': 4, 'departure_time': 12751, 'departure_day': 'current_day', 'arrival_time': 15690, 'arrival_day': 'current_day', 'steps': [{'duration': 450, 'departure_time': 12870, 'arrival_time': 13320, 'day': 'current_day', 'from_stop_id': '54-1', 'to_stop_id': 'A-1', 'trip_id': '1-0-16', 'agency_name': 'Unknown'}, {'duration': 30, 'departure_time': 13320, 'arrival_time': 13350, 'day': 'current_day', 'from_stop_id': 'A-1', 'to_stop_id': 'A-0', 'trip_id': 'walking', 'agency_name': 'Unknown'}, {'duration': 1800, 'departure_time': 13500, 'arrival_time': 15300, 'day': 'current_day', 'from_stop_id': 'A-0', 'to_stop_id': 'B-0', 'trip_id': 'IE-9-0', 'agency_name': 'Unknown'}, {'duration': 30, 'departure_time': 15300, 'arrival_time': 15330, 'day': 'current_day', 'from_stop_id': 'B-0', 'to_stop_id': 'B-2', 'trip_id': 'walking', 'agency_name': 'Unknown'}, {'duration': 270, 'departure_time': 15420, 'arrival_time': 15690, 'day': 'current_day', 'from_stop_id': 'B-2', 'to_stop_id': '209-2', 'trip_id': '4-1-19', 'agency_name': 'Unknown'}]}",3810.0
51,216,13410,inter,left,49,[59],[176; 220],500,375,2000,1503,13785,13845.0,17280.0,17340.0,3435.0,4.0,59,176,,,pt,18843.0,5433.0,"{'duration': 3435, 'source_transfer_time': 0, 'waiting_time': 405, 'trip_time': 3030, 'num_transfers': 4, 'departure_time': 13845, 'departure_day': 'current_day', 'arrival_time': 17280, 'arrival_day': 'current_day', 'steps': [{'duration': 270, 'departure_time': 14250, 'arrival_time': 14520, 'day': 'current_day', 'from_stop_id': '59-1', 'to_stop_id': 'A-1', 'trip_id': '1-1-18', 'agency_name': 'Unknown'}, {'duration': 30, 'departure_time': 14520, 'arrival_time': 14550, 'day': 'current_day', 'from_stop_id': 'A-1', 'to_stop_id': 'A-0', 'trip_id': 'walking', 'agency_name': 'Unknown'}, {'duration': 1800, 'departure_time': 15000, 'arrival_time': 16800, 'day': 'current_day', 'from_stop_id': 'A-0', 'to_stop_id': 'B-0', 'trip_id': 'IE-10-0', 'agency_name': 'Unknown'}, {'duration': 30, 'departure_time': 16800, 'arrival_time': 16830, 'day': 'current_day', 'from_stop_id': 'B-0', 'to_stop_id': 'B-1', 'trip_id': 'walking', 'agency_name': 'Unknown'}, {'duration': 360, 'departure_time': 16920, 'arrival_time': 17280, 'day': 'current_day', 'from_stop_id': 'B-1', 'to_stop_id': '176-1', 'trip_id': '3-1-22', 'agency_name': 'Unknown'}]}",5433.0
71,228,13440,inter,left,50,[61],[231],500,375,1500,1127,13815,13875.0,17670.0,17730.0,3795.0,4.0,61,231,,,pt,18857.0,5417.0,"{'duration': 3795, 'source_transfer_time': 0, 'waiting_time': 195, 'trip_time': 3600, 'num_transfers': 4, 'departure_time': 13875, 'departure_day': 'current_day', 'arrival_time': 17670, 'arrival_day': 'current_day', 'steps': [{'duration': 450, 'departure_time': 14070, 'arrival_time': 14520, 'day': 'current_day', 'from_stop_id': '61-1', 'to_stop_id': 'A-1', 'trip_id': '1-1-18', 'agency_name': 'Unknown'}, {'duration': 30, 'departure_time': 14520, 'arrival_time': 14550, 'day': 'current_day', 'from_stop_id': 'A-1', 'to_stop_id': 'A-0', 'trip_id': 'walking', 'agency_name': 'Unknown'}, {'duration': 1800, 'departure_time': 15000, 'arrival_time': 16800, 'day': 'current_day', 'from_stop_id': 'A-0', 'to_stop_id': 'B-0', 'trip_id': 'IE-10-0', 'agency_name': 'Unknown'}, {'duration': 30, 'departure_time': 16800, 'arrival_time': 16830, 'day': 'current_day', 'from_stop_id': 'B-0', 'to_stop_id': 'B-2', 'trip_id': 'walking', 'agency_name': 'Unknown'}, {'duration': 450, 'departure_time': 17220, 'arrival_time': 17670, 'day': 'current_day', 'from_stop_id': 'B-2', 'to_stop_id': '231-2', 'trip_id': '4-1-22', 'agency_name': 'Unknown'}]}",5417.0
79,160,14250,inter,left,51,[58; 77],[159],1000,751,500,375,15001,15061.0,18600.0,18660.0,3539.0,4.0,58,159,,,pt,19035.0,4785.0,"{'duration': 3539, 'source_transfer_time': 0, 'waiting_time': 479, 'trip_time': 3060, 'num_transfers': 4, 'departure_time': 15061, 'departure_day': 'current_day', 'arrival_time': 18600, 'arrival_day': 'current_day', 'steps': [{'duration': 180, 'departure_time': 15540, 'arrival_time': 15720, 'day': 'current_day', 'from_stop_id': '58-1', 'to_stop_id': 'A-1', 'trip_id': '1-1-20', 'agency_name': 'Unknown'}, {'duration': 30, 'departure_time': 15720, 'arrival_time': 15750, 'day': 'current_day', 'from_stop_id': 'A-1', 'to_stop_id': 'A-0', 'trip_id': 'walking', 'agency_name': 'Unknown'}, {'duration': 1800, 'departure_time': 16500, 'arrival_time': 18300, 'day': 'current_day', 'from_stop_id': 'A-0', 'to_stop_id': 'B-0', 'trip_id': 'IE-11-0', 'agency_name': 'Unknown'}, {'duration': 30, 'departure_time': 18300, 'arrival_time': 18330, 'day': 'current_day', 'from_stop_id': 'B-0', 'to_stop_id': 'B-2', 'trip_id': 'walking', 'agency_name': 'Unknown'}, {'duration': 180, 'departure_time': 18420, 'arrival_time': 18600, 'day': 'current_day', 'from_stop_id': 'B-2', 'to_stop_id': '159-2', 'trip_id': '4-0-24', 'agency_name': 'Unknown'}]}",4785.0
42,126,5310,inter,left,52,[60],[126],1000,751,0,0,6061,6121.0,9870.0,9930.0,3749.0,4.0,60,126,,,pt,9930.0,4620.0,"{'duration': 3749, 'source_transfer_time': 0, 'waiting_time': 239, 'trip_time': 3510, 'num_transfers': 4, 'departure_time': 6121, 'departure_day': 'current_day', 'arrival_time': 9870, 'arrival_day': 'current_day', 'steps': [{'duration': 360, 'departure_time': 6360, 'arrival_time': 6720, 'day': 'current_day', 'from_stop_id': '60-1', 'to_stop_id': 'A-1', 'trip_id': '1-1-5', 'agency_name': 'Unknown'}, {'duration': 30, 'departure_time': 6720, 'arrival_time': 6750, 'day': 'current_day', 'from_stop_id': 'A-1', 'to_stop_id': 'A-0', 'trip_id': 'walking', 'agency_name': 'Unknown'}, {'duration': 1800, 'departure_time': 7500, 'arrival_time': 9300, 'day': 'current_day', 'from_stop_id': 'A-0', 'to_stop_id': 'B-0', 'trip_id': 'IE-5-0', 'agency_name': 'Unknown'}, {'duration': 30, 'departure_time': 9300, 'arrival_time': 9330, 'day': 'current_day', 'from_stop_id': 'B-0', 'to_stop_id': 'B-2', 'trip_id': 'walking', 'agency_name': 'Unknown'}, {'duration': 450, 'departure_time': 9420, 'arrival_time': 9870, 'day': 'current_day', 'from_stop_id': 'B-2', 'to_stop_id': '126-2', 'trip_id': '4-0-9', 'agency_name': 'Unknown'}]}",4620.0
96,144,6210,inter,left,53,[99],[176],1500,1127,1500,1127,7337,7397.0,11280.0,11340.0,3883.0,4.0,99,176,,,pt,12467.0,6257.0,"{'duration': 3883, 'source_transfer_time': 0, 'waiting_time': 463, 'trip_time': 3420, 'num_transfers': 4, 'departure_time': 7397, 'departure_day': 'current_day', 'arrival_time': 11280, 'arrival_day': 'current_day', 'steps': [{'duration': 360, 'departure_time': 7860, 'arrival_time': 8220, 'day': 'current_day', 'from_stop_id': '99-2', 'to_stop_id': 'A-2', 'trip_id': '2-0-7', 'agency_name': 'Unknown'}, {'duration': 30, 'departure_time': 8220, 'arrival_time': 8250, 'day': 'current_day', 'from_stop_id': 'A-2', 'to_stop_id': 'A-0', 'trip_id': 'walking', 'agency_name': 'Unknown'}, {'duration': 1800, 'departure_time': 9000, 'arrival_time': 10800, 'day': 'current_day', 'from_stop_id': 'A-0', 'to_stop_id': 'B-0', 'trip_id': 'IE-6-0', 'agency_name': 'Unknown'}, {'duration': 30, 'departure_time': 10800, 'arrival_time': 10830, 'day': 'current_day', 'from_stop_id': 'B-0', 'to_stop_id': 'B-1', 'trip_id': 'walking', 'agency_name': 'Unknown'}, {'duration': 360, 'departure_time': 10920, 'arrival_time': 11280, 'day': 'current_day', 'from_stop_id': 'B-1', 'to_stop_id': '176-1', 'trip_id': '3-1-12', 'agency_name': 'Unknown'}]}",6257.0
45,152,7920,inter,left,54,[55],[181],500,375,1500,1127,8295,8355.0,13080.0,13140.0,4725.0,4.0,55,181,,,pt,14267.0,6347.0,"{'duration': 4725, 'source_transfer_time': 0, 'waiting_time': 405, 'trip_time': 4320, 'num_transfers': 4, 'departure_time': 8355, 'departure_day': 'current_day', 'arrival_time': 13080, 'arrival_day': 'current_day', 'steps': [{'duration': 360, 'departure_time': 8760, 'arrival_time': 9120, 'day': 'current_day', 'from_stop_id': '55-1', 'to_stop_id': 'A-1', 'trip_id': '1-0-9', 'agency_name': 'Unknown'}, {'duration': 30, 'departure_time': 9120, 'arrival_time': 9150, 'day': 'current_day', 'from_stop_id': 'A-1', 'to_stop_id': 'A-0', 'trip_id': 'walking', 'agency_name': 'Unknown'}, {'duration': 1800, 'departure_time': 10500, 'arrival_time': 12300, 'day': 'current_day', 'from_stop_id': 'A-0', 'to_stop_id': 'B-0', 'trip_id': 'IE-7-0', 'agency_name': 'Unknown'}, {'duration': 30, 'departure_time': 12300, 'arrival_time': 12330, 'day': 'current_day', 'from_stop_id': 'B-0', 'to_stop_id': 'B-1', 'trip_id': 'walking', 'agency_name': 'Unknown'}, {'duration': 360, 'departure_time': 12720, 'arrival_time': 13080, 'day': 'current_day', 'from_stop_id': 'B-1', 'to_stop_id': '181-1', 'trip_id': '3-0-15', 'agency_name': 'Unknown'}]}",6347.0
99,190,4650,inter,left,55,[99],[180],0,0,500,375,4650,4710.0,8190.0,8250.0,3480.0,4.0,99,180,,,pt,8625.0,3975.0,"{'duration': 3480, 'source_transfer_time': 0, 'waiting_time': 150, 'trip_time': 3330, 'num_transfers': 4, 'departure_time': 4710, 'departure_day': 'current_day', 'arrival_time': 8190, 'arrival_day': 'current_day', 'steps': [{'duration': 360, 'departure_time': 4860, 'arrival_time': 5220, 'day': 'current_day', 'from_stop_id': '99-2', 'to_stop_id': 'A-2', 'trip_id': '2-0-2', 'agency_name': 'Unknown'}, {'duration': 30, 'departure_time': 5220, 'arrival_time': 5250, 'day': 'current_day', 'from_stop_id': 'A-2', 'to_stop_id': 'A-0', 'trip_id': 'walking', 'agency_name': 'Unknown'}, {'duration': 1800, 'departure_time': 6000, 'arrival_time': 7800, 'day': 'current_day', 'from_stop_id': 'A-0', 'to_stop_id': 'B-0', 'trip_id': 'IE-4-0', 'agency_name': 'Unknown'}, {'duration': 30, 'departure_time': 7800, 'arrival_time': 7830, 'day': 'current_day', 'from_stop_id': 'B-0', 'to_stop_id': 'B-1', 'trip_id': 'walking', 'agency_name': 'Unknown'}, {'duration': 270, 'departure_time': 7920, 'arrival_time': 8190, 'day': 'current_day', 'from_stop_id': 'B-1', 'to_stop_id': '180-1', 'trip_id': '3-0-7', 'agency_name': 'Unknown'}]}",3975.0
109,123,14250,inter,left,56,[110],[126],500,375,1500,1127,14625,14685.0,18870.0,18930.0,4185.0,4.0,110,126,,,pt,20057.0,5807.0,"{'duration': 4185, 'source_transfer_time': 0, 'waiting_time': 285, 'trip_time': 3900, 'num_transfers': 4, 'departure_time': 14685, 'departure_day': 'current_day', 'arrival_time': 18870, 'arrival_day': 'current_day', 'steps': [{'duration': 450, 'departure_time': 14970, 'arrival_time': 15420, 'day': 'current_day', 'from_stop_id': '110-2', 'to_stop_id': 'A-2', 'trip_id': '2-0-19', 'agency_name': 'Unknown'}, {'duration': 30, 'departure_time': 15420, 'arrival_time': 15450, 'day': 'current_day', 'from_stop_id': 'A-2', 'to_stop_id': 'A-0', 'trip_id': 'walking', 'agency_name': 'Unknown'}, {'duration': 1800, 'departure_time': 16500, 'arrival_time': 18300, 'day': 'current_day', 'from_stop_id': 'A-0', 'to_stop_id': 'B-0', 'trip_id': 'IE-11-0', 'agency_name': 'Unknown'}, {'duration': 30, 'departure_time': 18300, 'arrival_time': 18330, 'day': 'current_day', 'from_stop_id': 'B-0', 'to_stop_id': 'B-2', 'trip_id': 'walking', 'agency_name': 'Unknown'}, {'duration': 450, 'departure_time': 18420, 'arrival_time': 18870, 'day': 'current_day', 'from_stop_id': 'B-2', 'to_stop_id': '126-2', 'trip_id': '4-0-24', 'agency_name': 'Unknown'}]}",5807.0
14,141,7350,inter,left,57,[16],[137; 181],1000,751,2000,1503,8101,8161.0,11280.0,11340.0,3119.0,4.0,16,181,,,pt,12843.0,5493.0,"{'duration': 3119, 'source_transfer_time': 0, 'waiting_time': 299, 'trip_time': 2820, 'num_transfers': 4, 'departure_time': 8161, 'departure_day': 'current_day', 'arrival_time': 11280, 'arrival_day': 'current_day', 'steps': [{'duration': 360, 'departure_time': 8460, 'arrival_time': 8820, 'day': 'current_day', 'from_stop_id': '16-2', 'to_stop_id': 'A-2', 'trip_id': '2-1-8', 'agency_name': 'Unknown'}, {'duration': 30, 'departure_time': 8820, 'arrival_time': 8850, 'day': 'current_day', 'from_stop_id': 'A-2', 'to_stop_id': 'A-0', 'trip_id': 'walking', 'agency_name': 'Unknown'}, {'duration': 1800, 'departure_time': 9000, 'arrival_time': 10800, 'day': 'current_day', 'from_stop_id': 'A-0', 'to_stop_id': 'B-0', 'trip_id': 'IE-6-0', 'agency_name': 'Unknown'}, {'duration': 30, 'departure_time': 10800, 'arrival_time': 10830, 'day': 'current_day', 'from_stop_id': 'B-0', 'to_stop_id': 'B-1', 'trip_id': 'walking', 'agency_name': 'Unknown'}, {'duration': 360, 'departure_time': 10920, 'arrival_time': 11280, 'day': 'current_day', 'from_stop_id': 'B-1', 'to_stop_id': '181-1', 'trip_id': '3-0-12', 'agency_name': 'Unknown'}]}",5493.0
29,178,6660,inter,left,58,[27],[178],1000,751,0,0,7411,7471.0,11100.0,11160.0,3629.0,4.0,27,178,,,pt,11160.0,4500.0,"{'duration': 3629, 'source_transfer_time': 0, 'waiting_time': 479, 'trip_time': 3150, 'num_transfers': 4, 'departure_time': 7471, 'departure_day': 'current_day', 'arrival_time': 11100, 'arrival_day': 'current_day', 'steps': [{'duration': 270, 'departure_time': 7950, 'arrival_time': 8220, 'day': 'current_day', 'from_stop_id': '27-2', 'to_stop_id': 'A-2', 'trip_id': '2-1-7', 'agency_name': 'Unknown'}, {'duration': 30, 'departure_time': 8220, 'arrival_time': 8250, 'day': 'current_day', 'from_stop_id': 'A-2', 'to_stop_id': 'A-0', 'trip_id': 'walking', 'agency_name': 'Unknown'}, {'duration': 1800, 'departure_time': 9000, 'arrival_time': 10800, 'day': 'current_day', 'from_stop_id': 'A-0', 'to_stop_id': 'B-0', 'trip_id': 'IE-6-0', 'agency_name': 'Unknown'}, {'duration': 30, 'departure_time': 10800, 'arrival_time': 10830, 'day': 'current_day', 'from_stop_id': 'B-0', 'to_stop_id': 'B-1', 'trip_id': 'walking', 'agency_name': 'Unknown'}, {'duration': 180, 'departure_time': 10920, 'arrival_time': 11100, 'day': 'current_day', 'from_stop_id': 'B-1', 'to_stop_id': '178-1', 'trip_id': '3-1-12', 'agency_name': 'Unknown'}]}",4500.0
62,220,4140,inter,left,59,[54],[220],500,375,0,0,4515,4575.0,8580.0,8640.0,4005.0,4.0,54,220,,,pt,8640.0,4500.0,"{'duration': 4005, 'source_transfer_time': 0, 'waiting_time': 495, 'trip_time': 3510, 'num_transfers': 4, 'departure_time': 4575, 'departure_day': 'current_day', 'arrival_time': 8580, 'arrival_day': 'current_day', 'steps': [{'duration': 450, 'departure_time': 5070, 'arrival_time': 5520, 'day': 'current_day', 'from_stop_id': '54-1', 'to_stop_id': 'A-1', 'trip_id': '1-0-3', 'agency_name': 'Unknown'}, {'duration': 30, 'departure_time': 5520, 'arrival_time': 5550, 'day': 'current_day', 'from_stop_id': 'A-1', 'to_stop_id': 'A-0', 'trip_id': 'walking', 'agency_name': 'Unknown'}, {'duration': 1800, 'departure_time': 6000, 'arrival_time': 7800, 'day': 'current_day', 'from_stop_id': 'A-0', 'to_stop_id': 'B-0', 'trip_id': 'IE-4-0', 'agency_name': 'Unknown'}, {'duration': 30, 'departure_time': 7800, 'arrival_time': 7830, 'day': 'current_day', 'from_stop_id': 'B-0', 'to_stop_id': 'B-2', 'trip_id': 'walking', 'agency_name': 'Unknown'}, {'duration': 360, 'departure_time': 8220, 'arrival_time': 8580, 'day': 'current_day', 'from_stop_id': 'B-2', 'to_stop_id': '220-2', 'trip_id': '4-1-7', 'agency_name': 'Unknown'}]}",4500.0
97,207,6240,inter,left,60,[99],[209],1000,751,1000,751,6991,7051.0,11490.0,11550.0,4439.0,4.0,99,209,,,pt,12301.0,6061.0,"{'duration': 4439, 'source_transfer_time': 0, 'waiting_time': 209, 'trip_time': 4230, 'num_transfers': 4, 'departure_time': 7051, 'departure_day': 'current_day', 'arrival_time': 11490, 'arrival_day': 'current_day', 'steps': [{'duration': 360, 'departure_time': 7260, 'arrival_time': 7620, 'day': 'current_day', 'from_stop_id': '99-2', 'to_stop_id': 'A-2', 'trip_id': '2-0-6', 'agency_name': 'Unknown'}, {'duration': 30, 'departure_time': 7620, 'arrival_time': 7650, 'day': 'current_day', 'from_stop_id': 'A-2', 'to_stop_id': 'A-0', 'trip_id': 'walking', 'agency_name': 'Unknown'}, {'duration': 1800, 'departure_time': 9000, 'arrival_time': 10800, 'day': 'current_day', 'from_stop_id': 'A-0', 'to_stop_id': 'B-0', 'trip_id': 'IE-6-0', 'agency_name': 'Unknown'}, {'duration': 30, 'departure_time': 10800, 'arrival_time': 10830, 'day': 'current_day', 'from_stop_id': 'B-0', 'to_stop_id': 'B-2', 'trip_id': 'walking', 'agency_name': 'Unknown'}, {'duration': 270, 'departure_time': 11220, 'arrival_time': 11490, 'day': 'current_day', 'from_stop_id': 'B-2', 'to_stop_id': '209-2', 'trip_id': '4-1-12', 'agency_name': 'Unknown'}]}",6061.0
73,153,13410,inter,left,61,[55],[182],1000,751,1500,1127,14161,14221.0,19170.0,19230.0,4949.0,4.0,55,182,,,pt,20357.0,6947.0,"{'duration': 4949, 'source_transfer_time': 0, 'waiting_time': 539, 'trip_time': 4410, 'num_transfers': 4, 'departure_time': 14221, 'departure_day': 'current_day', 'arrival_time': 19170, 'arrival_day': 'current_day', 'steps': [{'duration': 360, 'departure_time': 14760, 'arrival_time': 15120, 'day': 'current_day', 'from_stop_id': '55-1', 'to_stop_id': 'A-1', 'trip_id': '1-0-19', 'agency_name': 'Unknown'}, {'duration': 30, 'departure_time': 15120, 'arrival_time': 15150, 'day': 'current_day', 'from_stop_id': 'A-1', 'to_stop_id': 'A-0', 'trip_id': 'walking', 'agency_name': 'Unknown'}, {'duration': 1800, 'departure_time': 16500, 'arrival_time': 18300, 'day': 'current_day', 'from_stop_id': 'A-0', 'to_stop_id': 'B-0', 'trip_id': 'IE-11-0', 'agency_name': 'Unknown'}, {'duration': 30, 'departure_time': 18300, 'arrival_time': 18330, 'day': 'current_day', 'from_stop_id': 'B-0', 'to_stop_id': 'B-1', 'trip_id': 'walking', 'agency_name': 'Unknown'}, {'duration': 450, 'departure_time': 18720, 'arrival_time': 19170, 'day': 'current_day', 'from_stop_id': 'B-1', 'to_stop_id': '182-1', 'trip_id': '3-0-25', 'agency_name': 'Unknown'}]}",6947.0
113,225,12390,inter,left,62,[110],[182],1500,1127,2000,1503,13517,13577.0,17370.0,17430.0,3793.0,4.0,110,182,,,pt,18933.0,6543.0,"{'duration': 3793, 'source_transfer_time': 0, 'waiting_time': 193, 'trip_time': 3600, 'num_transfers': 4, 'departure_time': 13577, 'departure_day': 'current_day', 'arrival_time': 17370, 'arrival_day': 'current_day', 'steps': [{'duration': 450, 'departure_time': 13770, 'arrival_time': 14220, 'day': 'current_day', 'from_stop_id': '110-2', 'to_stop_id': 'A-2', 'trip_id': '2-0-17', 'agency_name': 'Unknown'}, {'duration': 30, 'departure_time': 14220, 'arrival_time': 14250, 'day': 'current_day', 'from_stop_id': 'A-2', 'to_stop_id': 'A-0', 'trip_id': 'walking', 'agency_name': 'Unknown'}, {'duration': 1800, 'departure_time': 15000, 'arrival_time': 16800, 'day': 'current_day', 'from_stop_id': 'A-0', 'to_stop_id': 'B-0', 'trip_id': 'IE-10-0', 'agency_name': 'Unknown'}, {'duration': 30, 'departure_time': 16800, 'arrival_time': 16830, 'day': 'current_day', 'from_stop_id': 'B-0', 'to_stop_id': 'B-1', 'trip_id': 'walking', 'agency_name': 'Unknown'}, {'duration': 450, 'departure_time': 16920, 'arrival_time': 17370, 'day': 'current_day', 'from_stop_id': 'B-1', 'to_stop_id': '182-1', 'trip_id': '3-0-22', 'agency_name': 'Unknown'}]}",6543.0
46,210,9120,inter,left,63,[56],[209],500,375,500,375,9495,9555.0,12690.0,12750.0,3135.0,4.0,56,209,,,pt,13125.0,4005.0,"{'duration': 3135, 'source_transfer_time': 0, 'waiting_time': 495, 'trip_time': 2640, 'num_transfers': 4, 'departure_time': 9555, 'departure_day': 'current_day', 'arrival_time': 12690, 'arrival_day': 'current_day', 'steps': [{'duration': 270, 'departure_time': 10050, 'arrival_time': 10320, 'day': 'current_day', 'from_stop_id': '56-1', 'to_stop_id': 'A-1', 'trip_id': '1-0-11', 'agency_name': 'Unknown'}, {'duration': 30, 'departure_time': 10320, 'arrival_time': 10350, 'day': 'current_day', 'from_stop_id': 'A-1', 'to_stop_id': 'A-0', 'trip_id': 'walking', 'agency_name': 'Unknown'}, {'duration': 1800, 'departure_time': 10500, 'arrival_time': 12300, 'day': 'current_day', 'from_stop_id': 'A-0', 'to_stop_id': 'B-0', 'trip_id': 'IE-7-0', 'agency_name': 'Unknown'}, {'duration': 30, 'departure_time': 12300, 'arrival_time': 12330, 'day': 'current_day', 'from_stop_id': 'B-0', 'to_stop_id': 'B-2', 'trip_id': 'walking', 'agency_name': 'Unknown'}, {'duration': 270, 'departure_time': 12420, 'arrival_time': 12690, 'day': 'current_day', 'from_stop_id': 'B-2', 'to_stop_id': '209-2', 'trip_id': '4-1-14', 'agency_name': 'Unknown'}]}",4005.0
45,158,9630,inter,left,64,[55],[159],500,375,500,375,10005,10065.0,14400.0,14460.0,4335.0,4.0,55,159,,,pt,14835.0,5205.0,"{'duration': 4335, 'source_transfer_time': 0, 'waiting_time': 495, 'trip_time': 3840, 'num_transfers': 4, 'departure_time': 10065, 'departure_day': 'current_day', 'arrival_time': 14400, 'arrival_day': 'current_day', 'steps': [{'duration': 360, 'departure_time': 10560, 'arrival_time': 10920, 'day': 'current_day', 'from_stop_id': '55-1', 'to_stop_id': 'A-1', 'trip_id': '1-0-12', 'agency_name': 'Unknown'}, {'duration': 30, 'departure_time': 10920, 'arrival_time': 10950, 'day': 'current_day', 'from_stop_id': 'A-1', 'to_stop_id': 'A-0', 'trip_id': 'walking', 'agency_name': 'Unknown'}, {'duration': 1800, 'departure_time': 12000, 'arrival_time': 13800, 'day': 'current_day', 'from_stop_id': 'A-0', 'to_stop_id': 'B-0', 'trip_id': 'IE-8-0', 'agency_name': 'Unknown'}, {'duration': 30, 'departure_time': 13800, 'arrival_time': 13830, 'day': 'current_day', 'from_stop_id': 'B-0', 'to_stop_id': 'B-2', 'trip_id': 'walking', 'agency_name': 'Unknown'}, {'duration': 180, 'departure_time': 14220, 'arrival_time': 14400, 'day': 'current_day', 'from_stop_id': 'B-2', 'to_stop_id': '159-2', 'trip_id': '4-0-17', 'agency_name': 'Unknown'}]}",5205.0
60,122,6840,inter,left,65,[60],[126],0,0,2000,1503,6840,6900.0,9870.0,9930.0,2970.0,4.0,60,126,,,pt,11433.0,4593.0,"{'duration': 2970, 'source_transfer_time': 0, 'waiting_time': 60, 'trip_time': 2910, 'num_transfers': 4, 'departure_time': 6900, 'departure_day': 'current_day', 'arrival_time': 9870, 'arrival_day': 'current_day', 'steps': [{'duration': 360, 'departure_time': 6960, 'arrival_time': 7320, 'day': 'current_day', 'from_stop_id': '60-1', 'to_stop_id': 'A-1', 'trip_id': '1-1-6', 'agency_name': 'Unknown'}, {'duration': 30, 'departure_time': 7320, 'arrival_time': 7350, 'day': 'current_day', 'from_stop_id': 'A-1', 'to_stop_id': 'A-0', 'trip_id': 'walking', 'agency_name': 'Unknown'}, {'duration': 1800, 'departure_time': 7500, 'arrival_time': 9300, 'day': 'current_day', 'from_stop_id': 'A-0', 'to_stop_id': 'B-0', 'trip_id': 'IE-5-0', 'agency_name': 'Unknown'}, {'duration': 30, 'departure_time': 9300, 'arrival_time': 9330, 'day': 'current_day', 'from_stop_id': 'B-0', 'to_stop_id': 'B-2', 'trip_id': 'walking', 'agency_name': 'Unknown'}, {'duration': 450, 'departure_time': 9420, 'arrival_time': 9870, 'day': 'current_day', 'from_stop_id': 'B-2', 'to_stop_id': '126-2', 'trip_id': '4-0-9', 'agency_name': 'Unknown'}]}",4593.0
65,235,12030,inter,left,66,[57],[231],500,375,2000,1503,12405,12465.0,15870.0,15930.0,3405.0,4.0,57,231,,,pt,17433.0,5403.0,"{'duration': 3405, 'source_transfer_time': 0, 'waiting_time': 75, 'trip_time': 3330, 'num_transfers': 4, 'departure_time': 12465, 'departure_day': 'current_day', 'arrival_time': 15870, 'arrival_day': 'current_day', 'steps': [{'duration': 180, 'departure_time': 12540, 'arrival_time': 12720, 'day': 'current_day', 'from_stop_id': '57-1', 'to_stop_id': 'A-1', 'trip_id': '1-0-15', 'agency_name': 'Unknown'}, {'duration': 30, 'departure_time': 12720, 'arrival_time': 12750, 'day': 'current_day', 'from_stop_id': 'A-1', 'to_stop_id': 'A-0', 'trip_id': 'walking', 'agency_name': 'Unknown'}, {'duration': 1800, 'departure_time': 13500, 'arrival_time': 15300, 'day': 'current_day', 'from_stop_id': 'A-0', 'to_stop_id': 'B-0', 'trip_id': 'IE-9-0', 'agency_name': 'Unknown'}, {'duration': 30, 'departure_time': 15300, 'arrival_time': 15330, 'day': 'current_day', 'from_stop_id': 'B-0', 'to_stop_id': 'B-2', 'trip_id': 'walking', 'agency_name': 'Unknown'}, {'duration': 450, 'departure_time': 15420, 'arrival_time': 15870, 'day': 'current_day', 'from_stop_id': 'B-2', 'to_stop_id': '231-2', 'trip_id': '4-1-19', 'agency_name': 'Unknown'}]}",5403.0
25,158,11760,inter,left,67,[27],[159],1000,751,500,375,12511,12571.0,15600.0,15660.0,3029.0,4.0,27,159,,,pt,16035.0,4275.0,"{'duration': 3029, 'source_transfer_time': 0, 'waiting_time': 179, 'trip_time': 2850, 'num_transfers': 4, 'departure_time': 12571, 'departure_day': 'current_day', 'arrival_time': 15600, 'arrival_day': 'current_day', 'steps': [{'duration': 270, 'departure_time': 12750, 'arrival_time': 13020, 'day': 'current_day', 'from_stop_id': '27-2', 'to_stop_id': 'A-2', 'trip_id': '2-1-15', 'agency_name': 'Unknown'}, {'duration': 30, 'departure_time': 13020, 'arrival_time': 13050, 'day': 'current_day', 'from_stop_id': 'A-2', 'to_stop_id': 'A-0', 'trip_id': 'walking', 'agency_name': 'Unknown'}, {'duration': 1800, 'departure_time': 13500, 'arrival_time': 15300, 'day': 'current_day', 'from_stop_id': 'A-0', 'to_stop_id': 'B-0', 'trip_id': 'IE-9-0', 'agency_name': 'Unknown'}, {'duration': 30, 'departure_time': 15300, 'arrival_time': 15330, 'day': 'current_day', 'from_stop_id': 'B-0', 'to_stop_id': 'B-2', 'trip_id': 'walking', 'agency_name': 'Unknown'}, {'duration': 180, 'departure_time': 15420, 'arrival_time': 15600, 'day': 'current_day', 'from_stop_id': 'B-2', 'to_stop_id': '159-2', 'trip_id': '4-0-19', 'agency_name': 'Unknown'}]}",4275.0
68,219,9420,inter,left,68,[58],[220],500,375,500,375,9795,9855.0,12780.0,12840.0,2925.0,4.0,58,220,,,pt,13215.0,3795.0,"{'duration': 2925, 'source_transfer_time': 0, 'waiting_time': 285, 'trip_time': 2640, 'num_transfers': 4, 'departure_time': 9855, 'departure_day': 'current_day', 'arrival_time': 12780, 'arrival_day': 'current_day', 'steps': [{'duration': 180, 'departure_time': 10140, 'arrival_time': 10320, 'day': 'current_day', 'from_stop_id': '58-1', 'to_stop_id': 'A-1', 'trip_id': '1-1-11', 'agency_name': 'Unknown'}, {'duration': 30, 'departure_time': 10320, 'arrival_time': 10350, 'day': 'current_day', 'from_stop_id': 'A-1', 'to_stop_id': 'A-0', 'trip_id': 'walking', 'agency_name': 'Unknown'}, {'duration': 1800, 'departure_time': 10500, 'arrival_time': 12300, 'day': 'current_day', 'from_stop_id': 'A-0', 'to_stop_id': 'B-0', 'trip_id': 'IE-7-0', 'agency_name': 'Unknown'}, {'duration': 30, 'departure_time': 12300, 'arrival_time': 12330, 'day': 'current_day', 'from_stop_id': 'B-0', 'to_stop_id': 'B-2', 'trip_id': 'walking', 'agency_name': 'Unknown'}, {'duration': 360, 'departure_time': 12420, 'arrival_time': 12780, 'day': 'current_day', 'from_stop_id': 'B-2', 'to_stop_id': '220-2', 'trip_id': '4-1-14', 'agency_name': 'Unknown'}]}",3795.0
12,170,5010,inter,left,69,[16; 55],[237; 239],2000,1503,500,375,6513,6573.0,9510.0,9570.0,2937.0,4.0,16,237,,,pt,9945.0,4935.0,"{'duration': 2937, 'source_transfer_time': 0, 'waiting_time': 87, 'trip_time': 2850, 'num_transfers': 4, 'departure_time': 6573, 'departure_day': 'current_day', 'arrival_time': 9510, 'arrival_day': 'current_day', 'steps': [{'duration': 360, 'departure_time': 6660, 'arrival_time': 7020, 'day': 'current_day', 'from_stop_id': '16-2', 'to_stop_id': 'A-2', 'trip_id': '2-1-5', 'agency_name': 'Unknown'}, {'duration': 30, 'departure_time': 7020, 'arrival_time': 7050, 'day': 'current_day', 'from_stop_id': 'A-2', 'to_stop_id': 'A-0', 'trip_id': 'walking', 'agency_name': 'Unknown'}, {'duration': 1800, 'departure_time': 7500, 'arrival_time': 9300, 'day': 'current_day', 'from_stop_id': 'A-0', 'to_stop_id': 'B-0', 'trip_id': 'IE-5-0', 'agency_name': 'Unknown'}, {'duration': 30, 'departure_time': 9300, 'arrival_time': 9330, 'day': 'current_day', 'from_stop_id': 'B-0', 'to_stop_id': 'B-2', 'trip_id': 'walking', 'agency_name': 'Unknown'}, {'duration': 90, 'departure_time': 9420, 'arrival_time': 9510, 'day': 'current_day', 'from_stop_id': 'B-2', 'to_stop_id': '237-2', 'trip_id': '4-0-9', 'agency_name': 'Unknown'}]}",4935.0
14,215,10860,inter,left,70,[16],[175],1000,751,2000,1503,11611,11671.0,16170.0,16230.0,4499.0,4.0,16,175,,,pt,17733.0,6873.0,"{'duration': 4499, 'source_transfer_time': 0, 'waiting_time': 389, 'trip_time': 4110, 'num_transfers': 4, 'departure_time': 11671, 'departure_day': 'current_day', 'arrival_time': 16170, 'arrival_day': 'current_day', 'steps': [{'duration': 360, 'departure_time': 12060, 'arrival_time': 12420, 'day': 'current_day', 'from_stop_id': '16-2', 'to_stop_id': 'A-2', 'trip_id': '2-1-14', 'agency_name': 'Unknown'}, {'duration': 30, 'departure_time': 12420, 'arrival_time': 12450, 'day': 'current_day', 'from_stop_id': 'A-2', 'to_stop_id': 'A-0', 'trip_id': 'walking', 'agency_name': 'Unknown'}, {'duration': 1800, 'departure_time': 13500, 'arrival_time': 15300, 'day': 'current_day', 'from_stop_id': 'A-0', 'to_stop_id': 'B-0', 'trip_id': 'IE-9-0', 'agency_name': 'Unknown'}, {'duration': 30, 'departure_time': 15300, 'arrival_time': 15330, 'day': 'current_day', 'from_stop_id': 'B-0', 'to_stop_id': 'B-1', 'trip_id': 'walking', 'agency_name': 'Unknown'}, {'duration': 450, 'departure_time': 15720, 'arrival_time': 16170, 'day': 'current_day', 'from_stop_id': 'B-1', 'to_stop_id': '175-1', 'trip_id': '3-1-20', 'agency_name': 'Unknown'}]}",6873.0
64,212,11340,inter,left,71,[56],[180; 209],500,375,1500,1127,11715,11775.0,15690.0,15750.0,3915.0,4.0,56,209,,,pt,16877.0,5537.0,"{'duration': 3915, 'source_transfer_time': 0, 'waiting_time': 75, 'trip_time': 3840, 'num_transfers': 4, 'departure_time': 11775, 'departure_day': 'current_day', 'arrival_time': 15690, 'arrival_day': 'current_day', 'steps': [{'duration': 270, 'departure_time': 11850, 'arrival_time': 12120, 'day': 'current_day', 'from_stop_id': '56-1', 'to_stop_id': 'A-1', 'trip_id': '1-0-14', 'agency_name': 'Unknown'}, {'duration': 30, 'departure_time': 12120, 'arrival_time': 12150, 'day': 'current_day', 'from_stop_id': 'A-1', 'to_stop_id': 'A-0', 'trip_id': 'walking', 'agency_name': 'Unknown'}, {'duration': 1800, 'departure_time': 13500, 'arrival_time': 15300, 'day': 'current_day', 'from_stop_id': 'A-0', 'to_stop_id': 'B-0', 'trip_id': 'IE-9-0', 'agency_name': 'Unknown'}, {'duration': 30, 'departure_time': 15300, 'arrival_time': 15330, 'day': 'current_day', 'from_stop_id': 'B-0', 'to_stop_id': 'B-2', 'trip_id': 'walking', 'agency_name': 'Unknown'}, {'duration': 270, 'departure_time': 15420, 'arrival_time': 15690, 'day': 'current_day', 'from_stop_id': 'B-2', 'to_stop_id': '209-2', 'trip_id': '4-1-19', 'agency_name': 'Unknown'}]}",5537.0
85,185,12450,inter,left,72,[56; 88],[177],1500,1127,500,375,13577,13637.0,17190.0,17250.0,3553.0,4.0,56,177,,,pt,17625.0,5175.0,"{'duration': 3553, 'source_transfer_time': 0, 'waiting_time': 13, 'trip_time': 3540, 'num_transfers': 4, 'departure_time': 13637, 'departure_day': 'current_day', 'arrival_time': 17190, 'arrival_day': 'current_day', 'steps': [{'duration': 270, 'departure_time': 13650, 'arrival_time': 13920, 'day': 'current_day', 'from_stop_id': '56-1', 'to_stop_id': 'A-1', 'trip_id': '1-0-17', 'agency_name': 'Unknown'}, {'duration': 30, 'departure_time': 13920, 'arrival_time': 13950, 'day': 'current_day', 'from_stop_id': 'A-1', 'to_stop_id': 'A-0', 'trip_id': 'walking', 'agency_name': 'Unknown'}, {'duration': 1800, 'departure_time': 15000, 'arrival_time': 16800, 'day': 'current_day', 'from_stop_id': 'A-0', 'to_stop_id': 'B-0', 'trip_id': 'IE-10-0', 'agency_name': 'Unknown'}, {'duration': 30, 'departure_time': 16800, 'arrival_time': 16830, 'day': 'current_day', 'from_stop_id': 'B-0', 'to_stop_id': 'B-1', 'trip_id': 'walking', 'agency_name': 'Unknown'}, {'duration': 270, 'departure_time': 16920, 'arrival_time': 17190, 'day': 'current_day', 'from_stop_id': 'B-1', 'to_stop_id': '177-1', 'trip_id': '3-1-22', 'agency_name': 'Unknown'}]}",5175.0
108,132,6180,inter,left,73,[110],[175],1000,751,2000,1503,6931,6991.0,11370.0,11430.0,4379.0,4.0,110,175,,,pt,12933.0,6753.0,"{'duration': 4379, 'source_transfer_time': 0, 'waiting_time': 179, 'trip_time': 4200, 'num_transfers': 4, 'departure_time': 6991, 'departure_day': 'current_day', 'arrival_time': 11370, 'arrival_day': 'current_day', 'steps': [{'duration': 450, 'departure_time': 7170, 'arrival_time': 7620, 'day': 'current_day', 'from_stop_id': '110-2', 'to_stop_id': 'A-2', 'trip_id': '2-0-6', 'agency_name': 'Unknown'}, {'duration': 30, 'departure_time': 7620, 'arrival_time': 7650, 'day': 'current_day', 'from_stop_id': 'A-2', 'to_stop_id': 'A-0', 'trip_id': 'walking', 'agency_name': 'Unknown'}, {'duration': 1800, 'departure_time': 9000, 'arrival_time': 10800, 'day': 'current_day', 'from_stop_id': 'A-0', 'to_stop_id': 'B-0', 'trip_id': 'IE-6-0', 'agency_name': 'Unknown'}, {'duration': 30, 'departure_time': 10800, 'arrival_time': 10830, 'day': 'current_day', 'from_stop_id': 'B-0', 'to_stop_id': 'B-1', 'trip_id': 'walking', 'agency_name': 'Unknown'}, {'duration': 450, 'departure_time': 10920, 'arrival_time': 11370, 'day': 'current_day', 'from_stop_id': 'B-1', 'to_stop_id': '175-1', 'trip_id': '3-1-12', 'agency_name': 'Unknown'}]}",6753.0
38,163,3870,inter,left,74,[38],[181],0,0,1000,751,3870,3930.0,8280.0,8340.0,4350.0,4.0,38,181,,,pt,9091.0,5221.0,"{'duration': 4350, 'source_transfer_time': 0, 'waiting_time': 510, 'trip_time': 3840, 'num_transfers': 4, 'departure_time': 3930, 'departure_day': 'current_day', 'arrival_time': 8280, 'arrival_day': 'current_day', 'steps': [{'duration': 180, 'departure_time': 4440, 'arrival_time': 4620, 'day': 'current_day', 'from_stop_id': '38-2', 'to_stop_id': 'A-2', 'trip_id': '2-1-1', 'agency_name': 'Unknown'}, {'duration': 30, 'departure_time': 4620, 'arrival_time': 4650, 'day': 'current_day', 'from_stop_id': 'A-2', 'to_stop_id': 'A-0', 'trip_id': 'walking', 'agency_name': 'Unknown'}, {'duration': 1800, 'departure_time': 6000, 'arrival_time': 7800, 'day': 'current_day', 'from_stop_id': 'A-0', 'to_stop_id': 'B-0', 'trip_id': 'IE-4-0', 'agency_name': 'Unknown'}, {'duration': 30, 'departure_time': 7800, 'arrival_time': 7830, 'day': 'current_day', 'from_stop_id': 'B-0', 'to_stop_id': 'B-1', 'trip_id': 'walking', 'agency_name': 'Unknown'}, {'duration': 360, 'departure_time': 7920, 'arrival_time': 8280, 'day': 'current_day', 'from_stop_id': 'B-1', 'to_stop_id': '181-1', 'trip_id': '3-0-7', 'agency_name': 'Unknown'}]}",5221.0
21,150,11220,inter,left,75,[61],[148],2000,1503,1000,751,12723,12783.0,15690.0,15750.0,2907.0,4.0,61,148,,,pt,16501.0,5281.0,"{'duration': 2907, 'source_transfer_time': 0, 'waiting_time': 87, 'trip_time': 2820, 'num_transfers': 4, 'departure_time': 12783, 'departure_day': 'current_day', 'arrival_time': 15690, 'arrival_day': 'current_day', 'steps': [{'duration': 450, 'departure_time': 12870, 'arrival_time': 13320, 'day': 'current_day', 'from_stop_id': '61-1', 'to_stop_id': 'A-1', 'trip_id': '1-1-16', 'agency_name': 'Unknown'}, {'duration': 30, 'departure_time': 13320, 'arrival_time': 13350, 'day': 'current_day', 'from_stop_id': 'A-1', 'to_stop_id': 'A-0', 'trip_id': 'walking', 'agency_name': 'Unknown'}, {'duration': 1800, 'departure_time': 13500, 'arrival_time': 15300, 'day': 'current_day', 'from_stop_id': 'A-0', 'to_stop_id': 'B-0', 'trip_id': 'IE-9-0', 'agency_name': 'Unknown'}, {'duration': 30, 'departure_time': 15300, 'arrival_time': 15330, 'day': 'current_day', 'from_stop_id': 'B-0', 'to_stop_id': 'B-2', 'trip_id': 'walking', 'agency_name': 'Unknown'}, {'duration': 270, 'departure_time': 15420, 'arrival_time': 15690, 'day': 'current_day', 'from_stop_id': 'B-2', 'to_stop_id': '148-2', 'trip_id': '4-0-19', 'agency_name': 'Unknown'}]}",5281.0
100,184,9180,inter,left,76,[99],[176],500,375,500,375,9555,9615.0,13080.0,13140.0,3465.0,4.0,99,176,,,pt,13515.0,4335.0,"{'duration': 3465, 'source_transfer_time': 0, 'waiting_time': 45, 'trip_time': 3420, 'num_transfers': 4, 'departure_time': 9615, 'departure_day': 'current_day', 'arrival_time': 13080, 'arrival_day': 'current_day', 'steps': [{'duration': 360, 'departure_time': 9660, 'arrival_time': 10020, 'day': 'current_day', 'from_stop_id': '99-2', 'to_stop_id': 'A-2', 'trip_id': '2-0-10', 'agency_name': 'Unknown'}, {'duration': 30, 'departure_time': 10020, 'arrival_time': 10050, 'day': 'current_day', 'from_stop_id': 'A-2', 'to_stop_id': 'A-0', 'trip_id': 'walking', 'agency_name': 'Unknown'}, {'duration': 1800, 'departure_time': 10500, 'arrival_time': 12300, 'day': 'current_day', 'from_stop_id': 'A-0', 'to_stop_id': 'B-0', 'trip_id': 'IE-7-0', 'agency_name': 'Unknown'}, {'duration': 30, 'departure_time': 12300, 'arrival_time': 12330, 'day': 'current_day', 'from_stop_id': 'B-0', 'to_stop_id': 'B-1', 'trip_id': 'walking', 'agency_name': 'Unknown'}, {'duration': 360, 'departure_time': 12720, 'arrival_time': 13080, 'day': 'current_day', 'from_stop_id': 'B-1', 'to_stop_id': '176-1', 'trip_id': '3-1-15', 'agency_name': 'Unknown'}]}",4335.0
24,187,10170,inter,left,77,[27; 56],[238; 240],1500,1127,500,375,11297,11357.0,14010.0,14070.0,2653.0,4.0,27,238,,,pt,14445.0,4275.0,"{'duration': 2653, 'source_transfer_time': 0, 'waiting_time': 193, 'trip_time': 2460, 'num_transfers': 4, 'departure_time': 11357, 'departure_day': 'current_day', 'arrival_time': 14010, 'arrival_day': 'current_day', 'steps': [{'duration': 270, 'departure_time': 11550, 'arrival_time': 11820, 'day': 'current_day', 'from_stop_id': '27-2', 'to_stop_id': 'A-2', 'trip_id': '2-1-13', 'agency_name': 'Unknown'}, {'duration': 30, 'departure_time': 11820, 'arrival_time': 11850, 'day': 'current_day', 'from_stop_id': 'A-2', 'to_stop_id': 'A-0', 'trip_id': 'walking', 'agency_name': 'Unknown'}, {'duration': 1800, 'departure_time': 12000, 'arrival_time': 13800, 'day': 'current_day', 'from_stop_id': 'A-0', 'to_stop_id': 'B-0', 'trip_id': 'IE-8-0', 'agency_name': 'Unknown'}, {'duration': 30, 'departure_time': 13800, 'arrival_time': 13830, 'day': 'current_day', 'from_stop_id': 'B-0', 'to_stop_id': 'B-1', 'trip_id': 'walking', 'agency_name': 'Unknown'}, {'duration': 90, 'departure_time': 13920, 'arrival_time': 14010, 'day': 'current_day', 'from_stop_id': 'B-1', 'to_stop_id': '238-1', 'trip_id': '3-1-17', 'agency_name': 'Unknown'}]}",4275.0
20,155,6570,inter,left,78,[16; 60],[176],2000,1503,1000,751,8073,8133.0,11280.0,11340.0,3147.0,4.0,16,176,,,pt,12091.0,5521.0,"{'duration': 3147, 'source_transfer_time': 0, 'waiting_time': 327, 'trip_time': 2820, 'num_transfers': 4, 'departure_time': 8133, 'departure_day': 'current_day', 'arrival_time': 11280, 'arrival_day': 'current_day', 'steps': [{'duration': 360, 'departure_time': 8460, 'arrival_time': 8820, 'day': 'current_day', 'from_stop_id': '16-2', 'to_stop_id': 'A-2', 'trip_id': '2-1-8', 'agency_name': 'Unknown'}, {'duration': 30, 'departure_time': 8820, 'arrival_time': 8850, 'day': 'current_day', 'from_stop_id': 'A-2', 'to_stop_id': 'A-0', 'trip_id': 'walking', 'agency_name': 'Unknown'}, {'duration': 1800, 'departure_time': 9000, 'arrival_time': 10800, 'day': 'current_day', 'from_stop_id': 'A-0', 'to_stop_id': 'B-0', 'trip_id': 'IE-6-0', 'agency_name': 'Unknown'}, {'duration': 30, 'departure_time': 10800, 'arrival_time': 10830, 'day': 'current_day', 'from_stop_id': 'B-0', 'to_stop_id': 'B-1', 'trip_id': 'walking', 'agency_name': 'Unknown'}, {'duration': 360, 'departure_time': 10920, 'arrival_time': 11280, 'day': 'current_day', 'from_stop_id': 'B-1', 'to_stop_id': '176-1', 'trip_id': '3-1-12', 'agency_name': 'Unknown'}]}",5521.0
107,162,5460,inter,left,79,[110],[180],1500,1127,1000,751,6587,6647.0,11190.0,11250.0,4543.0,4.0,110,180,,,pt,12001.0,6541.0,"{'duration': 4543, 'source_transfer_time': 0, 'waiting_time': 523, 'trip_time': 4020, 'num_transfers': 4, 'departure_time': 6647, 'departure_day': 'current_day', 'arrival_time': 11190, 'arrival_day': 'current_day', 'steps': [{'duration': 450, 'departure_time': 7170, 'arrival_time': 7620, 'day': 'current_day', 'from_stop_id': '110-2', 'to_stop_id': 'A-2', 'trip_id': '2-0-6', 'agency_name': 'Unknown'}, {'duration': 30, 'departure_time': 7620, 'arrival_time': 7650, 'day': 'current_day', 'from_stop_id': 'A-2', 'to_stop_id': 'A-0', 'trip_id': 'walking', 'agency_name': 'Unknown'}, {'duration': 1800, 'departure_time': 9000, 'arrival_time': 10800, 'day': 'current_day', 'from_stop_id': 'A-0', 'to_stop_id': 'B-0', 'trip_id': 'IE-6-0', 'agency_name': 'Unknown'}, {'duration': 30, 'departure_time': 10800, 'arrival_time': 10830, 'day': 'current_day', 'from_stop_id': 'B-0', 'to_stop_id': 'B-1', 'trip_id': 'walking', 'agency_name': 'Unknown'}, {'duration': 270, 'departure_time': 10920, 'arrival_time': 11190, 'day': 'current_day', 'from_stop_id': 'B-1', 'to_stop_id': '180-1', 'trip_id': '3-0-12', 'agency_name': 'Unknown'}]}",6541.0
36,184,9330,inter,left,80,[38; 57],[176],1000,751,500,375,10081,10141.0,14280.0,14340.0,4139.0,4.0,38,176,,,pt,14715.0,5385.0,"{'duration': 4139, 'source_transfer_time': 0, 'waiting_time': 299, 'trip_time': 3840, 'num_transfers': 4, 'departure_time': 10141, 'departure_day': 'current_day', 'arrival_time': 14280, 'arrival_day': 'current_day', 'steps': [{'duration': 180, 'departure_time': 10440, 'arrival_time': 10620, 'day': 'current_day', 'from_stop_id': '38-2', 'to_stop_id': 'A-2', 'trip_id': '2-1-11', 'agency_name': 'Unknown'}, {'duration': 30, 'departure_time': 10620, 'arrival_time': 10650, 'day': 'current_day', 'from_stop_id': 'A-2', 'to_stop_id': 'A-0', 'trip_id': 'walking', 'agency_name': 'Unknown'}, {'duration': 1800, 'departure_time': 12000, 'arrival_time': 13800, 'day': 'current_day', 'from_stop_id': 'A-0', 'to_stop_id': 'B-0', 'trip_id': 'IE-8-0', 'agency_name': 'Unknown'}, {'duration': 30, 'departure_time': 13800, 'arrival_time': 13830, 'day': 'current_day', 'from_stop_id': 'B-0', 'to_stop_id': 'B-1', 'trip_id': 'walking', 'agency_name': 'Unknown'}, {'duration': 360, 'departure_time': 13920, 'arrival_time': 14280, 'day': 'current_day', 'from_stop_id': 'B-1', 'to_stop_id': '176-1', 'trip_id': '3-1-17', 'agency_name': 'Unknown'}]}",5385.0
48,126,4380,inter,left,81,[116; 117],[126],500,375,0,0,4755,4815.0,8670.0,8730.0,3855.0,4.0,116,126,,,pt,8730.0,4350.0,"{'duration': 3855, 'source_transfer_time': 0, 'waiting_time': 315, 'trip_time': 3540, 'num_transfers': 4, 'departure_time': 4815, 'departure_day': 'current_day', 'arrival_time': 8670, 'arrival_day': 'current_day', 'steps': [{'duration': 90, 'departure_time': 5130, 'arrival_time': 5220, 'day': 'current_day', 'from_stop_id': '116-2', 'to_stop_id': 'A-2', 'trip_id': '2-1-2', 'agency_name': 'Unknown'}, {'duration': 30, 'departure_time': 5220, 'arrival_time': 5250, 'day': 'current_day', 'from_stop_id': 'A-2', 'to_stop_id': 'A-0', 'trip_id': 'walking', 'agency_name': 'Unknown'}, {'duration': 1800, 'departure_time': 6000, 'arrival_time': 7800, 'day': 'current_day', 'from_stop_id': 'A-0', 'to_stop_id': 'B-0', 'trip_id': 'IE-4-0', 'agency_name': 'Unknown'}, {'duration': 30, 'departure_time': 7800, 'arrival_time': 7830, 'day': 'current_day', 'from_stop_id': 'B-0', 'to_stop_id': 'B-2', 'trip_id': 'walking', 'agency_name': 'Unknown'}, {'duration': 450, 'departure_time': 8220, 'arrival_time': 8670, 'day': 'current_day', 'from_stop_id': 'B-2', 'to_stop_id': '126-2', 'trip_id': '4-0-7', 'agency_name': 'Unknown'}]}",4350.0
39,207,10350,inter,left,82,[38],[209],500,375,1000,751,10725,10785.0,14490.0,14550.0,3705.0,4.0,38,209,,,pt,15301.0,4951.0,"{'duration': 3705, 'source_transfer_time': 0, 'waiting_time': 255, 'trip_time': 3450, 'num_transfers': 4, 'departure_time': 10785, 'departure_day': 'current_day', 'arrival_time': 14490, 'arrival_day': 'current_day', 'steps': [{'duration': 180, 'departure_time': 11040, 'arrival_time': 11220, 'day': 'current_day', 'from_stop_id': '38-2', 'to_stop_id': 'A-2', 'trip_id': '2-1-12', 'agency_name': 'Unknown'}, {'duration': 30, 'departure_time': 11220, 'arrival_time': 11250, 'day': 'current_day', 'from_stop_id': 'A-2', 'to_stop_id': 'A-0', 'trip_id': 'walking', 'agency_name': 'Unknown'}, {'duration': 1800, 'departure_time': 12000, 'arrival_time': 13800, 'day': 'current_day', 'from_stop_id': 'A-0', 'to_stop_id': 'B-0', 'trip_id': 'IE-8-0', 'agency_name': 'Unknown'}, {'duration': 30, 'departure_time': 13800, 'arrival_time': 13830, 'day': 'current_day', 'from_stop_id': 'B-0', 'to_stop_id': 'B-2', 'trip_id': 'walking', 'agency_name': 'Unknown'}, {'duration': 270, 'departure_time': 14220, 'arrival_time': 14490, 'day': 'current_day', 'from_stop_id': 'B-2', 'to_stop_id': '209-2', 'trip_id': '4-1-17', 'agency_name': 'Unknown'}]}",4951.0
33,159,5340,inter,left,83,[54],[159],1000,751,0,0,6091,6151.0,9600.0,9660.0,3449.0,4.0,54,159,,,pt,9660.0,4320.0,"{'duration': 3449, 'source_transfer_time': 0, 'waiting_time': 119, 'trip_time': 3330, 'num_transfers': 4, 'departure_time': 6151, 'departure_day': 'current_day', 'arrival_time': 9600, 'arrival_day': 'current_day', 'steps': [{'duration': 450, 'departure_time': 6270, 'arrival_time': 6720, 'day': 'current_day', 'from_stop_id': '54-1', 'to_stop_id': 'A-1', 'trip_id': '1-0-5', 'agency_name': 'Unknown'}, {'duration': 30, 'departure_time': 6720, 'arrival_time': 6750, 'day': 'current_day', 'from_stop_id': 'A-1', 'to_stop_id': 'A-0', 'trip_id': 'walking', 'agency_name': 'Unknown'}, {'duration': 1800, 'departure_time': 7500, 'arrival_time': 9300, 'day': 'current_day', 'from_stop_id': 'A-0', 'to_stop_id': 'B-0', 'trip_id': 'IE-5-0', 'agency_name': 'Unknown'}, {'duration': 30, 'departure_time': 9300, 'arrival_time': 9330, 'day': 'current_day', 'from_stop_id': 'B-0', 'to_stop_id': 'B-2', 'trip_id': 'walking', 'agency_name': 'Unknown'}, {'duration': 180, 'departure_time': 9420, 'arrival_time': 9600, 'day': 'current_day', 'from_stop_id': 'B-2', 'to_stop_id': '159-2', 'trip_id': '4-0-9', 'agency_name': 'Unknown'}]}",4320.0
24,154,10200,inter,left,84,[27; 56],[175],1500,1127,1000,751,11327,11387.0,14370.0,14430.0,2983.0,4.0,27,175,,,pt,15181.0,4981.0,"{'duration': 2983, 'source_transfer_time': 0, 'waiting_time': 163, 'trip_time': 2820, 'num_transfers': 4, 'departure_time': 11387, 'departure_day': 'current_day', 'arrival_time': 14370, 'arrival_day': 'current_day', 'steps': [{'duration': 270, 'departure_time': 11550, 'arrival_time': 11820, 'day': 'current_day', 'from_stop_id': '27-2', 'to_stop_id': 'A-2', 'trip_id': '2-1-13', 'agency_name': 'Unknown'}, {'duration': 30, 'departure_time': 11820, 'arrival_time': 11850, 'day': 'current_day', 'from_stop_id': 'A-2', 'to_stop_id': 'A-0', 'trip_id': 'walking', 'agency_name': 'Unknown'}, {'duration': 1800, 'departure_time': 12000, 'arrival_time': 13800, 'day': 'current_day', 'from_stop_id': 'A-0', 'to_stop_id': 'B-0', 'trip_id': 'IE-8-0', 'agency_name': 'Unknown'}, {'duration': 30, 'departure_time': 13800, 'arrival_time': 13830, 'day': 'current_day', 'from_stop_id': 'B-0', 'to_stop_id': 'B-1', 'trip_id': 'walking', 'agency_name': 'Unknown'}, {'duration': 450, 'departure_time': 13920, 'arrival_time': 14370, 'day': 'current_day', 'from_stop_id': 'B-1', 'to_stop_id': '175-1', 'trip_id': '3-1-17', 'agency_name': 'Unknown'}]}",4981.0
13,150,11340,inter,left,85,[16],[148],1500,1127,1000,751,12467,12527.0,15690.0,15750.0,3163.0,4.0,16,148,,,pt,16501.0,5161.0,"{'duration': 3163, 'source_transfer_time': 0, 'waiting_time': 133, 'trip_time': 3030, 'num_transfers': 4, 'departure_time': 12527, 'departure_day': 'current_day', 'arrival_time': 15690, 'arrival_day': 'current_day', 'steps': [{'duration': 360, 'departure_time': 12660, 'arrival_time': 13020, 'day': 'current_day', 'from_stop_id': '16-2', 'to_stop_id': 'A-2', 'trip_id': '2-1-15', 'agency_name': 'Unknown'}, {'duration': 30, 'departure_time': 13020, 'arrival_time': 13050, 'day': 'current_day', 'from_stop_id': 'A-2', 'to_stop_id': 'A-0', 'trip_id': 'walking', 'agency_name': 'Unknown'}, {'duration': 1800, 'departure_time': 13500, 'arrival_time': 15300, 'day': 'current_day', 'from_stop_id': 'A-0', 'to_stop_id': 'B-0', 'trip_id': 'IE-9-0', 'agency_name': 'Unknown'}, {'duration': 30, 'departure_time': 15300, 'arrival_time': 15330, 'day': 'current_day', 'from_stop_id': 'B-0', 'to_stop_id': 'B-2', 'trip_id': 'walking', 'agency_name': 'Unknown'}, {'duration': 270, 'departure_time': 15420, 'arrival_time': 15690, 'day': 'current_day', 'from_stop_id': 'B-2', 'to_stop_id': '148-2', 'trip_id': '4-0-19', 'agency_name': 'Unknown'}]}",5161.0
82,132,13800,inter,left,86,[61],[175],1000,751,2000,1503,14551,14611.0,19170.0,19230.0,4559.0,4.0,61,175,,,pt,20733.0,6933.0,"{'duration': 4559, 'source_transfer_time': 0, 'waiting_time': 59, 'trip_time': 4500, 'num_transfers': 4, 'departure_time': 14611, 'departure_day': 'current_day', 'arrival_time': 19170, 'arrival_day': 'current_day', 'steps': [{'duration': 450, 'departure_time': 14670, 'arrival_time': 15120, 'day': 'current_day', 'from_stop_id': '61-1', 'to_stop_id': 'A-1', 'trip_id': '1-1-19', 'agency_name': 'Unknown'}, {'duration': 30, 'departure_time': 15120, 'arrival_time': 15150, 'day': 'current_day', 'from_stop_id': 'A-1', 'to_stop_id': 'A-0', 'trip_id': 'walking', 'agency_name': 'Unknown'}, {'duration': 1800, 'departure_time': 16500, 'arrival_time': 18300, 'day': 'current_day', 'from_stop_id': 'A-0', 'to_stop_id': 'B-0', 'trip_id': 'IE-11-0', 'agency_name': 'Unknown'}, {'duration': 30, 'departure_time': 18300, 'arrival_time': 18330, 'day': 'current_day', 'from_stop_id': 'B-0', 'to_stop_id': 'B-1', 'trip_id': 'walking', 'agency_name': 'Unknown'}, {'duration': 450, 'departure_time': 18720, 'arrival_time': 19170, 'day': 'current_day', 'from_stop_id': 'B-1', 'to_stop_id': '175-1', 'trip_id': '3-1-25', 'agency_name': 'Unknown'}]}",6933.0
106,179,6720,inter,left,87,[110],[179],2000,1503,0,0,8223,8283.0,11100.0,11160.0,2817.0,4.0,110,179,,,pt,11160.0,4440.0,"{'duration': 2817, 'source_transfer_time': 0, 'waiting_time': 87, 'trip_time': 2730, 'num_transfers': 4, 'departure_time': 8283, 'departure_day': 'current_day', 'arrival_time': 11100, 'arrival_day': 'current_day', 'steps': [{'duration': 450, 'departure_time': 8370, 'arrival_time': 8820, 'day': 'current_day', 'from_stop_id': '110-2', 'to_stop_id': 'A-2', 'trip_id': '2-0-8', 'agency_name': 'Unknown'}, {'duration': 30, 'departure_time': 8820, 'arrival_time': 8850, 'day': 'current_day', 'from_stop_id': 'A-2', 'to_stop_id': 'A-0', 'trip_id': 'walking', 'agency_name': 'Unknown'}, {'duration': 1800, 'departure_time': 9000, 'arrival_time': 10800, 'day': 'current_day', 'from_stop_id': 'A-0', 'to_stop_id': 'B-0', 'trip_id': 'IE-6-0', 'agency_name': 'Unknown'}, {'duration': 30, 'departure_time': 10800, 'arrival_time': 10830, 'day': 'current_day', 'from_stop_id': 'B-0', 'to_stop_id': 'B-1', 'trip_id': 'walking', 'agency_name': 'Unknown'}, {'duration': 180, 'departure_time': 10920, 'arrival_time': 11100, 'day': 'current_day', 'from_stop_id': 'B-1', 'to_stop_id': '179-1', 'trip_id': '3-0-12', 'agency_name': 'Unknown'}]}",4440.0
39,154,8070,inter,left,88,[38],[175],500,375,1000,751,8445,8505.0,11370.0,11430.0,2865.0,4.0,38,175,,,pt,12181.0,4111.0,"{'duration': 2865, 'source_transfer_time': 0, 'waiting_time': 135, 'trip_time': 2730, 'num_transfers': 4, 'departure_time': 8505, 'departure_day': 'current_day', 'arrival_time': 11370, 'arrival_day': 'current_day', 'steps': [{'duration': 180, 'departure_time': 8640, 'arrival_time': 8820, 'day': 'current_day', 'from_stop_id': '38-2', 'to_stop_id': 'A-2', 'trip_id': '2-1-8', 'agency_name': 'Unknown'}, {'duration': 30, 'departure_time': 8820, 'arrival_time': 8850, 'day': 'current_day', 'from_stop_id': 'A-2', 'to_stop_id': 'A-0', 'trip_id': 'walking', 'agency_name': 'Unknown'}, {'duration': 1800, 'departure_time': 9000, 'arrival_time': 10800, 'day': 'current_day', 'from_stop_id': 'A-0', 'to_stop_id': 'B-0', 'trip_id': 'IE-6-0', 'agency_name': 'Unknown'}, {'duration': 30, 'departure_time': 10800, 'arrival_time': 10830, 'day': 'current_day', 'from_stop_id': 'B-0', 'to_stop_id': 'B-1', 'trip_id': 'walking', 'agency_name': 'Unknown'}, {'duration': 450, 'departure_time': 10920, 'arrival_time': 11370, 'day': 'current_day', 'from_stop_id': 'B-1', 'to_stop_id': '175-1', 'trip_id': '3-1-12', 'agency_name': 'Unknown'}]}",4111.0
67,173,8370,inter,left,89,[118; 119],[181],500,375,500,375,8745,8805.0,13080.0,13140.0,4275.0,4.0,118,181,,,pt,13515.0,5145.0,"{'duration': 4275, 'source_transfer_time': 0, 'waiting_time': 225, 'trip_time': 4050, 'num_transfers': 4, 'departure_time': 8805, 'departure_day': 'current_day', 'arrival_time': 13080, 'arrival_day': 'current_day', 'steps': [{'duration': 90, 'departure_time': 9030, 'arrival_time': 9120, 'day': 'current_day', 'from_stop_id': '118-1', 'to_stop_id': 'A-1', 'trip_id': '1-1-9', 'agency_name': 'Unknown'}, {'duration': 30, 'departure_time': 9120, 'arrival_time': 9150, 'day': 'current_day', 'from_stop_id': 'A-1', 'to_stop_id': 'A-0', 'trip_id': 'walking', 'agency_name': 'Unknown'}, {'duration': 1800, 'departure_time': 10500, 'arrival_time': 12300, 'day': 'current_day', 'from_stop_id': 'A-0', 'to_stop_id': 'B-0', 'trip_id': 'IE-7-0', 'agency_name': 'Unknown'}, {'duration': 30, 'departure_time': 12300, 'arrival_time': 12330, 'day': 'current_day', 'from_stop_id': 'B-0', 'to_stop_id': 'B-1', 'trip_id': 'walking', 'agency_name': 'Unknown'}, {'duration': 360, 'departure_time': 12720, 'arrival_time': 13080, 'day': 'current_day', 'from_stop_id': 'B-1', 'to_stop_id': '181-1', 'trip_id': '3-0-15', 'agency_name': 'Unknown'}]}",5145.0
102,189,4230,inter,left,90,[99],[179],1500,1127,500,375,5357,5417.0,8100.0,8160.0,2683.0,4.0,99,179,,,pt,8535.0,4305.0,"{'duration': 2683, 'source_transfer_time': 0, 'waiting_time': 43, 'trip_time': 2640, 'num_transfers': 4, 'departure_time': 5417, 'departure_day': 'current_day', 'arrival_time': 8100, 'arrival_day': 'current_day', 'steps': [{'duration': 360, 'departure_time': 5460, 'arrival_time': 5820, 'day': 'current_day', 'from_stop_id': '99-2', 'to_stop_id': 'A-2', 'trip_id': '2-0-3', 'agency_name': 'Unknown'}, {'duration': 30, 'departure_time': 5820, 'arrival_time': 5850, 'day': 'current_day', 'from_stop_id': 'A-2', 'to_stop_id': 'A-0', 'trip_id': 'walking', 'agency_name': 'Unknown'}, {'duration': 1800, 'departure_time': 6000, 'arrival_time': 7800, 'day': 'current_day', 'from_stop_id': 'A-0', 'to_stop_id': 'B-0', 'trip_id': 'IE-4-0', 'agency_name': 'Unknown'}, {'duration': 30, 'departure_time': 7800, 'arrival_time': 7830, 'day': 'current_day', 'from_stop_id': 'B-0', 'to_stop_id': 'B-1', 'trip_id': 'walking', 'agency_name': 'Unknown'}, {'duration': 180, 'departure_time': 7920, 'arrival_time': 8100, 'day': 'current_day', 'from_stop_id': 'B-1', 'to_stop_id': '179-1', 'trip_id': '3-0-7', 'agency_name': 'Unknown'}]}",4305.0
6,129,9030,inter,left,91,[5],[126],500,375,1500,1127,9405,9465.0,12870.0,12930.0,3405.0,4.0,5,126,,,pt,14057.0,5027.0,"{'duration': 3405, 'source_transfer_time': 0, 'waiting_time': 105, 'trip_time': 3300, 'num_transfers': 4, 'departure_time': 9465, 'departure_day': 'current_day', 'arrival_time': 12870, 'arrival_day': 'current_day', 'steps': [{'duration': 450, 'departure_time': 9570, 'arrival_time': 10020, 'day': 'current_day', 'from_stop_id': '5-2', 'to_stop_id': 'A-2', 'trip_id': '2-1-10', 'agency_name': 'Unknown'}, {'duration': 30, 'departure_time': 10020, 'arrival_time': 10050, 'day': 'current_day', 'from_stop_id': 'A-2', 'to_stop_id': 'A-0', 'trip_id': 'walking', 'agency_name': 'Unknown'}, {'duration': 1800, 'departure_time': 10500, 'arrival_time': 12300, 'day': 'current_day', 'from_stop_id': 'A-0', 'to_stop_id': 'B-0', 'trip_id': 'IE-7-0', 'agency_name': 'Unknown'}, {'duration': 30, 'departure_time': 12300, 'arrival_time': 12330, 'day': 'current_day', 'from_stop_id': 'B-0', 'to_stop_id': 'B-2', 'trip_id': 'walking', 'agency_name': 'Unknown'}, {'duration': 450, 'departure_time': 12420, 'arrival_time': 12870, 'day': 'current_day', 'from_stop_id': 'B-2', 'to_stop_id': '126-2', 'trip_id': '4-0-14', 'agency_name': 'Unknown'}]}",5027.0
105,150,4290,inter,left,92,[54; 110],[148],2500,1879,1000,751,6169,6229.0,9690.0,9750.0,3461.0,4.0,54,148,,,pt,10501.0,6211.0,"{'duration': 3461, 'source_transfer_time': 0, 'waiting_time': 41, 'trip_time': 3420, 'num_transfers': 4, 'departure_time': 6229, 'departure_day': 'current_day', 'arrival_time': 9690, 'arrival_day': 'current_day', 'steps': [{'duration': 450, 'departure_time': 6270, 'arrival_time': 6720, 'day': 'current_day', 'from_stop_id': '54-1', 'to_stop_id': 'A-1', 'trip_id': '1-0-5', 'agency_name': 'Unknown'}, {'duration': 30, 'departure_time': 6720, 'arrival_time': 6750, 'day': 'current_day', 'from_stop_id': 'A-1', 'to_stop_id': 'A-0', 'trip_id': 'walking', 'agency_name': 'Unknown'}, {'duration': 1800, 'departure_time': 7500, 'arrival_time': 9300, 'day': 'current_day', 'from_stop_id': 'A-0', 'to_stop_id': 'B-0', 'trip_id': 'IE-5-0', 'agency_name': 'Unknown'}, {'duration': 30, 'departure_time': 9300, 'arrival_time': 9330, 'day': 'current_day', 'from_stop_id': 'B-0', 'to_stop_id': 'B-2', 'trip_id': 'walking', 'agency_name': 'Unknown'}, {'duration': 270, 'departure_time': 9420, 'arrival_time': 9690, 'day': 'current_day', 'from_stop_id': 'B-2', 'to_stop_id': '148-2', 'trip_id': '4-0-9', 'agency_name': 'Unknown'}]}",6211.0
59,217,5160,inter,left,93,[59],[220],0,0,1500,1127,5160,5220.0,8580.0,8640.0,3360.0,4.0,59,220,,,pt,9767.0,4607.0,"{'duration': 3360, 'source_transfer_time': 0, 'waiting_time': 30, 'trip_time': 3330, 'num_transfers': 4, 'departure_time': 5220, 'departure_day': 'current_day', 'arrival_time': 8580, 'arrival_day': 'current_day', 'steps': [{'duration': 270, 'departure_time': 5250, 'arrival_time': 5520, 'day': 'current_day', 'from_stop_id': '59-1', 'to_stop_id': 'A-1', 'trip_id': '1-1-3', 'agency_name': 'Unknown'}, {'duration': 30, 'departure_time': 5520, 'arrival_time': 5550, 'day': 'current_day', 'from_stop_id': 'A-1', 'to_stop_id': 'A-0', 'trip_id': 'walking', 'agency_name': 'Unknown'}, {'duration': 1800, 'departure_time': 6000, 'arrival_time': 7800, 'day': 'current_day', 'from_stop_id': 'A-0', 'to_stop_id': 'B-0', 'trip_id': 'IE-4-0', 'agency_name': 'Unknown'}, {'duration': 30, 'departure_time': 7800, 'arrival_time': 7830, 'day': 'current_day', 'from_stop_id': 'B-0', 'to_stop_id': 'B-2', 'trip_id': 'walking', 'agency_name': 'Unknown'}, {'duration': 360, 'departure_time': 8220, 'arrival_time': 8580, 'day': 'current_day', 'from_stop_id': 'B-2', 'to_stop_id': '220-2', 'trip_id': '4-1-7', 'agency_name': 'Unknown'}]}",4607.0
34,128,5010,inter,left,94,[55],[126],1000,751,1000,751,5761,5821.0,9870.0,9930.0,4049.0,4.0,55,126,,,pt,10681.0,5671.0,"{'duration': 4049, 'source_transfer_time': 0, 'waiting_time': 539, 'trip_time': 3510, 'num_transfers': 4, 'departure_time': 5821, 'departure_day': 'current_day', 'arrival_time': 9870, 'arrival_day': 'current_day', 'steps': [{'duration': 360, 'departure_time': 6360, 'arrival_time': 6720, 'day': 'current_day', 'from_stop_id': '55-1', 'to_stop_id': 'A-1', 'trip_id': '1-0-5', 'agency_name': 'Unknown'}, {'duration': 30, 'departure_time': 6720, 'arrival_time': 6750, 'day': 'current_day', 'from_stop_id': 'A-1', 'to_stop_id': 'A-0', 'trip_id': 'walking', 'agency_name': 'Unknown'}, {'duration': 1800, 'departure_time': 7500, 'arrival_time': 9300, 'day': 'current_day', 'from_stop_id': 'A-0', 'to_stop_id': 'B-0', 'trip_id': 'IE-5-0', 'agency_name': 'Unknown'}, {'duration': 30, 'departure_time': 9300, 'arrival_time': 9330, 'day': 'current_day', 'from_stop_id': 'B-0', 'to_stop_id': 'B-2', 'trip_id': 'walking', 'agency_name': 'Unknown'}, {'duration': 450, 'departure_time': 9420, 'arrival_time': 9870, 'day': 'current_day', 'from_stop_id': 'B-2', 'to_stop_id': '126-2', 'trip_id': '4-0-9', 'agency_name': 'Unknown'}]}",5671.0
22,121,8820,inter,left,95,[54],[126; 175],1500,1127,2500,1879,9947,10007.0,14370.0,14430.0,4363.0,4.0,54,175,,,pt,16309.0,7489.0,"{'duration': 4363, 'source_transfer_time': 0, 'waiting_time': 463, 'trip_time': 3900, 'num_transfers': 4, 'departure_time': 10007, 'departure_day': 'current_day', 'arrival_time': 14370, 'arrival_day': 'current_day', 'steps': [{'duration': 450, 'departure_time': 10470, 'arrival_time': 10920, 'day': 'current_day', 'from_stop_id': '54-1', 'to_stop_id': 'A-1', 'trip_id': '1-0-12', 'agency_name': 'Unknown'}, {'duration': 30, 'departure_time': 10920, 'arrival_time': 10950, 'day': 'current_day', 'from_stop_id': 'A-1', 'to_stop_id': 'A-0', 'trip_id': 'walking', 'agency_name': 'Unknown'}, {'duration': 1800, 'departure_time': 12000, 'arrival_time': 13800, 'day': 'current_day', 'from_stop_id': 'A-0', 'to_stop_id': 'B-0', 'trip_id': 'IE-8-0', 'agency_name': 'Unknown'}, {'duration': 30, 'departure_time': 13800, 'arrival_time': 13830, 'day': 'current_day', 'from_stop_id': 'B-0', 'to_stop_id': 'B-1', 'trip_id': 'walking', 'agency_name': 'Unknown'}, {'duration': 450, 'departure_time': 13920, 'arrival_time': 14370, 'day': 'current_day', 'from_stop_id': 'B-1', 'to_stop_id': '175-1', 'trip_id': '3-1-17', 'agency_name': 'Unknown'}]}",7489.0
78,145,8640,inter,left,96,[77],[148; 177],500,375,1500,1127,9015,9075.0,12690.0,12750.0,3615.0,4.0,77,148,,,pt,13877.0,5237.0,"{'duration': 3615, 'source_transfer_time': 0, 'waiting_time': 165, 'trip_time': 3450, 'num_transfers': 4, 'departure_time': 9075, 'departure_day': 'current_day', 'arrival_time': 12690, 'arrival_day': 'current_day', 'steps': [{'duration': 180, 'departure_time': 9240, 'arrival_time': 9420, 'day': 'current_day', 'from_stop_id': '77-2', 'to_stop_id': 'A-2', 'trip_id': '2-0-9', 'agency_name': 'Unknown'}, {'duration': 30, 'departure_time': 9420, 'arrival_time': 9450, 'day': 'current_day', 'from_stop_id': 'A-2', 'to_stop_id': 'A-0', 'trip_id': 'walking', 'agency_name': 'Unknown'}, {'duration': 1800, 'departure_time': 10500, 'arrival_time': 12300, 'day': 'current_day', 'from_stop_id': 'A-0', 'to_stop_id': 'B-0', 'trip_id': 'IE-7-0', 'agency_name': 'Unknown'}, {'duration': 30, 'departure_time': 12300, 'arrival_time': 12330, 'day': 'current_day', 'from_stop_id': 'B-0', 'to_stop_id': 'B-2', 'trip_id': 'walking', 'agency_name': 'Unknown'}, {'duration': 270, 'departure_time': 12420, 'arrival_time': 12690, 'day': 'current_day', 'from_stop_id': 'B-2', 'to_stop_id': '148-2', 'trip_id': '4-0-14', 'agency_name': 'Unknown'}]}",5237.0
106,179,9540,inter,left,97,[110],[179],2000,1503,0,0,11043,11103.0,14100.0,14160.0,2997.0,4.0,110,179,,,pt,14160.0,4620.0,"{'duration': 2997, 'source_transfer_time': 0, 'waiting_time': 267, 'trip_time': 2730, 'num_transfers': 4, 'departure_time': 11103, 'departure_day': 'current_day', 'arrival_time': 14100, 'arrival_day': 'current_day', 'steps': [{'duration': 450, 'departure_time': 11370, 'arrival_time': 11820, 'day': 'current_day', 'from_stop_id': '110-2', 'to_stop_id': 'A-2', 'trip_id': '2-0-13', 'agency_name': 'Unknown'}, {'duration': 30, 'departure_time': 11820, 'arrival_time': 11850, 'day': 'current_day', 'from_stop_id': 'A-2', 'to_stop_id': 'A-0', 'trip_id': 'walking', 'agency_name': 'Unknown'}, {'duration': 1800, 'departure_time': 12000, 'arrival_time': 13800, 'day': 'current_day', 'from_stop_id': 'A-0', 'to_stop_id': 'B-0', 'trip_id': 'IE-8-0', 'agency_name': 'Unknown'}, {'duration': 30, 'departure_time': 13800, 'arrival_time': 13830, 'day': 'current_day', 'from_stop_id': 'B-0', 'to_stop_id': 'B-1', 'trip_id': 'walking', 'agency_name': 'Unknown'}, {'duration': 180, 'departure_time': 13920, 'arrival_time': 14100, 'day': 'current_day', 'from_stop_id': 'B-1', 'to_stop_id': '179-1', 'trip_id': '3-0-17', 'agency_name': 'Unknown'}]}",4620.0
97,231,3750,inter,left,98,[99],[231],1000,751,0,0,4501,4561.0,8670.0,8730.0,4109.0,4.0,99,231,,,pt,8730.0,4980.0,"{'duration': 4109, 'source_transfer_time': 0, 'waiting_time': 299, 'trip_time': 3810, 'num_transfers': 4, 'departure_time': 4561, 'departure_day': 'current_day', 'arrival_time': 8670, 'arrival_day': 'current_day', 'steps': [{'duration': 360, 'departure_time': 4860, 'arrival_time': 5220, 'day': 'current_day', 'from_stop_id': '99-2', 'to_stop_id': 'A-2', 'trip_id': '2-0-2', 'agency_name': 'Unknown'}, {'duration': 30, 'departure_time': 5220, 'arrival_time': 5250, 'day': 'current_day', 'from_stop_id': 'A-2', 'to_stop_id': 'A-0', 'trip_id': 'walking', 'agency_name': 'Unknown'}, {'duration': 1800, 'departure_time': 6000, 'arrival_time': 7800, 'day': 'current_day', 'from_stop_id': 'A-0', 'to_stop_id': 'B-0', 'trip_id': 'IE-4-0', 'agency_name': 'Unknown'}, {'duration': 30, 'departure_time': 7800, 'arrival_time': 7830, 'day': 'current_day', 'from_stop_id': 'B-0', 'to_stop_id': 'B-2', 'trip_id': 'walking', 'agency_name': 'Unknown'}, {'duration': 450, 'departure_time': 8220, 'arrival_time': 8670, 'day': 'current_day', 'from_stop_id': 'B-2', 'to_stop_id': '231-2', 'trip_id': '4-1-7', 'agency_name': 'Unknown'}]}",4980.0
106,132,3630,inter,left,99,[110],[175],2000,1503,2000,1503,5133,5193.0,8370.0,8430.0,3177.0,4.0,110,175,,,pt,9933.0,6303.0,"{'duration': 3177, 'source_transfer_time': 0, 'waiting_time': 177, 'trip_time': 3000, 'num_transfers': 4, 'departure_time': 5193, 'departure_day': 'current_day', 'arrival_time': 8370, 'arrival_day': 'current_day', 'steps': [{'duration': 450, 'departure_time': 5370, 'arrival_time': 5820, 'day': 'current_day', 'from_stop_id': '110-2', 'to_stop_id': 'A-2', 'trip_id': '2-0-3', 'agency_name': 'Unknown'}, {'duration': 30, 'departure_time': 5820, 'arrival_time': 5850, 'day': 'current_day', 'from_stop_id': 'A-2', 'to_stop_id': 'A-0', 'trip_id': 'walking', 'agency_name': 'Unknown'}, {'duration': 1800, 'departure_time': 6000, 'arrival_time': 7800, 'day': 'current_day', 'from_stop_id': 'A-0', 'to_stop_id': 'B-0', 'trip_id': 'IE-4-0', 'agency_name': 'Unknown'}, {'duration': 30, 'departure_time': 7800, 'arrival_time': 7830, 'day': 'current_day', 'from_stop_id': 'B-0', 'to_stop_id': 'B-1', 'trip_id': 'walking', 'agency_name': 'Unknown'}, {'duration': 450, 'departure_time': 7920, 'arrival_time': 8370, 'day': 'current_day', 'from_stop_id': 'B-1', 'to_stop_id': '175-1', 'trip_id': '3-1-7', 'agency_name': 'Unknown'}]}",6303.0
7,235,6480,inter,left,100,[5],[231],1000,751,2000,1503,7231,7291.0,11670.0,11730.0,4379.0,4.0,5,231,,,pt,13233.0,6753.0,"{'duration': 4379, 'source_transfer_time': 0, 'waiting_time': 479, 'trip_time': 3900, 'num_transfers': 4, 'departure_time': 7291, 'departure_day': 'current_day', 'arrival_time': 11670, 'arrival_day': 'current_day', 'steps': [{'duration': 450, 'departure_time': 7770, 'arrival_time': 8220, 'day': 'current_day', 'from_stop_id': '5-2', 'to_stop_id': 'A-2', 'trip_id': '2-1-7', 'agency_name': 'Unknown'}, {'duration': 30, 'departure_time': 8220, 'arrival_time': 8250, 'day': 'current_day', 'from_stop_id': 'A-2', 'to_stop_id': 'A-0', 'trip_id': 'walking', 'agency_name': 'Unknown'}, {'duration': 1800, 'departure_time': 9000, 'arrival_time': 10800, 'day': 'current_day', 'from_stop_id': 'A-0', 'to_stop_id': 'B-0', 'trip_id': 'IE-6-0', 'agency_name': 'Unknown'}, {'duration': 30, 'departure_time': 10800, 'arrival_time': 10830, 'day': 'current_day', 'from_stop_id': 'B-0', 'to_stop_id': 'B-2', 'trip_id': 'walking', 'agency_name': 'Unknown'}, {'duration': 450, 'departure_time': 11220, 'arrival_time': 11670, 'day': 'current_day', 'from_stop_id': 'B-2', 'to_stop_id': '231-2', 'trip_id': '4-1-12', 'agency_name': 'Unknown'}]}",6753.0
69,184,7590,inter,left,101,[59],[176],500,375,500,375,7965,8025.0,11280.0,11340.0,3255.0,4.0,59,176,,,pt,11715.0,4125.0,"{'duration': 3255, 'source_transfer_time': 0, 'waiting_time': 225, 'trip_time': 3030, 'num_transfers': 4, 'departure_time': 8025, 'departure_day': 'current_day', 'arrival_time': 11280, 'arrival_day': 'current_day', 'steps': [{'duration': 270, 'departure_time': 8250, 'arrival_time': 8520, 'day': 'current_day', 'from_stop_id': '59-1', 'to_stop_id': 'A-1', 'trip_id': '1-1-8', 'agency_name': 'Unknown'}, {'duration': 30, 'departure_time': 8520, 'arrival_time': 8550, 'day': 'current_day', 'from_stop_id': 'A-1', 'to_stop_id': 'A-0', 'trip_id': 'walking', 'agency_name': 'Unknown'}, {'duration': 1800, 'departure_time': 9000, 'arrival_time': 10800, 'day': 'current_day', 'from_stop_id': 'A-0', 'to_stop_id': 'B-0', 'trip_id': 'IE-6-0', 'agency_name': 'Unknown'}, {'duration': 30, 'departure_time': 10800, 'arrival_time': 10830, 'day': 'current_day', 'from_stop_id': 'B-0', 'to_stop_id': 'B-1', 'trip_id': 'walking', 'agency_name': 'Unknown'}, {'duration': 360, 'departure_time': 10920, 'arrival_time': 11280, 'day': 'current_day', 'from_stop_id': 'B-1', 'to_stop_id': '176-1', 'trip_id': '3-1-12', 'agency_name': 'Unknown'}]}",4125.0
8,166,13500,inter,left,102,[5],[176],1500,1127,500,375,14627,14687.0,19080.0,19140.0,4393.0,4.0,5,176,,,pt,19515.0,6015.0,"{'duration': 4393, 'source_transfer_time': 0, 'waiting_time': 283, 'trip_time': 4110, 'num_transfers': 4, 'departure_time': 14687, 'departure_day': 'current_day', 'arrival_time': 19080, 'arrival_day': 'current_day', 'steps': [{'duration': 450, 'departure_time': 14970, 'arrival_time': 15420, 'day': 'current_day', 'from_stop_id': '5-2', 'to_stop_id': 'A-2', 'trip_id': '2-1-19', 'agency_name': 'Unknown'}, {'duration': 30, 'departure_time': 15420, 'arrival_time': 15450, 'day': 'current_day', 'from_stop_id': 'A-2', 'to_stop_id': 'A-0', 'trip_id': 'walking', 'agency_name': 'Unknown'}, {'duration': 1800, 'departure_time': 16500, 'arrival_time': 18300, 'day': 'current_day', 'from_stop_id': 'A-0', 'to_stop_id': 'B-0', 'trip_id': 'IE-11-0', 'agency_name': 'Unknown'}, {'duration': 30, 'departure_time': 18300, 'arrival_time': 18330, 'day': 'current_day', 'from_stop_id': 'B-0', 'to_stop_id': 'B-1', 'trip_id': 'walking', 'agency_name': 'Unknown'}, {'duration': 360, 'departure_time': 18720, 'arrival_time': 19080, 'day': 'current_day', 'from_stop_id': 'B-1', 'to_stop_id': '176-1', 'trip_id': '3-1-25', 'agency_name': 'Unknown'}]}",6015.0
3,157,8610,inter,left,103,[5],[159; 178],1000,751,1000,751,9361,9421.0,12600.0,12660.0,3179.0,4.0,5,159,,,pt,13411.0,4801.0,"{'duration': 3179, 'source_transfer_time': 0, 'waiting_time': 149, 'trip_time': 3030, 'num_transfers': 4, 'departure_time': 9421, 'departure_day': 'current_day', 'arrival_time': 12600, 'arrival_day': 'current_day', 'steps': [{'duration': 450, 'departure_time': 9570, 'arrival_time': 10020, 'day': 'current_day', 'from_stop_id': '5-2', 'to_stop_id': 'A-2', 'trip_id': '2-1-10', 'agency_name': 'Unknown'}, {'duration': 30, 'departure_time': 10020, 'arrival_time': 10050, 'day': 'current_day', 'from_stop_id': 'A-2', 'to_stop_id': 'A-0', 'trip_id': 'walking', 'agency_name': 'Unknown'}, {'duration': 1800, 'departure_time': 10500, 'arrival_time': 12300, 'day': 'current_day', 'from_stop_id': 'A-0', 'to_stop_id': 'B-0', 'trip_id': 'IE-7-0', 'agency_name': 'Unknown'}, {'duration': 30, 'departure_time': 12300, 'arrival_time': 12330, 'day': 'current_day', 'from_stop_id': 'B-0', 'to_stop_id': 'B-2', 'trip_id': 'walking', 'agency_name': 'Unknown'}, {'duration': 180, 'departure_time': 12420, 'arrival_time': 12600, 'day': 'current_day', 'from_stop_id': 'B-2', 'to_stop_id': '159-2', 'trip_id': '4-0-14', 'agency_name': 'Unknown'}]}",4801.0
105,187,11100,inter,left,104,[54; 110],[238; 240],2500,1879,500,375,12979,13039.0,17010.0,17070.0,3971.0,4.0,54,238,,,pt,17445.0,6345.0,"{'duration': 3971, 'source_transfer_time': 0, 'waiting_time': 431, 'trip_time': 3540, 'num_transfers': 4, 'departure_time': 13039, 'departure_day': 'current_day', 'arrival_time': 17010, 'arrival_day': 'current_day', 'steps': [{'duration': 450, 'departure_time': 13470, 'arrival_time': 13920, 'day': 'current_day', 'from_stop_id': '54-1', 'to_stop_id': 'A-1', 'trip_id': '1-0-17', 'agency_name': 'Unknown'}, {'duration': 30, 'departure_time': 13920, 'arrival_time': 13950, 'day': 'current_day', 'from_stop_id': 'A-1', 'to_stop_id': 'A-0', 'trip_id': 'walking', 'agency_name': 'Unknown'}, {'duration': 1800, 'departure_time': 15000, 'arrival_time': 16800, 'day': 'current_day', 'from_stop_id': 'A-0', 'to_stop_id': 'B-0', 'trip_id': 'IE-10-0', 'agency_name': 'Unknown'}, {'duration': 30, 'departure_time': 16800, 'arrival_time': 16830, 'day': 'current_day', 'from_stop_id': 'B-0', 'to_stop_id': 'B-1', 'trip_id': 'walking', 'agency_name': 'Unknown'}, {'duration': 90, 'departure_time': 16920, 'arrival_time': 17010, 'day': 'current_day', 'from_stop_id': 'B-1', 'to_stop_id': '238-1', 'trip_id': '3-1-22', 'agency_name': 'Unknown'}]}",6345.0
42,143,9870,inter,left,105,[60],[175],1000,751,1500,1127,10621,10681.0,14370.0,14430.0,3689.0,4.0,60,175,,,pt,15557.0,5687.0,"{'duration': 3689, 'source_transfer_time': 0, 'waiting_time': 479, 'trip_time': 3210, 'num_transfers': 4, 'departure_time': 10681, 'departure_day': 'current_day', 'arrival_time': 14370, 'arrival_day': 'current_day', 'steps': [{'duration': 360, 'departure_time': 11160, 'arrival_time': 11520, 'day': 'current_day', 'from_stop_id': '60-1', 'to_stop_id': 'A-1', 'trip_id': '1-1-13', 'agency_name': 'Unknown'}, {'duration': 30, 'departure_time': 11520, 'arrival_time': 11550, 'day': 'current_day', 'from_stop_id': 'A-1', 'to_stop_id': 'A-0', 'trip_id': 'walking', 'agency_name': 'Unknown'}, {'duration': 1800, 'departure_time': 12000, 'arrival_time': 13800, 'day': 'current_day', 'from_stop_id': 'A-0', 'to_stop_id': 'B-0', 'trip_id': 'IE-8-0', 'agency_name': 'Unknown'}, {'duration': 30, 'departure_time': 13800, 'arrival_time': 13830, 'day': 'current_day', 'from_stop_id': 'B-0', 'to_stop_id': 'B-1', 'trip_id': 'walking', 'agency_name': 'Unknown'}, {'duration': 450, 'departure_time': 13920, 'arrival_time': 14370, 'day': 'current_day', 'from_stop_id': 'B-1', 'to_stop_id': '175-1', 'trip_id': '3-1-17', 'agency_name': 'Unknown'}]}",5687.0
50,204,13590,inter,left,106,[58],[175],500,375,1500,1127,13965,14025.0,17370.0,17430.0,3345.0,4.0,58,175,,,pt,18557.0,4967.0,"{'duration': 3345, 'source_transfer_time': 0, 'waiting_time': 315, 'trip_time': 3030, 'num_transfers': 4, 'departure_time': 14025, 'departure_day': 'current_day', 'arrival_time': 17370, 'arrival_day': 'current_day', 'steps': [{'duration': 180, 'departure_time': 14340, 'arrival_time': 14520, 'day': 'current_day', 'from_stop_id': '58-1', 'to_stop_id': 'A-1', 'trip_id': '1-1-18', 'agency_name': 'Unknown'}, {'duration': 30, 'departure_time': 14520, 'arrival_time': 14550, 'day': 'current_day', 'from_stop_id': 'A-1', 'to_stop_id': 'A-0', 'trip_id': 'walking', 'agency_name': 'Unknown'}, {'duration': 1800, 'departure_time': 15000, 'arrival_time': 16800, 'day': 'current_day', 'from_stop_id': 'A-0', 'to_stop_id': 'B-0', 'trip_id': 'IE-10-0', 'agency_name': 'Unknown'}, {'duration': 30, 'departure_time': 16800, 'arrival_time': 16830, 'day': 'current_day', 'from_stop_id': 'B-0', 'to_stop_id': 'B-1', 'trip_id': 'walking', 'agency_name': 'Unknown'}, {'duration': 450, 'departure_time': 16920, 'arrival_time': 17370, 'day': 'current_day', 'from_stop_id': 'B-1', 'to_stop_id': '175-1', 'trip_id': '3-1-22', 'agency_name': 'Unknown'}]}",4967.0
47,186,14160,inter,left,107,[57],[178],500,375,500,375,14535,14595.0,18900.0,18960.0,4305.0,4.0,57,178,,,pt,19335.0,5175.0,"{'duration': 4305, 'source_transfer_time': 0, 'waiting_time': 345, 'trip_time': 3960, 'num_transfers': 4, 'departure_time': 14595, 'departure_day': 'current_day', 'arrival_time': 18900, 'arrival_day': 'current_day', 'steps': [{'duration': 180, 'departure_time': 14940, 'arrival_time': 15120, 'day': 'current_day', 'from_stop_id': '57-1', 'to_stop_id': 'A-1', 'trip_id': '1-0-19', 'agency_name': 'Unknown'}, {'duration': 30, 'departure_time': 15120, 'arrival_time': 15150, 'day': 'current_day', 'from_stop_id': 'A-1', 'to_stop_id': 'A-0', 'trip_id': 'walking', 'agency_name': 'Unknown'}, {'duration': 1800, 'departure_time': 16500, 'arrival_time': 18300, 'day': 'current_day', 'from_stop_id': 'A-0', 'to_stop_id': 'B-0', 'trip_id': 'IE-11-0', 'agency_name': 'Unknown'}, {'duration': 30, 'departure_time': 18300, 'arrival_time': 18330, 'day': 'current_day', 'from_stop_id': 'B-0', 'to_stop_id': 'B-1', 'trip_id': 'walking', 'agency_name': 'Unknown'}, {'duration': 180, 'departure_time': 18720, 'arrival_time': 18900, 'day': 'current_day', 'from_stop_id': 'B-1', 'to_stop_id': '178-1', 'trip_id': '3-1-25', 'agency_name': 'Unknown'}]}",5175.0
69,221,8760,inter,left,108,[59],[220],500,375,500,375,9135,9195.0,12780.0,12840.0,3585.0,4.0,59,220,,,pt,13215.0,4455.0,"{'duration': 3585, 'source_transfer_time': 0, 'waiting_time': 255, 'trip_time': 3330, 'num_transfers': 4, 'departure_time': 9195, 'departure_day': 'current_day', 'arrival_time': 12780, 'arrival_day': 'current_day', 'steps': [{'duration': 270, 'departure_time': 9450, 'arrival_time': 9720, 'day': 'current_day', 'from_stop_id': '59-1', 'to_stop_id': 'A-1', 'trip_id': '1-1-10', 'agency_name': 'Unknown'}, {'duration': 30, 'departure_time': 9720, 'arrival_time': 9750, 'day': 'current_day', 'from_stop_id': 'A-1', 'to_stop_id': 'A-0', 'trip_id': 'walking', 'agency_name': 'Unknown'}, {'duration': 1800, 'departure_time': 10500, 'arrival_time': 12300, 'day': 'current_day', 'from_stop_id': 'A-0', 'to_stop_id': 'B-0', 'trip_id': 'IE-7-0', 'agency_name': 'Unknown'}, {'duration': 30, 'departure_time': 12300, 'arrival_time': 12330, 'day': 'current_day', 'from_stop_id': 'B-0', 'to_stop_id': 'B-2', 'trip_id': 'walking', 'agency_name': 'Unknown'}, {'duration': 360, 'departure_time': 12420, 'arrival_time': 12780, 'day': 'current_day', 'from_stop_id': 'B-2', 'to_stop_id': '220-2', 'trip_id': '4-1-14', 'agency_name': 'Unknown'}]}",4455.0
99,141,12750,inter,left,109,[99],[137; 181],0,0,2000,1503,12750,12810.0,17280.0,17340.0,4470.0,4.0,99,181,,,pt,18843.0,6093.0,"{'duration': 4470, 'source_transfer_time': 0, 'waiting_time': 450, 'trip_time': 4020, 'num_transfers': 4, 'departure_time': 12810, 'departure_day': 'current_day', 'arrival_time': 17280, 'arrival_day': 'current_day', 'steps': [{'duration': 360, 'departure_time': 13260, 'arrival_time': 13620, 'day': 'current_day', 'from_stop_id': '99-2', 'to_stop_id': 'A-2', 'trip_id': '2-0-16', 'agency_name': 'Unknown'}, {'duration': 30, 'departure_time': 13620, 'arrival_time': 13650, 'day': 'current_day', 'from_stop_id': 'A-2', 'to_stop_id': 'A-0', 'trip_id': 'walking', 'agency_name': 'Unknown'}, {'duration': 1800, 'departure_time': 15000, 'arrival_time': 16800, 'day': 'current_day', 'from_stop_id': 'A-0', 'to_stop_id': 'B-0', 'trip_id': 'IE-10-0', 'agency_name': 'Unknown'}, {'duration': 30, 'departure_time': 16800, 'arrival_time': 16830, 'day': 'current_day', 'from_stop_id': 'B-0', 'to_stop_id': 'B-1', 'trip_id': 'walking', 'agency_name': 'Unknown'}, {'duration': 360, 'departure_time': 16920, 'arrival_time': 17280, 'day': 'current_day', 'from_stop_id': 'B-1', 'to_stop_id': '181-1', 'trip_id': '3-0-22', 'agency_name': 'Unknown'}]}",6093.0
72,203,12090,inter,left,110,[54],[182],1000,751,1000,751,12841,12901.0,17370.0,17430.0,4469.0,4.0,54,182,,,pt,18181.0,6091.0,"{'duration': 4469, 'source_transfer_time': 0, 'waiting_time': 569, 'trip_time': 3900, 'num_transfers': 4, 'departure_time': 12901, 'departure_day': 'current_day', 'arrival_time': 17370, 'arrival_day': 'current_day', 'steps': [{'duration': 450, 'departure_time': 13470, 'arrival_time': 13920, 'day': 'current_day', 'from_stop_id': '54-1', 'to_stop_id': 'A-1', 'trip_id': '1-0-17', 'agency_name': 'Unknown'}, {'duration': 30, 'departure_time': 13920, 'arrival_time': 13950, 'day': 'current_day', 'from_stop_id': 'A-1', 'to_stop_id': 'A-0', 'trip_id': 'walking', 'agency_name': 'Unknown'}, {'duration': 1800, 'departure_time': 15000, 'arrival_time': 16800, 'day': 'current_day', 'from_stop_id': 'A-0', 'to_stop_id': 'B-0', 'trip_id': 'IE-10-0', 'agency_name': 'Unknown'}, {'duration': 30, 'departure_time': 16800, 'arrival_time': 16830, 'day': 'current_day', 'from_stop_id': 'B-0', 'to_stop_id': 'B-1', 'trip_id': 'walking', 'agency_name': 'Unknown'}, {'duration': 450, 'departure_time': 16920, 'arrival_time': 17370, 'day': 'current_day', 'from_stop_id': 'B-1', 'to_stop_id': '182-1', 'trip_id': '3-0-22', 'agency_name': 'Unknown'}]}",6091.0
5,205,5400,inter,left,111,[5],[176],0,0,1500,1127,5400,5460.0,10080.0,10140.0,4620.0,4.0,5,176,,,pt,11267.0,5867.0,"{'duration': 4620, 'source_transfer_time': 0, 'waiting_time': 510, 'trip_time': 4110, 'num_transfers': 4, 'departure_time': 5460, 'departure_day': 'current_day', 'arrival_time': 10080, 'arrival_day': 'current_day', 'steps': [{'duration': 450, 'departure_time': 5970, 'arrival_time': 6420, 'day': 'current_day', 'from_stop_id': '5-2', 'to_stop_id': 'A-2', 'trip_id': '2-1-4', 'agency_name': 'Unknown'}, {'duration': 30, 'departure_time': 6420, 'arrival_time': 6450, 'day': 'current_day', 'from_stop_id': 'A-2', 'to_stop_id': 'A-0', 'trip_id': 'walking', 'agency_name': 'Unknown'}, {'duration': 1800, 'departure_time': 7500, 'arrival_time': 9300, 'day': 'current_day', 'from_stop_id': 'A-0', 'to_stop_id': 'B-0', 'trip_id': 'IE-5-0', 'agency_name': 'Unknown'}, {'duration': 30, 'departure_time': 9300, 'arrival_time': 9330, 'day': 'current_day', 'from_stop_id': 'B-0', 'to_stop_id': 'B-1', 'trip_id': 'walking', 'agency_name': 'Unknown'}, {'duration': 360, 'departure_time': 9720, 'arrival_time': 10080, 'day': 'current_day', 'from_stop_id': 'B-1', 'to_stop_id': '176-1', 'trip_id': '3-1-10', 'agency_name': 'Unknown'}]}",5867.0
5,136,12390,inter,left,112,[5],[137],0,0,500,375,12390,12450.0,15780.0,15840.0,3330.0,4.0,5,137,,,pt,16215.0,3825.0,"{'duration': 3330, 'source_transfer_time': 0, 'waiting_time': 120, 'trip_time': 3210, 'num_transfers': 4, 'departure_time': 12450, 'departure_day': 'current_day', 'arrival_time': 15780, 'arrival_day': 'current_day', 'steps': [{'duration': 450, 'departure_time': 12570, 'arrival_time': 13020, 'day': 'current_day', 'from_stop_id': '5-2', 'to_stop_id': 'A-2', 'trip_id': '2-1-15', 'agency_name': 'Unknown'}, {'duration': 30, 'departure_time': 13020, 'arrival_time': 13050, 'day': 'current_day', 'from_stop_id': 'A-2', 'to_stop_id': 'A-0', 'trip_id': 'walking', 'agency_name': 'Unknown'}, {'duration': 1800, 'departure_time': 13500, 'arrival_time': 15300, 'day': 'current_day', 'from_stop_id': 'A-0', 'to_stop_id': 'B-0', 'trip_id': 'IE-9-0', 'agency_name': 'Unknown'}, {'duration': 30, 'departure_time': 15300, 'arrival_time': 15330, 'day': 'current_day', 'from_stop_id': 'B-0', 'to_stop_id': 'B-2', 'trip_id': 'walking', 'agency_name': 'Unknown'}, {'duration': 360, 'departure_time': 15420, 'arrival_time': 15780, 'day': 'current_day', 'from_stop_id': 'B-2', 'to_stop_id': '137-2', 'trip_id': '4-0-19', 'agency_name': 'Unknown'}]}",3825.0
6,148,9090,inter,left,113,[5],[148],500,375,0,0,9465,9525.0,12690.0,12750.0,3165.0,4.0,5,148,,,pt,12750.0,3660.0,"{'duration': 3165, 'source_transfer_time': 0, 'waiting_time': 45, 'trip_time': 3120, 'num_transfers': 4, 'departure_time': 9525, 'departure_day': 'current_day', 'arrival_time': 12690, 'arrival_day': 'current_day', 'steps': [{'duration': 450, 'departure_time': 9570, 'arrival_time': 10020, 'day': 'current_day', 'from_stop_id': '5-2', 'to_stop_id': 'A-2', 'trip_id': '2-1-10', 'agency_name': 'Unknown'}, {'duration': 30, 'departure_time': 10020, 'arrival_time': 10050, 'day': 'current_day', 'from_stop_id': 'A-2', 'to_stop_id': 'A-0', 'trip_id': 'walking', 'agency_name': 'Unknown'}, {'duration': 1800, 'departure_time': 10500, 'arrival_time': 12300, 'day': 'current_day', 'from_stop_id': 'A-0', 'to_stop_id': 'B-0', 'trip_id': 'IE-7-0', 'agency_name': 'Unknown'}, {'duration': 30, 'departure_time': 12300, 'arrival_time': 12330, 'day': 'current_day', 'from_stop_id': 'B-0', 'to_stop_id': 'B-2', 'trip_id': 'walking', 'agency_name': 'Unknown'}, {'duration': 270, 'departure_time': 12420, 'arrival_time': 12690, 'day': 'current_day', 'from_stop_id': 'B-2', 'to_stop_id': '148-2', 'trip_id': '4-0-14', 'agency_name': 'Unknown'}]}",3660.0
106,144,13770,inter,left,114,[110],[176],2000,1503,1500,1127,15273,15333.0,19080.0,19140.0,3747.0,4.0,110,176,,,pt,20267.0,6497.0,"{'duration': 3747, 'source_transfer_time': 0, 'waiting_time': 237, 'trip_time': 3510, 'num_transfers': 4, 'departure_time': 15333, 'departure_day': 'current_day', 'arrival_time': 19080, 'arrival_day': 'current_day', 'steps': [{'duration': 450, 'departure_time': 15570, 'arrival_time': 16020, 'day': 'current_day', 'from_stop_id': '110-2', 'to_stop_id': 'A-2', 'trip_id': '2-0-20', 'agency_name': 'Unknown'}, {'duration': 30, 'departure_time': 16020, 'arrival_time': 16050, 'day': 'current_day', 'from_stop_id': 'A-2', 'to_stop_id': 'A-0', 'trip_id': 'walking', 'agency_name': 'Unknown'}, {'duration': 1800, 'departure_time': 16500, 'arrival_time': 18300, 'day': 'current_day', 'from_stop_id': 'A-0', 'to_stop_id': 'B-0', 'trip_id': 'IE-11-0', 'agency_name': 'Unknown'}, {'duration': 30, 'departure_time': 18300, 'arrival_time': 18330, 'day': 'current_day', 'from_stop_id': 'B-0', 'to_stop_id': 'B-1', 'trip_id': 'walking', 'agency_name': 'Unknown'}, {'duration': 360, 'departure_time': 18720, 'arrival_time': 19080, 'day': 'current_day', 'from_stop_id': 'B-1', 'to_stop_id': '176-1', 'trip_id': '3-1-25', 'agency_name': 'Unknown'}]}",6497.0
35,123,14220,inter,left,115,[56],[126],1000,751,1500,1127,14971,15031.0,18870.0,18930.0,3839.0,4.0,56,126,,,pt,20057.0,5837.0,"{'duration': 3839, 'source_transfer_time': 0, 'waiting_time': 419, 'trip_time': 3420, 'num_transfers': 4, 'departure_time': 15031, 'departure_day': 'current_day', 'arrival_time': 18870, 'arrival_day': 'current_day', 'steps': [{'duration': 270, 'departure_time': 15450, 'arrival_time': 15720, 'day': 'current_day', 'from_stop_id': '56-1', 'to_stop_id': 'A-1', 'trip_id': '1-0-20', 'agency_name': 'Unknown'}, {'duration': 30, 'departure_time': 15720, 'arrival_time': 15750, 'day': 'current_day', 'from_stop_id': 'A-1', 'to_stop_id': 'A-0', 'trip_id': 'walking', 'agency_name': 'Unknown'}, {'duration': 1800, 'departure_time': 16500, 'arrival_time': 18300, 'day': 'current_day', 'from_stop_id': 'A-0', 'to_stop_id': 'B-0', 'trip_id': 'IE-11-0', 'agency_name': 'Unknown'}, {'duration': 30, 'departure_time': 18300, 'arrival_time': 18330, 'day': 'current_day', 'from_stop_id': 'B-0', 'to_stop_id': 'B-2', 'trip_id': 'walking', 'agency_name': 'Unknown'}, {'duration': 450, 'departure_time': 18420, 'arrival_time': 18870, 'day': 'current_day', 'from_stop_id': 'B-2', 'to_stop_id': '126-2', 'trip_id': '4-0-24', 'agency_name': 'Unknown'}]}",5837.0
54,144,10410,inter,left,116,[54],[176],0,0,1500,1127,10410,10470.0,14280.0,14340.0,3810.0,4.0,54,176,,,pt,15467.0,5057.0,"{'duration': 3810, 'source_transfer_time': 0, 'waiting_time': 0, 'trip_time': 3810, 'num_transfers': 4, 'departure_time': 10470, 'departure_day': 'current_day', 'arrival_time': 14280, 'arrival_day': 'current_day', 'steps': [{'duration': 450, 'departure_time': 10470, 'arrival_time': 10920, 'day': 'current_day', 'from_stop_id': '54-1', 'to_stop_id': 'A-1', 'trip_id': '1-0-12', 'agency_name': 'Unknown'}, {'duration': 30, 'departure_time': 10920, 'arrival_time': 10950, 'day': 'current_day', 'from_stop_id': 'A-1', 'to_stop_id': 'A-0', 'trip_id': 'walking', 'agency_name': 'Unknown'}, {'duration': 1800, 'departure_time': 12000, 'arrival_time': 13800, 'day': 'current_day', 'from_stop_id': 'A-0', 'to_stop_id': 'B-0', 'trip_id': 'IE-8-0', 'agency_name': 'Unknown'}, {'duration': 30, 'departure_time': 13800, 'arrival_time': 13830, 'day': 'current_day', 'from_stop_id': 'B-0', 'to_stop_id': 'B-1', 'trip_id': 'walking', 'agency_name': 'Unknown'}, {'duration': 360, 'departure_time': 13920, 'arrival_time': 14280, 'day': 'current_day', 'from_stop_id': 'B-1', 'to_stop_id': '176-1', 'trip_id': '3-1-17', 'agency_name': 'Unknown'}]}",5057.0
113,229,9180,inter,left,117,[110],[231],1500,1127,1000,751,10307,10367.0,14670.0,14730.0,4303.0,4.0,110,231,,,pt,15481.0,6301.0,"{'duration': 4303, 'source_transfer_time': 0, 'waiting_time': 403, 'trip_time': 3900, 'num_transfers': 4, 'departure_time': 10367, 'departure_day': 'current_day', 'arrival_time': 14670, 'arrival_day': 'current_day', 'steps': [{'duration': 450, 'departure_time': 10770, 'arrival_time': 11220, 'day': 'current_day', 'from_stop_id': '110-2', 'to_stop_id': 'A-2', 'trip_id': '2-0-12', 'agency_name': 'Unknown'}, {'duration': 30, 'departure_time': 11220, 'arrival_time': 11250, 'day': 'current_day', 'from_stop_id': 'A-2', 'to_stop_id': 'A-0', 'trip_id': 'walking', 'agency_name': 'Unknown'}, {'duration': 1800, 'departure_time': 12000, 'arrival_time': 13800, 'day': 'current_day', 'from_stop_id': 'A-0', 'to_stop_id': 'B-0', 'trip_id': 'IE-8-0', 'agency_name': 'Unknown'}, {'duration': 30, 'departure_time': 13800, 'arrival_time': 13830, 'day': 'current_day', 'from_stop_id': 'B-0', 'to_stop_id': 'B-2', 'trip_id': 'walking', 'agency_name': 'Unknown'}, {'duration': 450, 'departure_time': 14220, 'arrival_time': 14670, 'day': 'current_day', 'from_stop_id': 'B-2', 'to_stop_id': '231-2', 'trip_id': '4-1-17', 'agency_name': 'Unknown'}]}",6301.0
19,139,4380,inter,left,118,[16],[137],1500,1127,1000,751,5507,5567.0,9780.0,9840.0,4213.0,4.0,16,137,,,pt,10591.0,6211.0,"{'duration': 4213, 'source_transfer_time': 0, 'waiting_time': 493, 'trip_time': 3720, 'num_transfers': 4, 'departure_time': 5567, 'departure_day': 'current_day', 'arrival_time': 9780, 'arrival_day': 'current_day', 'steps': [{'duration': 360, 'departure_time': 6060, 'arrival_time': 6420, 'day': 'current_day', 'from_stop_id': '16-2', 'to_stop_id': 'A-2', 'trip_id': '2-1-4', 'agency_name': 'Unknown'}, {'duration': 30, 'departure_time': 6420, 'arrival_time': 6450, 'day': 'current_day', 'from_stop_id': 'A-2', 'to_stop_id': 'A-0', 'trip_id': 'walking', 'agency_name': 'Unknown'}, {'duration': 1800, 'departure_time': 7500, 'arrival_time': 9300, 'day': 'current_day', 'from_stop_id': 'A-0', 'to_stop_id': 'B-0', 'trip_id': 'IE-5-0', 'agency_name': 'Unknown'}, {'duration': 30, 'departure_time': 9300, 'arrival_time': 9330, 'day': 'current_day', 'from_stop_id': 'B-0', 'to_stop_id': 'B-2', 'trip_id': 'walking', 'agency_name': 'Unknown'}, {'duration': 360, 'departure_time': 9420, 'arrival_time': 9780, 'day': 'current_day', 'from_stop_id': 'B-2', 'to_stop_id': '137-2', 'trip_id': '4-0-9', 'agency_name': 'Unknown'}]}",6211.0
57,148,6750,inter,left,119,[57],[148],0,0,0,0,6750,6810.0,9690.0,9750.0,2880.0,4.0,57,148,,,pt,9750.0,3000.0,"{'duration': 2880, 'source_transfer_time': 0, 'waiting_time': 330, 'trip_time': 2550, 'num_transfers': 4, 'departure_time': 6810, 'departure_day': 'current_day', 'arrival_time': 9690, 'arrival_day': 'current_day', 'steps': [{'duration': 180, 'departure_time': 7140, 'arrival_time': 7320, 'day': 'current_day', 'from_stop_id': '57-1', 'to_stop_id': 'A-1', 'trip_id': '1-0-6', 'agency_name': 'Unknown'}, {'duration': 30, 'departure_time': 7320, 'arrival_time': 7350, 'day': 'current_day', 'from_stop_id': 'A-1', 'to_stop_id': 'A-0', 'trip_id': 'walking', 'agency_name': 'Unknown'}, {'duration': 1800, 'departure_time': 7500, 'arrival_time': 9300, 'day': 'current_day', 'from_stop_id': 'A-0', 'to_stop_id': 'B-0', 'trip_id': 'IE-5-0', 'agency_name': 'Unknown'}, {'duration': 30, 'departure_time': 9300, 'arrival_time': 9330, 'day': 'current_day', 'from_stop_id': 'B-0', 'to_stop_id': 'B-2', 'trip_id': 'walking', 'agency_name': 'Unknown'}, {'duration': 270, 'departure_time': 9420, 'arrival_time': 9690, 'day': 'current_day', 'from_stop_id': 'B-2', 'to_stop_id': '148-2', 'trip_id': '4-0-9', 'agency_name': 'Unknown'}]}",3000.0
26,201,12990,inter,left,120,[27],[180],500,375,1000,751,13365,13425.0,17190.0,17250.0,3765.0,4.0,27,180,,,pt,18001.0,5011.0,"{'duration': 3765, 'source_transfer_time': 0, 'waiting_time': 525, 'trip_time': 3240, 'num_transfers': 4, 'departure_time': 13425, 'departure_day': 'current_day', 'arrival_time': 17190, 'arrival_day': 'current_day', 'steps': [{'duration': 270, 'departure_time': 13950, 'arrival_time': 14220, 'day': 'current_day', 'from_stop_id': '27-2', 'to_stop_id': 'A-2', 'trip_id': '2-1-17', 'agency_name': 'Unknown'}, {'duration': 30, 'departure_time': 14220, 'arrival_time': 14250, 'day': 'current_day', 'from_stop_id': 'A-2', 'to_stop_id': 'A-0', 'trip_id': 'walking', 'agency_name': 'Unknown'}, {'duration': 1800, 'departure_time': 15000, 'arrival_time': 16800, 'day': 'current_day', 'from_stop_id': 'A-0', 'to_stop_id': 'B-0', 'trip_id': 'IE-10-0', 'agency_name': 'Unknown'}, {'duration': 30, 'departure_time': 16800, 'arrival_time': 16830, 'day': 'current_day', 'from_stop_id': 'B-0', 'to_stop_id': 'B-1', 'trip_id': 'walking', 'agency_name': 'Unknown'}, {'duration': 270, 'departure_time': 16920, 'arrival_time': 17190, 'day': 'current_day', 'from_stop_id': 'B-1', 'to_stop_id': '180-1', 'trip_id': '3-0-22', 'agency_name': 'Unknown'}]}",5011.0
68,185,9660,inter,left,121,[58],[177],500,375,500,375,10035,10095.0,12990.0,13050.0,2895.0,4.0,58,177,,,pt,13425.0,3765.0,"{'duration': 2895, 'source_transfer_time': 0, 'waiting_time': 45, 'trip_time': 2850, 'num_transfers': 4, 'departure_time': 10095, 'departure_day': 'current_day', 'arrival_time': 12990, 'arrival_day': 'current_day', 'steps': [{'duration': 180, 'departure_time': 10140, 'arrival_time': 10320, 'day': 'current_day', 'from_stop_id': '58-1', 'to_stop_id': 'A-1', 'trip_id': '1-1-11', 'agency_name': 'Unknown'}, {'duration': 30, 'departure_time': 10320, 'arrival_time': 10350, 'day': 'current_day', 'from_stop_id': 'A-1', 'to_stop_id': 'A-0', 'trip_id': 'walking', 'agency_name': 'Unknown'}, {'duration': 1800, 'departure_time': 10500, 'arrival_time': 12300, 'day': 'current_day', 'from_stop_id': 'A-0', 'to_stop_id': 'B-0', 'trip_id': 'IE-7-0', 'agency_name': 'Unknown'}, {'duration': 30, 'departure_time': 12300, 'arrival_time': 12330, 'day': 'current_day', 'from_stop_id': 'B-0', 'to_stop_id': 'B-1', 'trip_id': 'walking', 'agency_name': 'Unknown'}, {'duration': 270, 'departure_time': 12720, 'arrival_time': 12990, 'day': 'current_day', 'from_stop_id': 'B-1', 'to_stop_id': '177-1', 'trip_id': '3-1-15', 'agency_name': 'Unknown'}]}",3765.0
108,221,4170,inter,left,122,[110],[220],1000,751,500,375,4921,4981.0,8580.0,8640.0,3599.0,4.0,110,220,,,pt,9015.0,4845.0,"{'duration': 3599, 'source_transfer_time': 0, 'waiting_time': 389, 'trip_time': 3210, 'num_transfers': 4, 'departure_time': 4981, 'departure_day': 'current_day', 'arrival_time': 8580, 'arrival_day': 'current_day', 'steps': [{'duration': 450, 'departure_time': 5370, 'arrival_time': 5820, 'day': 'current_day', 'from_stop_id': '110-2', 'to_stop_id': 'A-2', 'trip_id': '2-0-3', 'agency_name': 'Unknown'}, {'duration': 30, 'departure_time': 5820, 'arrival_time': 5850, 'day': 'current_day', 'from_stop_id': 'A-2', 'to_stop_id': 'A-0', 'trip_id': 'walking', 'agency_name': 'Unknown'}, {'duration': 1800, 'departure_time': 6000, 'arrival_time': 7800, 'day': 'current_day', 'from_stop_id': 'A-0', 'to_stop_id': 'B-0', 'trip_id': 'IE-4-0', 'agency_name': 'Unknown'}, {'duration': 30, 'departure_time': 7800, 'arrival_time': 7830, 'day': 'current_day', 'from_stop_id': 'B-0', 'to_stop_id': 'B-2', 'trip_id': 'walking', 'agency_name': 'Unknown'}, {'duration': 360, 'departure_time': 8220, 'arrival_time': 8580, 'day': 'current_day', 'from_stop_id': 'B-2', 'to_stop_id': '220-2', 'trip_id': '4-1-7', 'agency_name': 'Unknown'}]}",4845.0
52,194,8730,inter,left,123,[60],[176],500,375,1000,751,9105,9165.0,13080.0,13140.0,3915.0,4.0,60,176,,,pt,13891.0,5161.0,"{'duration': 3915, 'source_transfer_time': 0, 'waiting_time': 195, 'trip_time': 3720, 'num_transfers': 4, 'departure_time': 9165, 'departure_day': 'current_day', 'arrival_time': 13080, 'arrival_day': 'current_day', 'steps': [{'duration': 360, 'departure_time': 9360, 'arrival_time': 9720, 'day': 'current_day', 'from_stop_id': '60-1', 'to_stop_id': 'A-1', 'trip_id': '1-1-10', 'agency_name': 'Unknown'}, {'duration': 30, 'departure_time': 9720, 'arrival_time': 9750, 'day': 'current_day', 'from_stop_id': 'A-1', 'to_stop_id': 'A-0', 'trip_id': 'walking', 'agency_name': 'Unknown'}, {'duration': 1800, 'departure_time': 10500, 'arrival_time': 12300, 'day': 'current_day', 'from_stop_id': 'A-0', 'to_stop_id': 'B-0', 'trip_id': 'IE-7-0', 'agency_name': 'Unknown'}, {'duration': 30, 'departure_time': 12300, 'arrival_time': 12330, 'day': 'current_day', 'from_stop_id': 'B-0', 'to_stop_id': 'B-1', 'trip_id': 'walking', 'agency_name': 'Unknown'}, {'duration': 360, 'departure_time': 12720, 'arrival_time': 13080, 'day': 'current_day', 'from_stop_id': 'B-1', 'to_stop_id': '176-1', 'trip_id': '3-1-15', 'agency_name': 'Unknown'}]}",5161.0
26,228,5220,inter,left,124,[27],[231],500,375,1500,1127,5595,5655.0,9870.0,9930.0,4215.0,4.0,27,231,,,pt,11057.0,5837.0,"{'duration': 4215, 'source_transfer_time': 0, 'waiting_time': 495, 'trip_time': 3720, 'num_transfers': 4, 'departure_time': 5655, 'departure_day': 'current_day', 'arrival_time': 9870, 'arrival_day': 'current_day', 'steps': [{'duration': 270, 'departure_time': 6150, 'arrival_time': 6420, 'day': 'current_day', 'from_stop_id': '27-2', 'to_stop_id': 'A-2', 'trip_id': '2-1-4', 'agency_name': 'Unknown'}, {'duration': 30, 'departure_time': 6420, 'arrival_time': 6450, 'day': 'current_day', 'from_stop_id': 'A-2', 'to_stop_id': 'A-0', 'trip_id': 'walking', 'agency_name': 'Unknown'}, {'duration': 1800, 'departure_time': 7500, 'arrival_time': 9300, 'day': 'current_day', 'from_stop_id': 'A-0', 'to_stop_id': 'B-0', 'trip_id': 'IE-5-0', 'agency_name': 'Unknown'}, {'duration': 30, 'departure_time': 9300, 'arrival_time': 9330, 'day': 'current_day', 'from_stop_id': 'B-0', 'to_stop_id': 'B-2', 'trip_id': 'walking', 'agency_name': 'Unknown'}, {'duration': 450, 'departure_time': 9420, 'arrival_time': 9870, 'day': 'current_day', 'from_stop_id': 'B-2', 'to_stop_id': '231-2', 'trip_id': '4-1-9', 'agency_name': 'Unknown'}]}",5837.0
60,160,8880,inter,left,125,[60],[159],0,0,500,375,8880,8940.0,12600.0,12660.0,3660.0,4.0,60,159,,,pt,13035.0,4155.0,"{'duration': 3660, 'source_transfer_time': 0, 'waiting_time': 420, 'trip_time': 3240, 'num_transfers': 4, 'departure_time': 8940, 'departure_day': 'current_day', 'arrival_time': 12600, 'arrival_day': 'current_day', 'steps': [{'duration': 360, 'departure_time': 9360, 'arrival_time': 9720, 'day': 'current_day', 'from_stop_id': '60-1', 'to_stop_id': 'A-1', 'trip_id': '1-1-10', 'agency_name': 'Unknown'}, {'duration': 30, 'departure_time': 9720, 'arrival_time': 9750, 'day': 'current_day', 'from_stop_id': 'A-1', 'to_stop_id': 'A-0', 'trip_id': 'walking', 'agency_name': 'Unknown'}, {'duration': 1800, 'departure_time': 10500, 'arrival_time': 12300, 'day': 'current_day', 'from_stop_id': 'A-0', 'to_stop_id': 'B-0', 'trip_id': 'IE-7-0', 'agency_name': 'Unknown'}, {'duration': 30, 'departure_time': 12300, 'arrival_time': 12330, 'day': 'current_day', 'from_stop_id': 'B-0', 'to_stop_id': 'B-2', 'trip_id': 'walking', 'agency_name': 'Unknown'}, {'duration': 180, 'departure_time': 12420, 'arrival_time': 12600, 'day': 'current_day', 'from_stop_id': 'B-2', 'to_stop_id': '159-2', 'trip_id': '4-0-14', 'agency_name': 'Unknown'}]}",4155.0
74,135,10050,inter,left,126,[56],[137],1000,751,1000,751,10801,10861.0,14580.0,14640.0,3719.0,4.0,56,137,,,pt,15391.0,5341.0,"{'duration': 3719, 'source_transfer_time': 0, 'waiting_time': 389, 'trip_time': 3330, 'num_transfers': 4, 'departure_time': 10861, 'departure_day': 'current_day', 'arrival_time': 14580, 'arrival_day': 'current_day', 'steps': [{'duration': 270, 'departure_time': 11250, 'arrival_time': 11520, 'day': 'current_day', 'from_stop_id': '56-1', 'to_stop_id': 'A-1', 'trip_id': '1-0-13', 'agency_name': 'Unknown'}, {'duration': 30, 'departure_time': 11520, 'arrival_time': 11550, 'day': 'current_day', 'from_stop_id': 'A-1', 'to_stop_id': 'A-0', 'trip_id': 'walking', 'agency_name': 'Unknown'}, {'duration': 1800, 'departure_time': 12000, 'arrival_time': 13800, 'day': 'current_day', 'from_stop_id': 'A-0', 'to_stop_id': 'B-0', 'trip_id': 'IE-8-0', 'agency_name': 'Unknown'}, {'duration': 30, 'departure_time': 13800, 'arrival_time': 13830, 'day': 'current_day', 'from_stop_id': 'B-0', 'to_stop_id': 'B-2', 'trip_id': 'walking', 'agency_name': 'Unknown'}, {'duration': 360, 'departure_time': 14220, 'arrival_time': 14580, 'day': 'current_day', 'from_stop_id': 'B-2', 'to_stop_id': '137-2', 'trip_id': '4-0-17', 'agency_name': 'Unknown'}]}",5341.0
33,202,8910,inter,left,127,[54],[181],1000,751,1000,751,9661,9721.0,13080.0,13140.0,3359.0,4.0,54,181,,,pt,13891.0,4981.0,"{'duration': 3359, 'source_transfer_time': 0, 'waiting_time': 149, 'trip_time': 3210, 'num_transfers': 4, 'departure_time': 9721, 'departure_day': 'current_day', 'arrival_time': 13080, 'arrival_day': 'current_day', 'steps': [{'duration': 450, 'departure_time': 9870, 'arrival_time': 10320, 'day': 'current_day', 'from_stop_id': '54-1', 'to_stop_id': 'A-1', 'trip_id': '1-0-11', 'agency_name': 'Unknown'}, {'duration': 30, 'departure_time': 10320, 'arrival_time': 10350, 'day': 'current_day', 'from_stop_id': 'A-1', 'to_stop_id': 'A-0', 'trip_id': 'walking', 'agency_name': 'Unknown'}, {'duration': 1800, 'departure_time': 10500, 'arrival_time': 12300, 'day': 'current_day', 'from_stop_id': 'A-0', 'to_stop_id': 'B-0', 'trip_id': 'IE-7-0', 'agency_name': 'Unknown'}, {'duration': 30, 'departure_time': 12300, 'arrival_time': 12330, 'day': 'current_day', 'from_stop_id': 'B-0', 'to_stop_id': 'B-1', 'trip_id': 'walking', 'agency_name': 'Unknown'}, {'duration': 360, 'departure_time': 12720, 'arrival_time': 13080, 'day': 'current_day', 'from_stop_id': 'B-1', 'to_stop_id': '181-1', 'trip_id': '3-0-15', 'agency_name': 'Unknown'}]}",4981.0
60,199,10020,inter,left,128,[60],[198],0,0,500,375,10020,10080.0,14400.0,14460.0,4320.0,4.0,60,198,,,pt,14835.0,4815.0,"{'duration': 4320, 'source_transfer_time': 0, 'waiting_time': 480, 'trip_time': 3840, 'num_transfers': 4, 'departure_time': 10080, 'departure_day': 'current_day', 'arrival_time': 14400, 'arrival_day': 'current_day', 'steps': [{'duration': 360, 'departure_time': 10560, 'arrival_time': 10920, 'day': 'current_day', 'from_stop_id': '60-1', 'to_stop_id': 'A-1', 'trip_id': '1-1-12', 'agency_name': 'Unknown'}, {'duration': 30, 'departure_time': 10920, 'arrival_time': 10950, 'day': 'current_day', 'from_stop_id': 'A-1', 'to_stop_id': 'A-0', 'trip_id': 'walking', 'agency_name': 'Unknown'}, {'duration': 1800, 'departure_time': 12000, 'arrival_time': 13800, 'day': 'current_day', 'from_stop_id': 'A-0', 'to_stop_id': 'B-0', 'trip_id': 'IE-8-0', 'agency_name': 'Unknown'}, {'duration': 30, 'departure_time': 13800, 'arrival_time': 13830, 'day': 'current_day', 'from_stop_id': 'B-0', 'to_stop_id': 'B-2', 'trip_id': 'walking', 'agency_name': 'Unknown'}, {'duration': 180, 'departure_time': 14220, 'arrival_time': 14400, 'day': 'current_day', 'from_stop_id': 'B-2', 'to_stop_id': '198-2', 'trip_id': '4-1-17', 'agency_name': 'Unknown'}]}",4815.0
39,168,5700,inter,left,129,[38],[178],500,375,500,375,6075,6135.0,9900.0,9960.0,3765.0,4.0,38,178,,,pt,10335.0,4635.0,"{'duration': 3765, 'source_transfer_time': 0, 'waiting_time': 105, 'trip_time': 3660, 'num_transfers': 4, 'departure_time': 6135, 'departure_day': 'current_day', 'arrival_time': 9900, 'arrival_day': 'current_day', 'steps': [{'duration': 180, 'departure_time': 6240, 'arrival_time': 6420, 'day': 'current_day', 'from_stop_id': '38-2', 'to_stop_id': 'A-2', 'trip_id': '2-1-4', 'agency_name': 'Unknown'}, {'duration': 30, 'departure_time': 6420, 'arrival_time': 6450, 'day': 'current_day', 'from_stop_id': 'A-2', 'to_stop_id': 'A-0', 'trip_id': 'walking', 'agency_name': 'Unknown'}, {'duration': 1800, 'departure_time': 7500, 'arrival_time': 9300, 'day': 'current_day', 'from_stop_id': 'A-0', 'to_stop_id': 'B-0', 'trip_id': 'IE-5-0', 'agency_name': 'Unknown'}, {'duration': 30, 'departure_time': 9300, 'arrival_time': 9330, 'day': 'current_day', 'from_stop_id': 'B-0', 'to_stop_id': 'B-1', 'trip_id': 'walking', 'agency_name': 'Unknown'}, {'duration': 180, 'departure_time': 9720, 'arrival_time': 9900, 'day': 'current_day', 'from_stop_id': 'B-1', 'to_stop_id': '178-1', 'trip_id': '3-1-10', 'agency_name': 'Unknown'}]}",4635.0
20,236,10650,inter,left,130,[16; 60],[182; 231],2000,1503,2500,1879,12153,12213.0,15870.0,15930.0,3657.0,4.0,16,231,,,pt,17809.0,7159.0,"{'duration': 3657, 'source_transfer_time': 0, 'waiting_time': 447, 'trip_time': 3210, 'num_transfers': 4, 'departure_time': 12213, 'departure_day': 'current_day', 'arrival_time': 15870, 'arrival_day': 'current_day', 'steps': [{'duration': 360, 'departure_time': 12660, 'arrival_time': 13020, 'day': 'current_day', 'from_stop_id': '16-2', 'to_stop_id': 'A-2', 'trip_id': '2-1-15', 'agency_name': 'Unknown'}, {'duration': 30, 'departure_time': 13020, 'arrival_time': 13050, 'day': 'current_day', 'from_stop_id': 'A-2', 'to_stop_id': 'A-0', 'trip_id': 'walking', 'agency_name': 'Unknown'}, {'duration': 1800, 'departure_time': 13500, 'arrival_time': 15300, 'day': 'current_day', 'from_stop_id': 'A-0', 'to_stop_id': 'B-0', 'trip_id': 'IE-9-0', 'agency_name': 'Unknown'}, {'duration': 30, 'departure_time': 15300, 'arrival_time': 15330, 'day': 'current_day', 'from_stop_id': 'B-0', 'to_stop_id': 'B-2', 'trip_id': 'walking', 'agency_name': 'Unknown'}, {'duration': 450, 'departure_time': 15420, 'arrival_time': 15870, 'day': 'current_day', 'from_stop_id': 'B-2', 'to_stop_id': '231-2', 'trip_id': '4-1-19', 'agency_name': 'Unknown'}]}",7159.0
65,233,9270,inter,left,131,[57],[231],500,375,1000,751,9645,9705.0,12870.0,12930.0,3165.0,4.0,57,231,,,pt,13681.0,4411.0,"{'duration': 3165, 'source_transfer_time': 0, 'waiting_time': 435, 'trip_time': 2730, 'num_transfers': 4, 'departure_time': 9705, 'departure_day': 'current_day', 'arrival_time': 12870, 'arrival_day': 'current_day', 'steps': [{'duration': 180, 'departure_time': 10140, 'arrival_time': 10320, 'day': 'current_day', 'from_stop_id': '57-1', 'to_stop_id': 'A-1', 'trip_id': '1-0-11', 'agency_name': 'Unknown'}, {'duration': 30, 'departure_time': 10320, 'arrival_time': 10350, 'day': 'current_day', 'from_stop_id': 'A-1', 'to_stop_id': 'A-0', 'trip_id': 'walking', 'agency_name': 'Unknown'}, {'duration': 1800, 'departure_time': 10500, 'arrival_time': 12300, 'day': 'current_day', 'from_stop_id': 'A-0', 'to_stop_id': 'B-0', 'trip_id': 'IE-7-0', 'agency_name': 'Unknown'}, {'duration': 30, 'departure_time': 12300, 'arrival_time': 12330, 'day': 'current_day', 'from_stop_id': 'B-0', 'to_stop_id': 'B-2', 'trip_id': 'walking', 'agency_name': 'Unknown'}, {'duration': 450, 'departure_time': 12420, 'arrival_time': 12870, 'day': 'current_day', 'from_stop_id': 'B-2', 'to_stop_id': '231-2', 'trip_id': '4-1-14', 'agency_name': 'Unknown'}]}",4411.0
57,184,8370,inter,left,132,[57],[176],0,0,500,375,8370,8430.0,13080.0,13140.0,4650.0,4.0,57,176,,,pt,13515.0,5145.0,"{'duration': 4650, 'source_transfer_time': 0, 'waiting_time': 510, 'trip_time': 4140, 'num_transfers': 4, 'departure_time': 8430, 'departure_day': 'current_day', 'arrival_time': 13080, 'arrival_day': 'current_day', 'steps': [{'duration': 180, 'departure_time': 8940, 'arrival_time': 9120, 'day': 'current_day', 'from_stop_id': '57-1', 'to_stop_id': 'A-1', 'trip_id': '1-0-9', 'agency_name': 'Unknown'}, {'duration': 30, 'departure_time': 9120, 'arrival_time': 9150, 'day': 'current_day', 'from_stop_id': 'A-1', 'to_stop_id': 'A-0', 'trip_id': 'walking', 'agency_name': 'Unknown'}, {'duration': 1800, 'departure_time': 10500, 'arrival_time': 12300, 'day': 'current_day', 'from_stop_id': 'A-0', 'to_stop_id': 'B-0', 'trip_id': 'IE-7-0', 'agency_name': 'Unknown'}, {'duration': 30, 'departure_time': 12300, 'arrival_time': 12330, 'day': 'current_day', 'from_stop_id': 'B-0', 'to_stop_id': 'B-1', 'trip_id': 'walking', 'agency_name': 'Unknown'}, {'duration': 360, 'departure_time': 12720, 'arrival_time': 13080, 'day': 'current_day', 'from_stop_id': 'B-1', 'to_stop_id': '176-1', 'trip_id': '3-1-15', 'agency_name': 'Unknown'}]}",5145.0
110,211,10500,inter,left,133,[110],[209],0,0,1000,751,10500,10560.0,14490.0,14550.0,3930.0,4.0,110,209,,,pt,15301.0,4801.0,"{'duration': 3930, 'source_transfer_time': 0, 'waiting_time': 210, 'trip_time': 3720, 'num_transfers': 4, 'departure_time': 10560, 'departure_day': 'current_day', 'arrival_time': 14490, 'arrival_day': 'current_day', 'steps': [{'duration': 450, 'departure_time': 10770, 'arrival_time': 11220, 'day': 'current_day', 'from_stop_id': '110-2', 'to_stop_id': 'A-2', 'trip_id': '2-0-12', 'agency_name': 'Unknown'}, {'duration': 30, 'departure_time': 11220, 'arrival_time': 11250, 'day': 'current_day', 'from_stop_id': 'A-2', 'to_stop_id': 'A-0', 'trip_id': 'walking', 'agency_name': 'Unknown'}, {'duration': 1800, 'departure_time': 12000, 'arrival_time': 13800, 'day': 'current_day', 'from_stop_id': 'A-0', 'to_stop_id': 'B-0', 'trip_id': 'IE-8-0', 'agency_name': 'Unknown'}, {'duration': 30, 'departure_time': 13800, 'arrival_time': 13830, 'day': 'current_day', 'from_stop_id': 'B-0', 'to_stop_id': 'B-2', 'trip_id': 'walking', 'agency_name': 'Unknown'}, {'duration': 270, 'departure_time': 14220, 'arrival_time': 14490, 'day': 'current_day', 'from_stop_id': 'B-2', 'to_stop_id': '209-2', 'trip_id': '4-1-17', 'agency_name': 'Unknown'}]}",4801.0
87,125,5850,inter,left,134,[88],[126],500,375,500,375,6225,6285.0,9870.0,9930.0,3585.0,4.0,88,126,,,pt,10305.0,4455.0,"{'duration': 3585, 'source_transfer_time': 0, 'waiting_time': 465, 'trip_time': 3120, 'num_transfers': 4, 'departure_time': 6285, 'departure_day': 'current_day', 'arrival_time': 9870, 'arrival_day': 'current_day', 'steps': [{'duration': 270, 'departure_time': 6750, 'arrival_time': 7020, 'day': 'current_day', 'from_stop_id': '88-2', 'to_stop_id': 'A-2', 'trip_id': '2-0-5', 'agency_name': 'Unknown'}, {'duration': 30, 'departure_time': 7020, 'arrival_time': 7050, 'day': 'current_day', 'from_stop_id': 'A-2', 'to_stop_id': 'A-0', 'trip_id': 'walking', 'agency_name': 'Unknown'}, {'duration': 1800, 'departure_time': 7500, 'arrival_time': 9300, 'day': 'current_day', 'from_stop_id': 'A-0', 'to_stop_id': 'B-0', 'trip_id': 'IE-5-0', 'agency_name': 'Unknown'}, {'duration': 30, 'departure_time': 9300, 'arrival_time': 9330, 'day': 'current_day', 'from_stop_id': 'B-0', 'to_stop_id': 'B-2', 'trip_id': 'walking', 'agency_name': 'Unknown'}, {'duration': 450, 'departure_time': 9420, 'arrival_time': 9870, 'day': 'current_day', 'from_stop_id': 'B-2', 'to_stop_id': '126-2', 'trip_id': '4-0-9', 'agency_name': 'Unknown'}]}",4455.0
80,178,12420,inter,left,135,[59],[178],1000,751,0,0,13171,13231.0,17100.0,17160.0,3869.0,4.0,59,178,,,pt,17160.0,4740.0,"{'duration': 3869, 'source_transfer_time': 0, 'waiting_time': 419, 'trip_time': 3450, 'num_transfers': 4, 'departure_time': 13231, 'departure_day': 'current_day', 'arrival_time': 17100, 'arrival_day': 'current_day', 'steps': [{'duration': 270, 'departure_time': 13650, 'arrival_time': 13920, 'day': 'current_day', 'from_stop_id': '59-1', 'to_stop_id': 'A-1', 'trip_id': '1-1-17', 'agency_name': 'Unknown'}, {'duration': 30, 'departure_time': 13920, 'arrival_time': 13950, 'day': 'current_day', 'from_stop_id': 'A-1', 'to_stop_id': 'A-0', 'trip_id': 'walking', 'agency_name': 'Unknown'}, {'duration': 1800, 'departure_time': 15000, 'arrival_time': 16800, 'day': 'current_day', 'from_stop_id': 'A-0', 'to_stop_id': 'B-0', 'trip_id': 'IE-10-0', 'agency_name': 'Unknown'}, {'duration': 30, 'departure_time': 16800, 'arrival_time': 16830, 'day': 'current_day', 'from_stop_id': 'B-0', 'to_stop_id': 'B-1', 'trip_id': 'walking', 'agency_name': 'Unknown'}, {'duration': 180, 'departure_time': 16920, 'arrival_time': 17100, 'day': 'current_day', 'from_stop_id': 'B-1', 'to_stop_id': '178-1', 'trip_id': '3-1-22', 'agency_name': 'Unknown'}]}",4740.0
34,156,7950,inter,left,136,[55],[177],1000,751,1000,751,8701,8761.0,12990.0,13050.0,4229.0,4.0,55,177,,,pt,13801.0,5851.0,"{'duration': 4229, 'source_transfer_time': 0, 'waiting_time': 599, 'trip_time': 3630, 'num_transfers': 4, 'departure_time': 8761, 'departure_day': 'current_day', 'arrival_time': 12990, 'arrival_day': 'current_day', 'steps': [{'duration': 360, 'departure_time': 9360, 'arrival_time': 9720, 'day': 'current_day', 'from_stop_id': '55-1', 'to_stop_id': 'A-1', 'trip_id': '1-0-10', 'agency_name': 'Unknown'}, {'duration': 30, 'departure_time': 9720, 'arrival_time': 9750, 'day': 'current_day', 'from_stop_id': 'A-1', 'to_stop_id': 'A-0', 'trip_id': 'walking', 'agency_name': 'Unknown'}, {'duration': 1800, 'departure_time': 10500, 'arrival_time': 12300, 'day': 'current_day', 'from_stop_id': 'A-0', 'to_stop_id': 'B-0', 'trip_id': 'IE-7-0', 'agency_name': 'Unknown'}, {'duration': 30, 'departure_time': 12300, 'arrival_time': 12330, 'day': 'current_day', 'from_stop_id': 'B-0', 'to_stop_id': 'B-1', 'trip_id': 'walking', 'agency_name': 'Unknown'}, {'duration': 270, 'departure_time': 12720, 'arrival_time': 12990, 'day': 'current_day', 'from_stop_id': 'B-1', 'to_stop_id': '177-1', 'trip_id': '3-1-15', 'agency_name': 'Unknown'}]}",5851.0
91,167,10320,inter,left,137,[59; 88],[177],1500,1127,500,375,11447,11507.0,14190.0,14250.0,2683.0,4.0,88,177,,,pt,14625.0,4305.0,"{'duration': 2683, 'source_transfer_time': 0, 'waiting_time': 43, 'trip_time': 2640, 'num_transfers': 4, 'departure_time': 11507, 'departure_day': 'current_day', 'arrival_time': 14190, 'arrival_day': 'current_day', 'steps': [{'duration': 270, 'departure_time': 11550, 'arrival_time': 11820, 'day': 'current_day', 'from_stop_id': '88-2', 'to_stop_id': 'A-2', 'trip_id': '2-0-13', 'agency_name': 'Unknown'}, {'duration': 30, 'departure_time': 11820, 'arrival_time': 11850, 'day': 'current_day', 'from_stop_id': 'A-2', 'to_stop_id': 'A-0', 'trip_id': 'walking', 'agency_name': 'Unknown'}, {'duration': 1800, 'departure_time': 12000, 'arrival_time': 13800, 'day': 'current_day', 'from_stop_id': 'A-0', 'to_stop_id': 'B-0', 'trip_id': 'IE-8-0', 'agency_name': 'Unknown'}, {'duration': 30, 'departure_time': 13800, 'arrival_time': 13830, 'day': 'current_day', 'from_stop_id': 'B-0', 'to_stop_id': 'B-1', 'trip_id': 'walking', 'agency_name': 'Unknown'}, {'duration': 270, 'departure_time': 13920, 'arrival_time': 14190, 'day': 'current_day', 'from_stop_id': 'B-1', 'to_stop_id': '177-1', 'trip_id': '3-1-17', 'agency_name': 'Unknown'}]}",4305.0
103,234,13950,inter,left,138,[60; 99],[231],2000,1503,1500,1127,15453,15513.0,18870.0,18930.0,3357.0,4.0,60,231,,,pt,20057.0,6107.0,"{'duration': 3357, 'source_transfer_time': 0, 'waiting_time': 447, 'trip_time': 2910, 'num_transfers': 4, 'departure_time': 15513, 'departure_day': 'current_day', 'arrival_time': 18870, 'arrival_day': 'current_day', 'steps': [{'duration': 360, 'departure_time': 15960, 'arrival_time': 16320, 'day': 'current_day', 'from_stop_id': '60-1', 'to_stop_id': 'A-1', 'trip_id': '1-1-21', 'agency_name': 'Unknown'}, {'duration': 30, 'departure_time': 16320, 'arrival_time': 16350, 'day': 'current_day', 'from_stop_id': 'A-1', 'to_stop_id': 'A-0', 'trip_id': 'walking', 'agency_name': 'Unknown'}, {'duration': 1800, 'departure_time': 16500, 'arrival_time': 18300, 'day': 'current_day', 'from_stop_id': 'A-0', 'to_stop_id': 'B-0', 'trip_id': 'IE-11-0', 'agency_name': 'Unknown'}, {'duration': 30, 'departure_time': 18300, 'arrival_time': 18330, 'day': 'current_day', 'from_stop_id': 'B-0', 'to_stop_id': 'B-2', 'trip_id': 'walking', 'agency_name': 'Unknown'}, {'duration': 450, 'departure_time': 18420, 'arrival_time': 18870, 'day': 'current_day', 'from_stop_id': 'B-2', 'to_stop_id': '231-2', 'trip_id': '4-1-24', 'agency_name': 'Unknown'}]}",6107.0
38,177,11160,inter,left,139,[38],[177],0,0,0,0,11160,11220.0,14190.0,14250.0,2970.0,4.0,38,177,,,pt,14250.0,3090.0,"{'duration': 2970, 'source_transfer_time': 0, 'waiting_time': 420, 'trip_time': 2550, 'num_transfers': 4, 'departure_time': 11220, 'departure_day': 'current_day', 'arrival_time': 14190, 'arrival_day': 'current_day', 'steps': [{'duration': 180, 'departure_time': 11640, 'arrival_time': 11820, 'day': 'current_day', 'from_stop_id': '38-2', 'to_stop_id': 'A-2', 'trip_id': '2-1-13', 'agency_name': 'Unknown'}, {'duration': 30, 'departure_time': 11820, 'arrival_time': 11850, 'day': 'current_day', 'from_stop_id': 'A-2', 'to_stop_id': 'A-0', 'trip_id': 'walking', 'agency_name': 'Unknown'}, {'duration': 1800, 'departure_time': 12000, 'arrival_time': 13800, 'day': 'current_day', 'from_stop_id': 'A-0', 'to_stop_id': 'B-0', 'trip_id': 'IE-8-0', 'agency_name': 'Unknown'}, {'duration': 30, 'departure_time': 13800, 'arrival_time': 13830, 'day': 'current_day', 'from_stop_id': 'B-0', 'to_stop_id': 'B-1', 'trip_id': 'walking', 'agency_name': 'Unknown'}, {'duration': 270, 'departure_time': 13920, 'arrival_time': 14190, 'day': 'current_day', 'from_stop_id': 'B-1', 'to_stop_id': '177-1', 'trip_id': '3-1-17', 'agency_name': 'Unknown'}]}",3090.0
35,211,5070,inter,left,140,[56],[209],1000,751,1000,751,5821,5881.0,9690.0,9750.0,3809.0,4.0,56,209,,,pt,10501.0,5431.0,"{'duration': 3809, 'source_transfer_time': 0, 'waiting_time': 569, 'trip_time': 3240, 'num_transfers': 4, 'departure_time': 5881, 'departure_day': 'current_day', 'arrival_time': 9690, 'arrival_day': 'current_day', 'steps': [{'duration': 270, 'departure_time': 6450, 'arrival_time': 6720, 'day': 'current_day', 'from_stop_id': '56-1', 'to_stop_id': 'A-1', 'trip_id': '1-0-5', 'agency_name': 'Unknown'}, {'duration': 30, 'departure_time': 6720, 'arrival_time': 6750, 'day': 'current_day', 'from_stop_id': 'A-1', 'to_stop_id': 'A-0', 'trip_id': 'walking', 'agency_name': 'Unknown'}, {'duration': 1800, 'departure_time': 7500, 'arrival_time': 9300, 'day': 'current_day', 'from_stop_id': 'A-0', 'to_stop_id': 'B-0', 'trip_id': 'IE-5-0', 'agency_name': 'Unknown'}, {'duration': 30, 'departure_time': 9300, 'arrival_time': 9330, 'day': 'current_day', 'from_stop_id': 'B-0', 'to_stop_id': 'B-2', 'trip_id': 'walking', 'agency_name': 'Unknown'}, {'duration': 270, 'departure_time': 9420, 'arrival_time': 9690, 'day': 'current_day', 'from_stop_id': 'B-2', 'to_stop_id': '209-2', 'trip_id': '4-1-9', 'agency_name': 'Unknown'}]}",5431.0
26,236,5700,inter,left,141,[27],[182; 231],500,375,2500,1879,6075,6135.0,9870.0,9930.0,3735.0,4.0,27,231,,,pt,11809.0,6109.0,"{'duration': 3735, 'source_transfer_time': 0, 'waiting_time': 15, 'trip_time': 3720, 'num_transfers': 4, 'departure_time': 6135, 'departure_day': 'current_day', 'arrival_time': 9870, 'arrival_day': 'current_day', 'steps': [{'duration': 270, 'departure_time': 6150, 'arrival_time': 6420, 'day': 'current_day', 'from_stop_id': '27-2', 'to_stop_id': 'A-2', 'trip_id': '2-1-4', 'agency_name': 'Unknown'}, {'duration': 30, 'departure_time': 6420, 'arrival_time': 6450, 'day': 'current_day', 'from_stop_id': 'A-2', 'to_stop_id': 'A-0', 'trip_id': 'walking', 'agency_name': 'Unknown'}, {'duration': 1800, 'departure_time': 7500, 'arrival_time': 9300, 'day': 'current_day', 'from_stop_id': 'A-0', 'to_stop_id': 'B-0', 'trip_id': 'IE-5-0', 'agency_name': 'Unknown'}, {'duration': 30, 'departure_time': 9300, 'arrival_time': 9330, 'day': 'current_day', 'from_stop_id': 'B-0', 'to_stop_id': 'B-2', 'trip_id': 'walking', 'agency_name': 'Unknown'}, {'duration': 450, 'departure_time': 9420, 'arrival_time': 9870, 'day': 'current_day', 'from_stop_id': 'B-2', 'to_stop_id': '231-2', 'trip_id': '4-1-9', 'agency_name': 'Unknown'}]}",6109.0
107,235,10920,inter,left,142,[110],[231],1500,1127,2000,1503,12047,12107.0,15870.0,15930.0,3763.0,4.0,110,231,,,pt,17433.0,6513.0,"{'duration': 3763, 'source_transfer_time': 0, 'waiting_time': 463, 'trip_time': 3300, 'num_transfers': 4, 'departure_time': 12107, 'departure_day': 'current_day', 'arrival_time': 15870, 'arrival_day': 'current_day', 'steps': [{'duration': 450, 'departure_time': 12570, 'arrival_time': 13020, 'day': 'current_day', 'from_stop_id': '110-2', 'to_stop_id': 'A-2', 'trip_id': '2-0-15', 'agency_name': 'Unknown'}, {'duration': 30, 'departure_time': 13020, 'arrival_time': 13050, 'day': 'current_day', 'from_stop_id': 'A-2', 'to_stop_id': 'A-0', 'trip_id': 'walking', 'agency_name': 'Unknown'}, {'duration': 1800, 'departure_time': 13500, 'arrival_time': 15300, 'day': 'current_day', 'from_stop_id': 'A-0', 'to_stop_id': 'B-0', 'trip_id': 'IE-9-0', 'agency_name': 'Unknown'}, {'duration': 30, 'departure_time': 15300, 'arrival_time': 15330, 'day': 'current_day', 'from_stop_id': 'B-0', 'to_stop_id': 'B-2', 'trip_id': 'walking', 'agency_name': 'Unknown'}, {'duration': 450, 'departure_time': 15420, 'arrival_time': 15870, 'day': 'current_day', 'from_stop_id': 'B-2', 'to_stop_id': '231-2', 'trip_id': '4-1-19', 'agency_name': 'Unknown'}]}",6513.0
72,125,7680,inter,left,143,[54],[126],1000,751,500,375,8431,8491.0,12870.0,12930.0,4379.0,4.0,54,126,,,pt,13305.0,5625.0,"{'duration': 4379, 'source_transfer_time': 0, 'waiting_time': 179, 'trip_time': 4200, 'num_transfers': 4, 'departure_time': 8491, 'departure_day': 'current_day', 'arrival_time': 12870, 'arrival_day': 'current_day', 'steps': [{'duration': 450, 'departure_time': 8670, 'arrival_time': 9120, 'day': 'current_day', 'from_stop_id': '54-1', 'to_stop_id': 'A-1', 'trip_id': '1-0-9', 'agency_name': 'Unknown'}, {'duration': 30, 'departure_time': 9120, 'arrival_time': 9150, 'day': 'current_day', 'from_stop_id': 'A-1', 'to_stop_id': 'A-0', 'trip_id': 'walking', 'agency_name': 'Unknown'}, {'duration': 1800, 'departure_time': 10500, 'arrival_time': 12300, 'day': 'current_day', 'from_stop_id': 'A-0', 'to_stop_id': 'B-0', 'trip_id': 'IE-7-0', 'agency_name': 'Unknown'}, {'duration': 30, 'departure_time': 12300, 'arrival_time': 12330, 'day': 'current_day', 'from_stop_id': 'B-0', 'to_stop_id': 'B-2', 'trip_id': 'walking', 'agency_name': 'Unknown'}, {'duration': 450, 'departure_time': 12420, 'arrival_time': 12870, 'day': 'current_day', 'from_stop_id': 'B-2', 'to_stop_id': '126-2', 'trip_id': '4-0-14', 'agency_name': 'Unknown'}]}",5625.0
62,215,12720,inter,left,144,[54],[175],500,375,2000,1503,13095,13155.0,17370.0,17430.0,4215.0,4.0,54,175,,,pt,18933.0,6213.0,"{'duration': 4215, 'source_transfer_time': 0, 'waiting_time': 315, 'trip_time': 3900, 'num_transfers': 4, 'departure_time': 13155, 'departure_day': 'current_day', 'arrival_time': 17370, 'arrival_day': 'current_day', 'steps': [{'duration': 450, 'departure_time': 13470, 'arrival_time': 13920, 'day': 'current_day', 'from_stop_id': '54-1', 'to_stop_id': 'A-1', 'trip_id': '1-0-17', 'agency_name': 'Unknown'}, {'duration': 30, 'departure_time': 13920, 'arrival_time': 13950, 'day': 'current_day', 'from_stop_id': 'A-1', 'to_stop_id': 'A-0', 'trip_id': 'walking', 'agency_name': 'Unknown'}, {'duration': 1800, 'departure_time': 15000, 'arrival_time': 16800, 'day': 'current_day', 'from_stop_id': 'A-0', 'to_stop_id': 'B-0', 'trip_id': 'IE-10-0', 'agency_name': 'Unknown'}, {'duration': 30, 'departure_time': 16800, 'arrival_time': 16830, 'day': 'current_day', 'from_stop_id': 'B-0', 'to_stop_id': 'B-1', 'trip_id': 'walking', 'agency_name': 'Unknown'}, {'duration': 450, 'departure_time': 16920, 'arrival_time': 17370, 'day': 'current_day', 'from_stop_id': 'B-1', 'to_stop_id': '175-1', 'trip_id': '3-1-22', 'agency_name': 'Unknown'}]}",6213.0
1,227,7080,inter,left,145,[5],[231],2000,1503,2000,1503,8583,8643.0,12870.0,12930.0,4227.0,4.0,5,231,,,pt,14433.0,7353.0,"{'duration': 4227, 'source_transfer_time': 0, 'waiting_time': 327, 'trip_time': 3900, 'num_transfers': 4, 'departure_time': 8643, 'departure_day': 'current_day', 'arrival_time': 12870, 'arrival_day': 'current_day', 'steps': [{'duration': 450, 'departure_time': 8970, 'arrival_time': 9420, 'day': 'current_day', 'from_stop_id': '5-2', 'to_stop_id': 'A-2', 'trip_id': '2-1-9', 'agency_name': 'Unknown'}, {'duration': 30, 'departure_time': 9420, 'arrival_time': 9450, 'day': 'current_day', 'from_stop_id': 'A-2', 'to_stop_id': 'A-0', 'trip_id': 'walking', 'agency_name': 'Unknown'}, {'duration': 1800, 'departure_time': 10500, 'arrival_time': 12300, 'day': 'current_day', 'from_stop_id': 'A-0', 'to_stop_id': 'B-0', 'trip_id': 'IE-7-0', 'agency_name': 'Unknown'}, {'duration': 30, 'departure_time': 12300, 'arrival_time': 12330, 'day': 'current_day', 'from_stop_id': 'B-0', 'to_stop_id': 'B-2', 'trip_id': 'walking', 'agency_name': 'Unknown'}, {'duration': 450, 'departure_time': 12420, 'arrival_time': 12870, 'day': 'current_day', 'from_stop_id': 'B-2', 'to_stop_id': '231-2', 'trip_id': '4-1-14', 'agency_name': 'Unknown'}]}",7353.0
111,137,9990,inter,left,146,[110],[137],500,375,0,0,10365,10425.0,14580.0,14640.0,4155.0,4.0,110,137,,,pt,14640.0,4650.0,"{'duration': 4155, 'source_transfer_time': 0, 'waiting_time': 345, 'trip_time': 3810, 'num_transfers': 4, 'departure_time': 10425, 'departure_day': 'current_day', 'arrival_time': 14580, 'arrival_day': 'current_day', 'steps': [{'duration': 450, 'departure_time': 10770, 'arrival_time': 11220, 'day': 'current_day', 'from_stop_id': '110-2', 'to_stop_id': 'A-2', 'trip_id': '2-0-12', 'agency_name': 'Unknown'}, {'duration': 30, 'departure_time': 11220, 'arrival_time': 11250, 'day': 'current_day', 'from_stop_id': 'A-2', 'to_stop_id': 'A-0', 'trip_id': 'walking', 'agency_name': 'Unknown'}, {'duration': 1800, 'departure_time': 12000, 'arrival_time': 13800, 'day': 'current_day', 'from_stop_id': 'A-0', 'to_stop_id': 'B-0', 'trip_id': 'IE-8-0', 'agency_name': 'Unknown'}, {'duration': 30, 'departure_time': 13800, 'arrival_time': 13830, 'day': 'current_day', 'from_stop_id': 'B-0', 'to_stop_id': 'B-2', 'trip_id': 'walking', 'agency_name': 'Unknown'}, {'duration': 360, 'departure_time': 14220, 'arrival_time': 14580, 'day': 'current_day', 'from_stop_id': 'B-2', 'to_stop_id': '137-2', 'trip_id': '4-0-17', 'agency_name': 'Unknown'}]}",4650.0
93,226,11610,inter,left,147,[61],[175; 231],1500,1127,2500,1879,12737,12797.0,15870.0,15930.0,3073.0,4.0,61,231,,,pt,17809.0,6199.0,"{'duration': 3073, 'source_transfer_time': 0, 'waiting_time': 73, 'trip_time': 3000, 'num_transfers': 4, 'departure_time': 12797, 'departure_day': 'current_day', 'arrival_time': 15870, 'arrival_day': 'current_day', 'steps': [{'duration': 450, 'departure_time': 12870, 'arrival_time': 13320, 'day': 'current_day', 'from_stop_id': '61-1', 'to_stop_id': 'A-1', 'trip_id': '1-1-16', 'agency_name': 'Unknown'}, {'duration': 30, 'departure_time': 13320, 'arrival_time': 13350, 'day': 'current_day', 'from_stop_id': 'A-1', 'to_stop_id': 'A-0', 'trip_id': 'walking', 'agency_name': 'Unknown'}, {'duration': 1800, 'departure_time': 13500, 'arrival_time': 15300, 'day': 'current_day', 'from_stop_id': 'A-0', 'to_stop_id': 'B-0', 'trip_id': 'IE-9-0', 'agency_name': 'Unknown'}, {'duration': 30, 'departure_time': 15300, 'arrival_time': 15330, 'day': 'current_day', 'from_stop_id': 'B-0', 'to_stop_id': 'B-2', 'trip_id': 'walking', 'agency_name': 'Unknown'}, {'duration': 450, 'departure_time': 15420, 'arrival_time': 15870, 'day': 'current_day', 'from_stop_id': 'B-2', 'to_stop_id': '231-2', 'trip_id': '4-1-19', 'agency_name': 'Unknown'}]}",6199.0
86,176,13980,inter,left,148,[88],[176],1000,751,0,0,14731,14791.0,19080.0,19140.0,4289.0,4.0,88,176,,,pt,19140.0,5160.0,"{'duration': 4289, 'source_transfer_time': 0, 'waiting_time': 359, 'trip_time': 3930, 'num_transfers': 4, 'departure_time': 14791, 'departure_day': 'current_day', 'arrival_time': 19080, 'arrival_day': 'current_day', 'steps': [{'duration': 270, 'departure_time': 15150, 'arrival_time': 15420, 'day': 'current_day', 'from_stop_id': '88-2', 'to_stop_id': 'A-2', 'trip_id': '2-0-19', 'agency_name': 'Unknown'}, {'duration': 30, 'departure_time': 15420, 'arrival_time': 15450, 'day': 'current_day', 'from_stop_id': 'A-2', 'to_stop_id': 'A-0', 'trip_id': 'walking', 'agency_name': 'Unknown'}, {'duration': 1800, 'departure_time': 16500, 'arrival_time': 18300, 'day': 'current_day', 'from_stop_id': 'A-0', 'to_stop_id': 'B-0', 'trip_id': 'IE-11-0', 'agency_name': 'Unknown'}, {'duration': 30, 'departure_time': 18300, 'arrival_time': 18330, 'day': 'current_day', 'from_stop_id': 'B-0', 'to_stop_id': 'B-1', 'trip_id': 'walking', 'agency_name': 'Unknown'}, {'duration': 360, 'departure_time': 18720, 'arrival_time': 19080, 'day': 'current_day', 'from_stop_id': 'B-1', 'to_stop_id': '176-1', 'trip_id': '3-1-25', 'agency_name': 'Unknown'}]}",5160.0
105,163,9750,inter,left,149,[54; 110],[181],2500,1879,1000,751,11629,11689.0,16080.0,16140.0,4391.0,4.0,54,181,,,pt,16891.0,7141.0,"{'duration': 4391, 'source_transfer_time': 0, 'waiting_time': 581, 'trip_time': 3810, 'num_transfers': 4, 'departure_time': 11689, 'departure_day': 'current_day', 'arrival_time': 16080, 'arrival_day': 'current_day', 'steps': [{'duration': 450, 'departure_time': 12270, 'arrival_time': 12720, 'day': 'current_day', 'from_stop_id': '54-1', 'to_stop_id': 'A-1', 'trip_id': '1-0-15', 'agency_name': 'Unknown'}, {'duration': 30, 'departure_time': 12720, 'arrival_time': 12750, 'day': 'current_day', 'from_stop_id': 'A-1', 'to_stop_id': 'A-0', 'trip_id': 'walking', 'agency_name': 'Unknown'}, {'duration': 1800, 'departure_time': 13500, 'arrival_time': 15300, 'day': 'current_day', 'from_stop_id': 'A-0', 'to_stop_id': 'B-0', 'trip_id': 'IE-9-0', 'agency_name': 'Unknown'}, {'duration': 30, 'departure_time': 15300, 'arrival_time': 15330, 'day': 'current_day', 'from_stop_id': 'B-0', 'to_stop_id': 'B-1', 'trip_id': 'walking', 'agency_name': 'Unknown'}, {'duration': 360, 'departure_time': 15720, 'arrival_time': 16080, 'day': 'current_day', 'from_stop_id': 'B-1', 'to_stop_id': '181-1', 'trip_id': '3-0-20', 'agency_name': 'Unknown'}]}",7141.0
73,182,5460,inter,left,150,[55],[182],1000,751,0,0,6211,6271.0,10170.0,10230.0,3899.0,4.0,55,182,,,pt,10230.0,4770.0,"{'duration': 3899, 'source_transfer_time': 0, 'waiting_time': 89, 'trip_time': 3810, 'num_transfers': 4, 'departure_time': 6271, 'departure_day': 'current_day', 'arrival_time': 10170, 'arrival_day': 'current_day', 'steps': [{'duration': 360, 'departure_time': 6360, 'arrival_time': 6720, 'day': 'current_day', 'from_stop_id': '55-1', 'to_stop_id': 'A-1', 'trip_id': '1-0-5', 'agency_name': 'Unknown'}, {'duration': 30, 'departure_time': 6720, 'arrival_time': 6750, 'day': 'current_day', 'from_stop_id': 'A-1', 'to_stop_id': 'A-0', 'trip_id': 'walking', 'agency_name': 'Unknown'}, {'duration': 1800, 'departure_time': 7500, 'arrival_time': 9300, 'day': 'current_day', 'from_stop_id': 'A-0', 'to_stop_id': 'B-0', 'trip_id': 'IE-5-0', 'agency_name': 'Unknown'}, {'duration': 30, 'departure_time': 9300, 'arrival_time': 9330, 'day': 'current_day', 'from_stop_id': 'B-0', 'to_stop_id': 'B-1', 'trip_id': 'walking', 'agency_name': 'Unknown'}, {'duration': 450, 'departure_time': 9720, 'arrival_time': 10170, 'day': 'current_day', 'from_stop_id': 'B-1', 'to_stop_id': '182-1', 'trip_id': '3-0-10', 'agency_name': 'Unknown'}]}",4770.0
74,186,4200,inter,left,151,[56],[178],1000,751,500,375,4951,5011.0,8100.0,8160.0,3089.0,4.0,56,178,,,pt,8535.0,4335.0,"{'duration': 3089, 'source_transfer_time': 0, 'waiting_time': 239, 'trip_time': 2850, 'num_transfers': 4, 'departure_time': 5011, 'departure_day': 'current_day', 'arrival_time': 8100, 'arrival_day': 'current_day', 'steps': [{'duration': 270, 'departure_time': 5250, 'arrival_time': 5520, 'day': 'current_day', 'from_stop_id': '56-1', 'to_stop_id': 'A-1', 'trip_id': '1-0-3', 'agency_name': 'Unknown'}, {'duration': 30, 'departure_time': 5520, 'arrival_time': 5550, 'day': 'current_day', 'from_stop_id': 'A-1', 'to_stop_id': 'A-0', 'trip_id': 'walking', 'agency_name': 'Unknown'}, {'duration': 1800, 'departure_time': 6000, 'arrival_time': 7800, 'day': 'current_day', 'from_stop_id': 'A-0', 'to_stop_id': 'B-0', 'trip_id': 'IE-4-0', 'agency_name': 'Unknown'}, {'duration': 30, 'departure_time': 7800, 'arrival_time': 7830, 'day': 'current_day', 'from_stop_id': 'B-0', 'to_stop_id': 'B-1', 'trip_id': 'walking', 'agency_name': 'Unknown'}, {'duration': 180, 'departure_time': 7920, 'arrival_time': 8100, 'day': 'current_day', 'from_stop_id': 'B-1', 'to_stop_id': '178-1', 'trip_id': '3-1-7', 'agency_name': 'Unknown'}]}",4335.0
85,132,5550,inter,left,152,[56; 88],[175],1500,1127,2000,1503,6677,6737.0,10170.0,10230.0,3433.0,4.0,56,175,,,pt,11733.0,6183.0,"{'duration': 3433, 'source_transfer_time': 0, 'waiting_time': 313, 'trip_time': 3120, 'num_transfers': 4, 'departure_time': 6737, 'departure_day': 'current_day', 'arrival_time': 10170, 'arrival_day': 'current_day', 'steps': [{'duration': 270, 'departure_time': 7050, 'arrival_time': 7320, 'day': 'current_day', 'from_stop_id': '56-1', 'to_stop_id': 'A-1', 'trip_id': '1-0-6', 'agency_name': 'Unknown'}, {'duration': 30, 'departure_time': 7320, 'arrival_time': 7350, 'day': 'current_day', 'from_stop_id': 'A-1', 'to_stop_id': 'A-0', 'trip_id': 'walking', 'agency_name': 'Unknown'}, {'duration': 1800, 'departure_time': 7500, 'arrival_time': 9300, 'day': 'current_day', 'from_stop_id': 'A-0', 'to_stop_id': 'B-0', 'trip_id': 'IE-5-0', 'agency_name': 'Unknown'}, {'duration': 30, 'departure_time': 9300, 'arrival_time': 9330, 'day': 'current_day', 'from_stop_id': 'B-0', 'to_stop_id': 'B-1', 'trip_id': 'walking', 'agency_name': 'Unknown'}, {'duration': 450, 'departure_time': 9720, 'arrival_time': 10170, 'day': 'current_day', 'from_stop_id': 'B-1', 'to_stop_id': '175-1', 'trip_id': '3-1-10', 'agency_name': 'Unknown'}]}",6183.0
3,135,6840,inter,left,153,[5],[137],1000,751,1000,751,7591,7651.0,11580.0,11640.0,3929.0,4.0,5,137,,,pt,12391.0,5551.0,"{'duration': 3929, 'source_transfer_time': 0, 'waiting_time': 119, 'trip_time': 3810, 'num_transfers': 4, 'departure_time': 7651, 'departure_day': 'current_day', 'arrival_time': 11580, 'arrival_day': 'current_day', 'steps': [{'duration': 450, 'departure_time': 7770, 'arrival_time': 8220, 'day': 'current_day', 'from_stop_id': '5-2', 'to_stop_id': 'A-2', 'trip_id': '2-1-7', 'agency_name': 'Unknown'}, {'duration': 30, 'departure_time': 8220, 'arrival_time': 8250, 'day': 'current_day', 'from_stop_id': 'A-2', 'to_stop_id': 'A-0', 'trip_id': 'walking', 'agency_name': 'Unknown'}, {'duration': 1800, 'departure_time': 9000, 'arrival_time': 10800, 'day': 'current_day', 'from_stop_id': 'A-0', 'to_stop_id': 'B-0', 'trip_id': 'IE-6-0', 'agency_name': 'Unknown'}, {'duration': 30, 'departure_time': 10800, 'arrival_time': 10830, 'day': 'current_day', 'from_stop_id': 'B-0', 'to_stop_id': 'B-2', 'trip_id': 'walking', 'agency_name': 'Unknown'}, {'duration': 360, 'departure_time': 11220, 'arrival_time': 11580, 'day': 'current_day', 'from_stop_id': 'B-2', 'to_stop_id': '137-2', 'trip_id': '4-0-12', 'agency_name': 'Unknown'}]}",5551.0
91,217,6510,inter,left,154,[59; 88],[220],1500,1127,1500,1127,7637,7697.0,11580.0,11640.0,3883.0,4.0,59,220,,,pt,12767.0,6257.0,"{'duration': 3883, 'source_transfer_time': 0, 'waiting_time': 553, 'trip_time': 3330, 'num_transfers': 4, 'departure_time': 7697, 'departure_day': 'current_day', 'arrival_time': 11580, 'arrival_day': 'current_day', 'steps': [{'duration': 270, 'departure_time': 8250, 'arrival_time': 8520, 'day': 'current_day', 'from_stop_id': '59-1', 'to_stop_id': 'A-1', 'trip_id': '1-1-8', 'agency_name': 'Unknown'}, {'duration': 30, 'departure_time': 8520, 'arrival_time': 8550, 'day': 'current_day', 'from_stop_id': 'A-1', 'to_stop_id': 'A-0', 'trip_id': 'walking', 'agency_name': 'Unknown'}, {'duration': 1800, 'departure_time': 9000, 'arrival_time': 10800, 'day': 'current_day', 'from_stop_id': 'A-0', 'to_stop_id': 'B-0', 'trip_id': 'IE-6-0', 'agency_name': 'Unknown'}, {'duration': 30, 'departure_time': 10800, 'arrival_time': 10830, 'day': 'current_day', 'from_stop_id': 'B-0', 'to_stop_id': 'B-2', 'trip_id': 'walking', 'agency_name': 'Unknown'}, {'duration': 360, 'departure_time': 11220, 'arrival_time': 11580, 'day': 'current_day', 'from_stop_id': 'B-2', 'to_stop_id': '220-2', 'trip_id': '4-1-12', 'agency_name': 'Unknown'}]}",6257.0
107,212,7500,inter,left,155,[110],[180; 209],1500,1127,1500,1127,8627,8687.0,12690.0,12750.0,4003.0,4.0,110,209,,,pt,13877.0,6377.0,"{'duration': 4003, 'source_transfer_time': 0, 'waiting_time': 283, 'trip_time': 3720, 'num_transfers': 4, 'departure_time': 8687, 'departure_day': 'current_day', 'arrival_time': 12690, 'arrival_day': 'current_day', 'steps': [{'duration': 450, 'departure_time': 8970, 'arrival_time': 9420, 'day': 'current_day', 'from_stop_id': '110-2', 'to_stop_id': 'A-2', 'trip_id': '2-0-9', 'agency_name': 'Unknown'}, {'duration': 30, 'departure_time': 9420, 'arrival_time': 9450, 'day': 'current_day', 'from_stop_id': 'A-2', 'to_stop_id': 'A-0', 'trip_id': 'walking', 'agency_name': 'Unknown'}, {'duration': 1800, 'departure_time': 10500, 'arrival_time': 12300, 'day': 'current_day', 'from_stop_id': 'A-0', 'to_stop_id': 'B-0', 'trip_id': 'IE-7-0', 'agency_name': 'Unknown'}, {'duration': 30, 'departure_time': 12300, 'arrival_time': 12330, 'day': 'current_day', 'from_stop_id': 'B-0', 'to_stop_id': 'B-2', 'trip_id': 'walking', 'agency_name': 'Unknown'}, {'duration': 270, 'departure_time': 12420, 'arrival_time': 12690, 'day': 'current_day', 'from_stop_id': 'B-2', 'to_stop_id': '209-2', 'trip_id': '4-1-14', 'agency_name': 'Unknown'}]}",6377.0
8,230,8790,inter,left,156,[5],[231],1500,1127,500,375,9917,9977.0,14670.0,14730.0,4693.0,4.0,5,231,,,pt,15105.0,6315.0,"{'duration': 4693, 'source_transfer_time': 0, 'waiting_time': 193, 'trip_time': 4500, 'num_transfers': 4, 'departure_time': 9977, 'departure_day': 'current_day', 'arrival_time': 14670, 'arrival_day': 'current_day', 'steps': [{'duration': 450, 'departure_time': 10170, 'arrival_time': 10620, 'day': 'current_day', 'from_stop_id': '5-2', 'to_stop_id': 'A-2', 'trip_id': '2-1-11', 'agency_name': 'Unknown'}, {'duration': 30, 'departure_time': 10620, 'arrival_time': 10650, 'day': 'current_day', 'from_stop_id': 'A-2', 'to_stop_id': 'A-0', 'trip_id': 'walking', 'agency_name': 'Unknown'}, {'duration': 1800, 'departure_time': 12000, 'arrival_time': 13800, 'day': 'current_day', 'from_stop_id': 'A-0', 'to_stop_id': 'B-0', 'trip_id': 'IE-8-0', 'agency_name': 'Unknown'}, {'duration': 30, 'departure_time': 13800, 'arrival_time': 13830, 'day': 'current_day', 'from_stop_id': 'B-0', 'to_stop_id': 'B-2', 'trip_id': 'walking', 'agency_name': 'Unknown'}, {'duration': 450, 'departure_time': 14220, 'arrival_time': 14670, 'day': 'current_day', 'from_stop_id': 'B-2', 'to_stop_id': '231-2', 'trip_id': '4-1-17', 'agency_name': 'Unknown'}]}",6315.0
11,153,7920,inter,left,157,[54],[182],2000,1503,1500,1127,9423,9483.0,13170.0,13230.0,3687.0,4.0,54,182,,,pt,14357.0,6437.0,"{'duration': 3687, 'source_transfer_time': 0, 'waiting_time': 387, 'trip_time': 3300, 'num_transfers': 4, 'departure_time': 9483, 'departure_day': 'current_day', 'arrival_time': 13170, 'arrival_day': 'current_day', 'steps': [{'duration': 450, 'departure_time': 9870, 'arrival_time': 10320, 'day': 'current_day', 'from_stop_id': '54-1', 'to_stop_id': 'A-1', 'trip_id': '1-0-11', 'agency_name': 'Unknown'}, {'duration': 30, 'departure_time': 10320, 'arrival_time': 10350, 'day': 'current_day', 'from_stop_id': 'A-1', 'to_stop_id': 'A-0', 'trip_id': 'walking', 'agency_name': 'Unknown'}, {'duration': 1800, 'departure_time': 10500, 'arrival_time': 12300, 'day': 'current_day', 'from_stop_id': 'A-0', 'to_stop_id': 'B-0', 'trip_id': 'IE-7-0', 'agency_name': 'Unknown'}, {'duration': 30, 'departure_time': 12300, 'arrival_time': 12330, 'day': 'current_day', 'from_stop_id': 'B-0', 'to_stop_id': 'B-1', 'trip_id': 'walking', 'agency_name': 'Unknown'}, {'duration': 450, 'departure_time': 12720, 'arrival_time': 13170, 'day': 'current_day', 'from_stop_id': 'B-1', 'to_stop_id': '182-1', 'trip_id': '3-0-15', 'agency_name': 'Unknown'}]}",6437.0
44,175,13020,inter,left,158,[54],[175],500,375,0,0,13395,13455.0,17370.0,17430.0,3915.0,4.0,54,175,,,pt,17430.0,4410.0,"{'duration': 3915, 'source_transfer_time': 0, 'waiting_time': 15, 'trip_time': 3900, 'num_transfers': 4, 'departure_time': 13455, 'departure_day': 'current_day', 'arrival_time': 17370, 'arrival_day': 'current_day', 'steps': [{'duration': 450, 'departure_time': 13470, 'arrival_time': 13920, 'day': 'current_day', 'from_stop_id': '54-1', 'to_stop_id': 'A-1', 'trip_id': '1-0-17', 'agency_name': 'Unknown'}, {'duration': 30, 'departure_time': 13920, 'arrival_time': 13950, 'day': 'current_day', 'from_stop_id': 'A-1', 'to_stop_id': 'A-0', 'trip_id': 'walking', 'agency_name': 'Unknown'}, {'duration': 1800, 'departure_time': 15000, 'arrival_time': 16800, 'day': 'current_day', 'from_stop_id': 'A-0', 'to_stop_id': 'B-0', 'trip_id': 'IE-10-0', 'agency_name': 'Unknown'}, {'duration': 30, 'departure_time': 16800, 'arrival_time': 16830, 'day': 'current_day', 'from_stop_id': 'B-0', 'to_stop_id': 'B-1', 'trip_id': 'walking', 'agency_name': 'Unknown'}, {'duration': 450, 'departure_time': 16920, 'arrival_time': 17370, 'day': 'current_day', 'from_stop_id': 'B-1', 'to_stop_id': '175-1', 'trip_id': '3-1-22', 'agency_name': 'Unknown'}]}",4410.0
63,203,12690,inter,left,159,[55],[182],500,375,1000,751,13065,13125.0,17370.0,17430.0,4245.0,4.0,55,182,,,pt,18181.0,5491.0,"{'duration': 4245, 'source_transfer_time': 0, 'waiting_time': 435, 'trip_time': 3810, 'num_transfers': 4, 'departure_time': 13125, 'departure_day': 'current_day', 'arrival_time': 17370, 'arrival_day': 'current_day', 'steps': [{'duration': 360, 'departure_time': 13560, 'arrival_time': 13920, 'day': 'current_day', 'from_stop_id': '55-1', 'to_stop_id': 'A-1', 'trip_id': '1-0-17', 'agency_name': 'Unknown'}, {'duration': 30, 'departure_time': 13920, 'arrival_time': 13950, 'day': 'current_day', 'from_stop_id': 'A-1', 'to_stop_id': 'A-0', 'trip_id': 'walking', 'agency_name': 'Unknown'}, {'duration': 1800, 'departure_time': 15000, 'arrival_time': 16800, 'day': 'current_day', 'from_stop_id': 'A-0', 'to_stop_id': 'B-0', 'trip_id': 'IE-10-0', 'agency_name': 'Unknown'}, {'duration': 30, 'departure_time': 16800, 'arrival_time': 16830, 'day': 'current_day', 'from_stop_id': 'B-0', 'to_stop_id': 'B-1', 'trip_id': 'walking', 'agency_name': 'Unknown'}, {'duration': 450, 'departure_time': 16920, 'arrival_time': 17370, 'day': 'current_day', 'from_stop_id': 'B-1', 'to_stop_id': '182-1', 'trip_id': '3-0-22', 'agency_name': 'Unknown'}]}",5491.0
5,194,12060,inter,left,160,[5],[176],0,0,1000,751,12060,12120.0,16080.0,16140.0,3960.0,4.0,5,176,,,pt,16891.0,4831.0,"{'duration': 3960, 'source_transfer_time': 0, 'waiting_time': 450, 'trip_time': 3510, 'num_transfers': 4, 'departure_time': 12120, 'departure_day': 'current_day', 'arrival_time': 16080, 'arrival_day': 'current_day', 'steps': [{'duration': 450, 'departure_time': 12570, 'arrival_time': 13020, 'day': 'current_day', 'from_stop_id': '5-2', 'to_stop_id': 'A-2', 'trip_id': '2-1-15', 'agency_name': 'Unknown'}, {'duration': 30, 'departure_time': 13020, 'arrival_time': 13050, 'day': 'current_day', 'from_stop_id': 'A-2', 'to_stop_id': 'A-0', 'trip_id': 'walking', 'agency_name': 'Unknown'}, {'duration': 1800, 'departure_time': 13500, 'arrival_time': 15300, 'day': 'current_day', 'from_stop_id': 'A-0', 'to_stop_id': 'B-0', 'trip_id': 'IE-9-0', 'agency_name': 'Unknown'}, {'duration': 30, 'departure_time': 15300, 'arrival_time': 15330, 'day': 'current_day', 'from_stop_id': 'B-0', 'to_stop_id': 'B-1', 'trip_id': 'walking', 'agency_name': 'Unknown'}, {'duration': 360, 'departure_time': 15720, 'arrival_time': 16080, 'day': 'current_day', 'from_stop_id': 'B-1', 'to_stop_id': '176-1', 'trip_id': '3-1-20', 'agency_name': 'Unknown'}]}",4831.0
53,213,5670,inter,left,161,[61],[181],500,375,1500,1127,6045,6105.0,10080.0,10140.0,3975.0,4.0,61,181,,,pt,11267.0,5597.0,"{'duration': 3975, 'source_transfer_time': 0, 'waiting_time': 165, 'trip_time': 3810, 'num_transfers': 4, 'departure_time': 6105, 'departure_day': 'current_day', 'arrival_time': 10080, 'arrival_day': 'current_day', 'steps': [{'duration': 450, 'departure_time': 6270, 'arrival_time': 6720, 'day': 'current_day', 'from_stop_id': '61-1', 'to_stop_id': 'A-1', 'trip_id': '1-1-5', 'agency_name': 'Unknown'}, {'duration': 30, 'departure_time': 6720, 'arrival_time': 6750, 'day': 'current_day', 'from_stop_id': 'A-1', 'to_stop_id': 'A-0', 'trip_id': 'walking', 'agency_name': 'Unknown'}, {'duration': 1800, 'departure_time': 7500, 'arrival_time': 9300, 'day': 'current_day', 'from_stop_id': 'A-0', 'to_stop_id': 'B-0', 'trip_id': 'IE-5-0', 'agency_name': 'Unknown'}, {'duration': 30, 'departure_time': 9300, 'arrival_time': 9330, 'day': 'current_day', 'from_stop_id': 'B-0', 'to_stop_id': 'B-1', 'trip_id': 'walking', 'agency_name': 'Unknown'}, {'duration': 360, 'departure_time': 9720, 'arrival_time': 10080, 'day': 'current_day', 'from_stop_id': 'B-1', 'to_stop_id': '181-1', 'trip_id': '3-0-10', 'agency_name': 'Unknown'}]}",5597.0
52,170,7890,inter,left,162,[60],[237; 239],500,375,500,375,8265,8325.0,12510.0,12570.0,4185.0,4.0,60,237,,,pt,12945.0,5055.0,"{'duration': 4185, 'source_transfer_time': 0, 'waiting_time': 435, 'trip_time': 3750, 'num_transfers': 4, 'departure_time': 8325, 'departure_day': 'current_day', 'arrival_time': 12510, 'arrival_day': 'current_day', 'steps': [{'duration': 360, 'departure_time': 8760, 'arrival_time': 9120, 'day': 'current_day', 'from_stop_id': '60-1', 'to_stop_id': 'A-1', 'trip_id': '1-1-9', 'agency_name': 'Unknown'}, {'duration': 30, 'departure_time': 9120, 'arrival_time': 9150, 'day': 'current_day', 'from_stop_id': 'A-1', 'to_stop_id': 'A-0', 'trip_id': 'walking', 'agency_name': 'Unknown'}, {'duration': 1800, 'departure_time': 10500, 'arrival_time': 12300, 'day': 'current_day', 'from_stop_id': 'A-0', 'to_stop_id': 'B-0', 'trip_id': 'IE-7-0', 'agency_name': 'Unknown'}, {'duration': 30, 'departure_time': 12300, 'arrival_time': 12330, 'day': 'current_day', 'from_stop_id': 'B-0', 'to_stop_id': 'B-2', 'trip_id': 'walking', 'agency_name': 'Unknown'}, {'duration': 90, 'departure_time': 12420, 'arrival_time': 12510, 'day': 'current_day', 'from_stop_id': 'B-2', 'to_stop_id': '237-2', 'trip_id': '4-0-14', 'agency_name': 'Unknown'}]}",5055.0
47,130,12330,inter,left,163,[57],[126],500,375,2000,1503,12705,12765.0,15870.0,15930.0,3105.0,4.0,57,126,,,pt,17433.0,5103.0,"{'duration': 3105, 'source_transfer_time': 0, 'waiting_time': 375, 'trip_time': 2730, 'num_transfers': 4, 'departure_time': 12765, 'departure_day': 'current_day', 'arrival_time': 15870, 'arrival_day': 'current_day', 'steps': [{'duration': 180, 'departure_time': 13140, 'arrival_time': 13320, 'day': 'current_day', 'from_stop_id': '57-1', 'to_stop_id': 'A-1', 'trip_id': '1-0-16', 'agency_name': 'Unknown'}, {'duration': 30, 'departure_time': 13320, 'arrival_time': 13350, 'day': 'current_day', 'from_stop_id': 'A-1', 'to_stop_id': 'A-0', 'trip_id': 'walking', 'agency_name': 'Unknown'}, {'duration': 1800, 'departure_time': 13500, 'arrival_time': 15300, 'day': 'current_day', 'from_stop_id': 'A-0', 'to_stop_id': 'B-0', 'trip_id': 'IE-9-0', 'agency_name': 'Unknown'}, {'duration': 30, 'departure_time': 15300, 'arrival_time': 15330, 'day': 'current_day', 'from_stop_id': 'B-0', 'to_stop_id': 'B-2', 'trip_id': 'walking', 'agency_name': 'Unknown'}, {'duration': 450, 'departure_time': 15420, 'arrival_time': 15870, 'day': 'current_day', 'from_stop_id': 'B-2', 'to_stop_id': '126-2', 'trip_id': '4-0-19', 'agency_name': 'Unknown'}]}",5103.0
11,137,10320,inter,left,164,[54],[137],2000,1503,0,0,11823,11883.0,15780.0,15840.0,3897.0,4.0,54,137,,,pt,15840.0,5520.0,"{'duration': 3897, 'source_transfer_time': 0, 'waiting_time': 387, 'trip_time': 3510, 'num_transfers': 4, 'departure_time': 11883, 'departure_day': 'current_day', 'arrival_time': 15780, 'arrival_day': 'current_day', 'steps': [{'duration': 450, 'departure_time': 12270, 'arrival_time': 12720, 'day': 'current_day', 'from_stop_id': '54-1', 'to_stop_id': 'A-1', 'trip_id': '1-0-15', 'agency_name': 'Unknown'}, {'duration': 30, 'departure_time': 12720, 'arrival_time': 12750, 'day': 'current_day', 'from_stop_id': 'A-1', 'to_stop_id': 'A-0', 'trip_id': 'walking', 'agency_name': 'Unknown'}, {'duration': 1800, 'departure_time': 13500, 'arrival_time': 15300, 'day': 'current_day', 'from_stop_id': 'A-0', 'to_stop_id': 'B-0', 'trip_id': 'IE-9-0', 'agency_name': 'Unknown'}, {'duration': 30, 'departure_time': 15300, 'arrival_time': 15330, 'day': 'current_day', 'from_stop_id': 'B-0', 'to_stop_id': 'B-2', 'trip_id': 'walking', 'agency_name': 'Unknown'}, {'duration': 360, 'departure_time': 15420, 'arrival_time': 15780, 'day': 'current_day', 'from_stop_id': 'B-2', 'to_stop_id': '137-2', 'trip_id': '4-0-19', 'agency_name': 'Unknown'}]}",5520.0
21,211,13980,inter,left,165,[61],[209],2000,1503,1000,751,15483,15543.0,18690.0,18750.0,3147.0,4.0,61,209,,,pt,19501.0,5521.0,"{'duration': 3147, 'source_transfer_time': 0, 'waiting_time': 327, 'trip_time': 2820, 'num_transfers': 4, 'departure_time': 15543, 'departure_day': 'current_day', 'arrival_time': 18690, 'arrival_day': 'current_day', 'steps': [{'duration': 450, 'departure_time': 15870, 'arrival_time': 16320, 'day': 'current_day', 'from_stop_id': '61-1', 'to_stop_id': 'A-1', 'trip_id': '1-1-21', 'agency_name': 'Unknown'}, {'duration': 30, 'departure_time': 16320, 'arrival_time': 16350, 'day': 'current_day', 'from_stop_id': 'A-1', 'to_stop_id': 'A-0', 'trip_id': 'walking', 'agency_name': 'Unknown'}, {'duration': 1800, 'departure_time': 16500, 'arrival_time': 18300, 'day': 'current_day', 'from_stop_id': 'A-0', 'to_stop_id': 'B-0', 'trip_id': 'IE-11-0', 'agency_name': 'Unknown'}, {'duration': 30, 'departure_time': 18300, 'arrival_time': 18330, 'day': 'current_day', 'from_stop_id': 'B-0', 'to_stop_id': 'B-2', 'trip_id': 'walking', 'agency_name': 'Unknown'}, {'duration': 270, 'departure_time': 18420, 'arrival_time': 18690, 'day': 'current_day', 'from_stop_id': 'B-2', 'to_stop_id': '209-2', 'trip_id': '4-1-24', 'agency_name': 'Unknown'}]}",5521.0
31,187,12540,inter,left,166,[60],[238; 240],1500,1127,500,375,13667,13727.0,17010.0,17070.0,3283.0,4.0,60,238,,,pt,17445.0,4905.0,"{'duration': 3283, 'source_transfer_time': 0, 'waiting_time': 433, 'trip_time': 2850, 'num_transfers': 4, 'departure_time': 13727, 'departure_day': 'current_day', 'arrival_time': 17010, 'arrival_day': 'current_day', 'steps': [{'duration': 360, 'departure_time': 14160, 'arrival_time': 14520, 'day': 'current_day', 'from_stop_id': '60-1', 'to_stop_id': 'A-1', 'trip_id': '1-1-18', 'agency_name': 'Unknown'}, {'duration': 30, 'departure_time': 14520, 'arrival_time': 14550, 'day': 'current_day', 'from_stop_id': 'A-1', 'to_stop_id': 'A-0', 'trip_id': 'walking', 'agency_name': 'Unknown'}, {'duration': 1800, 'departure_time': 15000, 'arrival_time': 16800, 'day': 'current_day', 'from_stop_id': 'A-0', 'to_stop_id': 'B-0', 'trip_id': 'IE-10-0', 'agency_name': 'Unknown'}, {'duration': 30, 'departure_time': 16800, 'arrival_time': 16830, 'day': 'current_day', 'from_stop_id': 'B-0', 'to_stop_id': 'B-1', 'trip_id': 'walking', 'agency_name': 'Unknown'}, {'duration': 90, 'departure_time': 16920, 'arrival_time': 17010, 'day': 'current_day', 'from_stop_id': 'B-1', 'to_stop_id': '238-1', 'trip_id': '3-1-22', 'agency_name': 'Unknown'}]}",4905.0
44,145,11040,inter,left,167,[54],[148; 177],500,375,1500,1127,11415,11475.0,15690.0,15750.0,4215.0,4.0,54,148,,,pt,16877.0,5837.0,"{'duration': 4215, 'source_transfer_time': 0, 'waiting_time': 195, 'trip_time': 4020, 'num_transfers': 4, 'departure_time': 11475, 'departure_day': 'current_day', 'arrival_time': 15690, 'arrival_day': 'current_day', 'steps': [{'duration': 450, 'departure_time': 11670, 'arrival_time': 12120, 'day': 'current_day', 'from_stop_id': '54-1', 'to_stop_id': 'A-1', 'trip_id': '1-0-14', 'agency_name': 'Unknown'}, {'duration': 30, 'departure_time': 12120, 'arrival_time': 12150, 'day': 'current_day', 'from_stop_id': 'A-1', 'to_stop_id': 'A-0', 'trip_id': 'walking', 'agency_name': 'Unknown'}, {'duration': 1800, 'departure_time': 13500, 'arrival_time': 15300, 'day': 'current_day', 'from_stop_id': 'A-0', 'to_stop_id': 'B-0', 'trip_id': 'IE-9-0', 'agency_name': 'Unknown'}, {'duration': 30, 'departure_time': 15300, 'arrival_time': 15330, 'day': 'current_day', 'from_stop_id': 'B-0', 'to_stop_id': 'B-2', 'trip_id': 'walking', 'agency_name': 'Unknown'}, {'duration': 270, 'departure_time': 15420, 'arrival_time': 15690, 'day': 'current_day', 'from_stop_id': 'B-2', 'to_stop_id': '148-2', 'trip_id': '4-0-19', 'agency_name': 'Unknown'}]}",5837.0
33,190,14040,inter,left,168,[54],[180],1000,751,500,375,14791,14851.0,18990.0,19050.0,4139.0,4.0,54,180,,,pt,19425.0,5385.0,"{'duration': 4139, 'source_transfer_time': 0, 'waiting_time': 419, 'trip_time': 3720, 'num_transfers': 4, 'departure_time': 14851, 'departure_day': 'current_day', 'arrival_time': 18990, 'arrival_day': 'current_day', 'steps': [{'duration': 450, 'departure_time': 15270, 'arrival_time': 15720, 'day': 'current_day', 'from_stop_id': '54-1', 'to_stop_id': 'A-1', 'trip_id': '1-0-20', 'agency_name': 'Unknown'}, {'duration': 30, 'departure_time': 15720, 'arrival_time': 15750, 'day': 'current_day', 'from_stop_id': 'A-1', 'to_stop_id': 'A-0', 'trip_id': 'walking', 'agency_name': 'Unknown'}, {'duration': 1800, 'departure_time': 16500, 'arrival_time': 18300, 'day': 'current_day', 'from_stop_id': 'A-0', 'to_stop_id': 'B-0', 'trip_id': 'IE-11-0', 'agency_name': 'Unknown'}, {'duration': 30, 'departure_time': 18300, 'arrival_time': 18330, 'day': 'current_day', 'from_stop_id': 'B-0', 'to_stop_id': 'B-1', 'trip_id': 'walking', 'agency_name': 'Unknown'}, {'duration': 270, 'departure_time': 18720, 'arrival_time': 18990, 'day': 'current_day', 'from_stop_id': 'B-1', 'to_stop_id': '180-1', 'trip_id': '3-0-25', 'agency_name': 'Unknown'}]}",5385.0
30,230,9330,inter,left,169,[27; 59],[231],1500,1127,500,375,10457,10517.0,14670.0,14730.0,4153.0,4.0,27,231,,,pt,15105.0,5775.0,"{'duration': 4153, 'source_transfer_time': 0, 'waiting_time': 433, 'trip_time': 3720, 'num_transfers': 4, 'departure_time': 10517, 'departure_day': 'current_day', 'arrival_time': 14670, 'arrival_day': 'current_day', 'steps': [{'duration': 270, 'departure_time': 10950, 'arrival_time': 11220, 'day': 'current_day', 'from_stop_id': '27-2', 'to_stop_id': 'A-2', 'trip_id': '2-1-12', 'agency_name': 'Unknown'}, {'duration': 30, 'departure_time': 11220, 'arrival_time': 11250, 'day': 'current_day', 'from_stop_id': 'A-2', 'to_stop_id': 'A-0', 'trip_id': 'walking', 'agency_name': 'Unknown'}, {'duration': 1800, 'departure_time': 12000, 'arrival_time': 13800, 'day': 'current_day', 'from_stop_id': 'A-0', 'to_stop_id': 'B-0', 'trip_id': 'IE-8-0', 'agency_name': 'Unknown'}, {'duration': 30, 'departure_time': 13800, 'arrival_time': 13830, 'day': 'current_day', 'from_stop_id': 'B-0', 'to_stop_id': 'B-2', 'trip_id': 'walking', 'agency_name': 'Unknown'}, {'duration': 450, 'departure_time': 14220, 'arrival_time': 14670, 'day': 'current_day', 'from_stop_id': 'B-2', 'to_stop_id': '231-2', 'trip_id': '4-1-17', 'agency_name': 'Unknown'}]}",5775.0
69,147,7470,inter,left,170,[59],[148],500,375,500,375,7845,7905.0,11490.0,11550.0,3585.0,4.0,59,148,,,pt,11925.0,4455.0,"{'duration': 3585, 'source_transfer_time': 0, 'waiting_time': 345, 'trip_time': 3240, 'num_transfers': 4, 'departure_time': 7905, 'departure_day': 'current_day', 'arrival_time': 11490, 'arrival_day': 'current_day', 'steps': [{'duration': 270, 'departure_time': 8250, 'arrival_time': 8520, 'day': 'current_day', 'from_stop_id': '59-1', 'to_stop_id': 'A-1', 'trip_id': '1-1-8', 'agency_name': 'Unknown'}, {'duration': 30, 'departure_time': 8520, 'arrival_time': 8550, 'day': 'current_day', 'from_stop_id': 'A-1', 'to_stop_id': 'A-0', 'trip_id': 'walking', 'agency_name': 'Unknown'}, {'duration': 1800, 'departure_time': 9000, 'arrival_time': 10800, 'day': 'current_day', 'from_stop_id': 'A-0', 'to_stop_id': 'B-0', 'trip_id': 'IE-6-0', 'agency_name': 'Unknown'}, {'duration': 30, 'departure_time': 10800, 'arrival_time': 10830, 'day': 'current_day', 'from_stop_id': 'B-0', 'to_stop_id': 'B-2', 'trip_id': 'walking', 'agency_name': 'Unknown'}, {'duration': 270, 'departure_time': 11220, 'arrival_time': 11490, 'day': 'current_day', 'from_stop_id': 'B-2', 'to_stop_id': '148-2', 'trip_id': '4-0-12', 'agency_name': 'Unknown'}]}",4455.0
18,206,7440,inter,left,171,[16],[177; 209],1000,751,1500,1127,8191,8251.0,11190.0,11250.0,2939.0,4.0,16,177,,,pt,12377.0,4937.0,"{'duration': 2939, 'source_transfer_time': 0, 'waiting_time': 209, 'trip_time': 2730, 'num_transfers': 4, 'departure_time': 8251, 'departure_day': 'current_day', 'arrival_time': 11190, 'arrival_day': 'current_day', 'steps': [{'duration': 360, 'departure_time': 8460, 'arrival_time': 8820, 'day': 'current_day', 'from_stop_id': '16-2', 'to_stop_id': 'A-2', 'trip_id': '2-1-8', 'agency_name': 'Unknown'}, {'duration': 30, 'departure_time': 8820, 'arrival_time': 8850, 'day': 'current_day', 'from_stop_id': 'A-2', 'to_stop_id': 'A-0', 'trip_id': 'walking', 'agency_name': 'Unknown'}, {'duration': 1800, 'departure_time': 9000, 'arrival_time': 10800, 'day': 'current_day', 'from_stop_id': 'A-0', 'to_stop_id': 'B-0', 'trip_id': 'IE-6-0', 'agency_name': 'Unknown'}, {'duration': 30, 'departure_time': 10800, 'arrival_time': 10830, 'day': 'current_day', 'from_stop_id': 'B-0', 'to_stop_id': 'B-1', 'trip_id': 'walking', 'agency_name': 'Unknown'}, {'duration': 270, 'departure_time': 10920, 'arrival_time': 11190, 'day': 'current_day', 'from_stop_id': 'B-1', 'to_stop_id': '177-1', 'trip_id': '3-1-12', 'agency_name': 'Unknown'}]}",4937.0
71,146,6900,inter,left,172,[61],[148],500,375,1000,751,7275,7335.0,11490.0,11550.0,4155.0,4.0,61,148,,,pt,12301.0,5401.0,"{'duration': 4155, 'source_transfer_time': 0, 'waiting_time': 135, 'trip_time': 4020, 'num_transfers': 4, 'departure_time': 7335, 'departure_day': 'current_day', 'arrival_time': 11490, 'arrival_day': 'current_day', 'steps': [{'duration': 450, 'departure_time': 7470, 'arrival_time': 7920, 'day': 'current_day', 'from_stop_id': '61-1', 'to_stop_id': 'A-1', 'trip_id': '1-1-7', 'agency_name': 'Unknown'}, {'duration': 30, 'departure_time': 7920, 'arrival_time': 7950, 'day': 'current_day', 'from_stop_id': 'A-1', 'to_stop_id': 'A-0', 'trip_id': 'walking', 'agency_name': 'Unknown'}, {'duration': 1800, 'departure_time': 9000, 'arrival_time': 10800, 'day': 'current_day', 'from_stop_id': 'A-0', 'to_stop_id': 'B-0', 'trip_id': 'IE-6-0', 'agency_name': 'Unknown'}, {'duration': 30, 'departure_time': 10800, 'arrival_time': 10830, 'day': 'current_day', 'from_stop_id': 'B-0', 'to_stop_id': 'B-2', 'trip_id': 'walking', 'agency_name': 'Unknown'}, {'duration': 270, 'departure_time': 11220, 'arrival_time': 11490, 'day': 'current_day', 'from_stop_id': 'B-2', 'to_stop_id': '148-2', 'trip_id': '4-0-12', 'agency_name': 'Unknown'}]}",5401.0
61,137,12030,inter,left,173,[61],[137],0,0,0,0,12030,12090.0,15780.0,15840.0,3690.0,4.0,61,137,,,pt,15840.0,3810.0,"{'duration': 3690, 'source_transfer_time': 0, 'waiting_time': 180, 'trip_time': 3510, 'num_transfers': 4, 'departure_time': 12090, 'departure_day': 'current_day', 'arrival_time': 15780, 'arrival_day': 'current_day', 'steps': [{'duration': 450, 'departure_time': 12270, 'arrival_time': 12720, 'day': 'current_day', 'from_stop_id': '61-1', 'to_stop_id': 'A-1', 'trip_id': '1-1-15', 'agency_name': 'Unknown'}, {'duration': 30, 'departure_time': 12720, 'arrival_time': 12750, 'day': 'current_day', 'from_stop_id': 'A-1', 'to_stop_id': 'A-0', 'trip_id': 'walking', 'agency_name': 'Unknown'}, {'duration': 1800, 'departure_time': 13500, 'arrival_time': 15300, 'day': 'current_day', 'from_stop_id': 'A-0', 'to_stop_id': 'B-0', 'trip_id': 'IE-9-0', 'agency_name': 'Unknown'}, {'duration': 30, 'departure_time': 15300, 'arrival_time': 15330, 'day': 'current_day', 'from_stop_id': 'B-0', 'to_stop_id': 'B-2', 'trip_id': 'walking', 'agency_name': 'Unknown'}, {'duration': 360, 'departure_time': 15420, 'arrival_time': 15780, 'day': 'current_day', 'from_stop_id': 'B-2', 'to_stop_id': '137-2', 'trip_id': '4-0-19', 'agency_name': 'Unknown'}]}",3810.0
9,183,9000,inter,left,174,[5],[175],2000,1503,500,375,10503,10563.0,14370.0,14430.0,3807.0,4.0,5,175,,,pt,14805.0,5805.0,"{'duration': 3807, 'source_transfer_time': 0, 'waiting_time': 207, 'trip_time': 3600, 'num_transfers': 4, 'departure_time': 10563, 'departure_day': 'current_day', 'arrival_time': 14370, 'arrival_day': 'current_day', 'steps': [{'duration': 450, 'departure_time': 10770, 'arrival_time': 11220, 'day': 'current_day', 'from_stop_id': '5-2', 'to_stop_id': 'A-2', 'trip_id': '2-1-12', 'agency_name': 'Unknown'}, {'duration': 30, 'departure_time': 11220, 'arrival_time': 11250, 'day': 'current_day', 'from_stop_id': 'A-2', 'to_stop_id': 'A-0', 'trip_id': 'walking', 'agency_name': 'Unknown'}, {'duration': 1800, 'departure_time': 12000, 'arrival_time': 13800, 'day': 'current_day', 'from_stop_id': 'A-0', 'to_stop_id': 'B-0', 'trip_id': 'IE-8-0', 'agency_name': 'Unknown'}, {'duration': 30, 'departure_time': 13800, 'arrival_time': 13830, 'day': 'current_day', 'from_stop_id': 'B-0', 'to_stop_id': 'B-1', 'trip_id': 'walking', 'agency_name': 'Unknown'}, {'duration': 450, 'departure_time': 13920, 'arrival_time': 14370, 'day': 'current_day', 'from_stop_id': 'B-1', 'to_stop_id': '175-1', 'trip_id': '3-1-17', 'agency_name': 'Unknown'}]}",5805.0
113,124,8280,inter,left,175,[110],[126],1500,1127,1000,751,9407,9467.0,12870.0,12930.0,3403.0,4.0,110,126,,,pt,13681.0,5401.0,"{'duration': 3403, 'source_transfer_time': 0, 'waiting_time': 103, 'trip_time': 3300, 'num_transfers': 4, 'departure_time': 9467, 'departure_day': 'current_day', 'arrival_time': 12870, 'arrival_day': 'current_day', 'steps': [{'duration': 450, 'departure_time': 9570, 'arrival_time': 10020, 'day': 'current_day', 'from_stop_id': '110-2', 'to_stop_id': 'A-2', 'trip_id': '2-0-10', 'agency_name': 'Unknown'}, {'duration': 30, 'departure_time': 10020, 'arrival_time': 10050, 'day': 'current_day', 'from_stop_id': 'A-2', 'to_stop_id': 'A-0', 'trip_id': 'walking', 'agency_name': 'Unknown'}, {'duration': 1800, 'departure_time': 10500, 'arrival_time': 12300, 'day': 'current_day', 'from_stop_id': 'A-0', 'to_stop_id': 'B-0', 'trip_id': 'IE-7-0', 'agency_name': 'Unknown'}, {'duration': 30, 'departure_time': 12300, 'arrival_time': 12330, 'day': 'current_day', 'from_stop_id': 'B-0', 'to_stop_id': 'B-2', 'trip_id': 'walking', 'agency_name': 'Unknown'}, {'duration': 450, 'departure_time': 12420, 'arrival_time': 12870, 'day': 'current_day', 'from_stop_id': 'B-2', 'to_stop_id': '126-2', 'trip_id': '4-0-14', 'agency_name': 'Unknown'}]}",5401.0
12,186,11970,inter,left,176,[16; 55],[178],2000,1503,500,375,13473,13533.0,17100.0,17160.0,3567.0,4.0,16,178,,,pt,17535.0,5565.0,"{'duration': 3567, 'source_transfer_time': 0, 'waiting_time': 327, 'trip_time': 3240, 'num_transfers': 4, 'departure_time': 13533, 'departure_day': 'current_day', 'arrival_time': 17100, 'arrival_day': 'current_day', 'steps': [{'duration': 360, 'departure_time': 13860, 'arrival_time': 14220, 'day': 'current_day', 'from_stop_id': '16-2', 'to_stop_id': 'A-2', 'trip_id': '2-1-17', 'agency_name': 'Unknown'}, {'duration': 30, 'departure_time': 14220, 'arrival_time': 14250, 'day': 'current_day', 'from_stop_id': 'A-2', 'to_stop_id': 'A-0', 'trip_id': 'walking', 'agency_name': 'Unknown'}, {'duration': 1800, 'departure_time': 15000, 'arrival_time': 16800, 'day': 'current_day', 'from_stop_id': 'A-0', 'to_stop_id': 'B-0', 'trip_id': 'IE-10-0', 'agency_name': 'Unknown'}, {'duration': 30, 'departure_time': 16800, 'arrival_time': 16830, 'day': 'current_day', 'from_stop_id': 'B-0', 'to_stop_id': 'B-1', 'trip_id': 'walking', 'agency_name': 'Unknown'}, {'duration': 180, 'departure_time': 16920, 'arrival_time': 17100, 'day': 'current_day', 'from_stop_id': 'B-1', 'to_stop_id': '178-1', 'trip_id': '3-1-22', 'agency_name': 'Unknown'}]}",5565.0
64,212,11820,inter,left,177,[56],[180; 209],500,375,1500,1127,12195,12255.0,15690.0,15750.0,3435.0,4.0,56,209,,,pt,16877.0,5057.0,"{'duration': 3435, 'source_transfer_time': 0, 'waiting_time': 195, 'trip_time': 3240, 'num_transfers': 4, 'departure_time': 12255, 'departure_day': 'current_day', 'arrival_time': 15690, 'arrival_day': 'current_day', 'steps': [{'duration': 270, 'departure_time': 12450, 'arrival_time': 12720, 'day': 'current_day', 'from_stop_id': '56-1', 'to_stop_id': 'A-1', 'trip_id': '1-0-15', 'agency_name': 'Unknown'}, {'duration': 30, 'departure_time': 12720, 'arrival_time': 12750, 'day': 'current_day', 'from_stop_id': 'A-1', 'to_stop_id': 'A-0', 'trip_id': 'walking', 'agency_name': 'Unknown'}, {'duration': 1800, 'departure_time': 13500, 'arrival_time': 15300, 'day': 'current_day', 'from_stop_id': 'A-0', 'to_stop_id': 'B-0', 'trip_id': 'IE-9-0', 'agency_name': 'Unknown'}, {'duration': 30, 'departure_time': 15300, 'arrival_time': 15330, 'day': 'current_day', 'from_stop_id': 'B-0', 'to_stop_id': 'B-2', 'trip_id': 'walking', 'agency_name': 'Unknown'}, {'duration': 270, 'departure_time': 15420, 'arrival_time': 15690, 'day': 'current_day', 'from_stop_id': 'B-2', 'to_stop_id': '209-2', 'trip_id': '4-1-19', 'agency_name': 'Unknown'}]}",5057.0
39,203,5880,inter,left,178,[38],[182],500,375,1000,751,6255,6315.0,10170.0,10230.0,3855.0,4.0,38,182,,,pt,10981.0,5101.0,"{'duration': 3855, 'source_transfer_time': 0, 'waiting_time': 525, 'trip_time': 3330, 'num_transfers': 4, 'departure_time': 6315, 'departure_day': 'current_day', 'arrival_time': 10170, 'arrival_day': 'current_day', 'steps': [{'duration': 180, 'departure_time': 6840, 'arrival_time': 7020, 'day': 'current_day', 'from_stop_id': '38-2', 'to_stop_id': 'A-2', 'trip_id': '2-1-5', 'agency_name': 'Unknown'}, {'duration': 30, 'departure_time': 7020, 'arrival_time': 7050, 'day': 'current_day', 'from_stop_id': 'A-2', 'to_stop_id': 'A-0', 'trip_id': 'walking', 'agency_name': 'Unknown'}, {'duration': 1800, 'departure_time': 7500, 'arrival_time': 9300, 'day': 'current_day', 'from_stop_id': 'A-0', 'to_stop_id': 'B-0', 'trip_id': 'IE-5-0', 'agency_name': 'Unknown'}, {'duration': 30, 'departure_time': 9300, 'arrival_time': 9330, 'day': 'current_day', 'from_stop_id': 'B-0', 'to_stop_id': 'B-1', 'trip_id': 'walking', 'agency_name': 'Unknown'}, {'duration': 450, 'departure_time': 9720, 'arrival_time': 10170, 'day': 'current_day', 'from_stop_id': 'B-1', 'to_stop_id': '182-1', 'trip_id': '3-0-10', 'agency_name': 'Unknown'}]}",5101.0
6,203,7710,inter,left,179,[5],[182],500,375,1000,751,8085,8145.0,11370.0,11430.0,3225.0,4.0,5,182,,,pt,12181.0,4471.0,"{'duration': 3225, 'source_transfer_time': 0, 'waiting_time': 225, 'trip_time': 3000, 'num_transfers': 4, 'departure_time': 8145, 'departure_day': 'current_day', 'arrival_time': 11370, 'arrival_day': 'current_day', 'steps': [{'duration': 450, 'departure_time': 8370, 'arrival_time': 8820, 'day': 'current_day', 'from_stop_id': '5-2', 'to_stop_id': 'A-2', 'trip_id': '2-1-8', 'agency_name': 'Unknown'}, {'duration': 30, 'departure_time': 8820, 'arrival_time': 8850, 'day': 'current_day', 'from_stop_id': 'A-2', 'to_stop_id': 'A-0', 'trip_id': 'walking', 'agency_name': 'Unknown'}, {'duration': 1800, 'departure_time': 9000, 'arrival_time': 10800, 'day': 'current_day', 'from_stop_id': 'A-0', 'to_stop_id': 'B-0', 'trip_id': 'IE-6-0', 'agency_name': 'Unknown'}, {'duration': 30, 'departure_time': 10800, 'arrival_time': 10830, 'day': 'current_day', 'from_stop_id': 'B-0', 'to_stop_id': 'B-1', 'trip_id': 'walking', 'agency_name': 'Unknown'}, {'duration': 450, 'departure_time': 10920, 'arrival_time': 11370, 'day': 'current_day', 'from_stop_id': 'B-1', 'to_stop_id': '182-1', 'trip_id': '3-0-12', 'agency_name': 'Unknown'}]}",4471.0
40,184,11610,inter,left,180,[38; 58],[176],1000,751,500,375,12361,12421.0,16080.0,16140.0,3659.0,4.0,38,176,,,pt,16515.0,4905.0,"{'duration': 3659, 'source_transfer_time': 0, 'waiting_time': 419, 'trip_time': 3240, 'num_transfers': 4, 'departure_time': 12421, 'departure_day': 'current_day', 'arrival_time': 16080, 'arrival_day': 'current_day', 'steps': [{'duration': 180, 'departure_time': 12840, 'arrival_time': 13020, 'day': 'current_day', 'from_stop_id': '38-2', 'to_stop_id': 'A-2', 'trip_id': '2-1-15', 'agency_name': 'Unknown'}, {'duration': 30, 'departure_time': 13020, 'arrival_time': 13050, 'day': 'current_day', 'from_stop_id': 'A-2', 'to_stop_id': 'A-0', 'trip_id': 'walking', 'agency_name': 'Unknown'}, {'duration': 1800, 'departure_time': 13500, 'arrival_time': 15300, 'day': 'current_day', 'from_stop_id': 'A-0', 'to_stop_id': 'B-0', 'trip_id': 'IE-9-0', 'agency_name': 'Unknown'}, {'duration': 30, 'departure_time': 15300, 'arrival_time': 15330, 'day': 'current_day', 'from_stop_id': 'B-0', 'to_stop_id': 'B-1', 'trip_id': 'walking', 'agency_name': 'Unknown'}, {'duration': 360, 'departure_time': 15720, 'arrival_time': 16080, 'day': 'current_day', 'from_stop_id': 'B-1', 'to_stop_id': '176-1', 'trip_id': '3-1-20', 'agency_name': 'Unknown'}]}",4905.0
83,128,5070,inter,left,181,[54],[126],1500,1127,1000,751,6197,6257.0,9870.0,9930.0,3613.0,4.0,54,126,,,pt,10681.0,5611.0,"{'duration': 3613, 'source_transfer_time': 0, 'waiting_time': 13, 'trip_time': 3600, 'num_transfers': 4, 'departure_time': 6257, 'departure_day': 'current_day', 'arrival_time': 9870, 'arrival_day': 'current_day', 'steps': [{'duration': 450, 'departure_time': 6270, 'arrival_time': 6720, 'day': 'current_day', 'from_stop_id': '54-1', 'to_stop_id': 'A-1', 'trip_id': '1-0-5', 'agency_name': 'Unknown'}, {'duration': 30, 'departure_time': 6720, 'arrival_time': 6750, 'day': 'current_day', 'from_stop_id': 'A-1', 'to_stop_id': 'A-0', 'trip_id': 'walking', 'agency_name': 'Unknown'}, {'duration': 1800, 'departure_time': 7500, 'arrival_time': 9300, 'day': 'current_day', 'from_stop_id': 'A-0', 'to_stop_id': 'B-0', 'trip_id': 'IE-5-0', 'agency_name': 'Unknown'}, {'duration': 30, 'departure_time': 9300, 'arrival_time': 9330, 'day': 'current_day', 'from_stop_id': 'B-0', 'to_stop_id': 'B-2', 'trip_id': 'walking', 'agency_name': 'Unknown'}, {'duration': 450, 'departure_time': 9420, 'arrival_time': 9870, 'day': 'current_day', 'from_stop_id': 'B-2', 'to_stop_id': '126-2', 'trip_id': '4-0-9', 'agency_name': 'Unknown'}]}",5611.0
110,161,4830,inter,left,182,[110],[159; 179],0,0,1000,751,4830,4890.0,8100.0,8160.0,3210.0,4.0,110,179,,,pt,8911.0,4081.0,"{'duration': 3210, 'source_transfer_time': 0, 'waiting_time': 480, 'trip_time': 2730, 'num_transfers': 4, 'departure_time': 4890, 'departure_day': 'current_day', 'arrival_time': 8100, 'arrival_day': 'current_day', 'steps': [{'duration': 450, 'departure_time': 5370, 'arrival_time': 5820, 'day': 'current_day', 'from_stop_id': '110-2', 'to_stop_id': 'A-2', 'trip_id': '2-0-3', 'agency_name': 'Unknown'}, {'duration': 30, 'departure_time': 5820, 'arrival_time': 5850, 'day': 'current_day', 'from_stop_id': 'A-2', 'to_stop_id': 'A-0', 'trip_id': 'walking', 'agency_name': 'Unknown'}, {'duration': 1800, 'departure_time': 6000, 'arrival_time': 7800, 'day': 'current_day', 'from_stop_id': 'A-0', 'to_stop_id': 'B-0', 'trip_id': 'IE-4-0', 'agency_name': 'Unknown'}, {'duration': 30, 'departure_time': 7800, 'arrival_time': 7830, 'day': 'current_day', 'from_stop_id': 'B-0', 'to_stop_id': 'B-1', 'trip_id': 'walking', 'agency_name': 'Unknown'}, {'duration': 180, 'departure_time': 7920, 'arrival_time': 8100, 'day': 'current_day', 'from_stop_id': 'B-1', 'to_stop_id': '179-1', 'trip_id': '3-0-7', 'agency_name': 'Unknown'}]}",4081.0
93,228,4440,inter,left,183,[61],[231],1500,1127,1500,1127,5567,5627.0,9870.0,9930.0,4243.0,4.0,61,231,,,pt,11057.0,6617.0,"{'duration': 4243, 'source_transfer_time': 0, 'waiting_time': 43, 'trip_time': 4200, 'num_transfers': 4, 'departure_time': 5627, 'departure_day': 'current_day', 'arrival_time': 9870, 'arrival_day': 'current_day', 'steps': [{'duration': 450, 'departure_time': 5670, 'arrival_time': 6120, 'day': 'current_day', 'from_stop_id': '61-1', 'to_stop_id': 'A-1', 'trip_id': '1-1-4', 'agency_name': 'Unknown'}, {'duration': 30, 'departure_time': 6120, 'arrival_time': 6150, 'day': 'current_day', 'from_stop_id': 'A-1', 'to_stop_id': 'A-0', 'trip_id': 'walking', 'agency_name': 'Unknown'}, {'duration': 1800, 'departure_time': 7500, 'arrival_time': 9300, 'day': 'current_day', 'from_stop_id': 'A-0', 'to_stop_id': 'B-0', 'trip_id': 'IE-5-0', 'agency_name': 'Unknown'}, {'duration': 30, 'departure_time': 9300, 'arrival_time': 9330, 'day': 'current_day', 'from_stop_id': 'B-0', 'to_stop_id': 'B-2', 'trip_id': 'walking', 'agency_name': 'Unknown'}, {'duration': 450, 'departure_time': 9420, 'arrival_time': 9870, 'day': 'current_day', 'from_stop_id': 'B-2', 'to_stop_id': '231-2', 'trip_id': '4-1-9', 'agency_name': 'Unknown'}]}",6617.0
97,135,4980,inter,left,184,[99],[137],1000,751,1000,751,5731,5791.0,9780.0,9840.0,3989.0,4.0,99,137,,,pt,10591.0,5611.0,"{'duration': 3989, 'source_transfer_time': 0, 'waiting_time': 269, 'trip_time': 3720, 'num_transfers': 4, 'departure_time': 5791, 'departure_day': 'current_day', 'arrival_time': 9780, 'arrival_day': 'current_day', 'steps': [{'duration': 360, 'departure_time': 6060, 'arrival_time': 6420, 'day': 'current_day', 'from_stop_id': '99-2', 'to_stop_id': 'A-2', 'trip_id': '2-0-4', 'agency_name': 'Unknown'}, {'duration': 30, 'departure_time': 6420, 'arrival_time': 6450, 'day': 'current_day', 'from_stop_id': 'A-2', 'to_stop_id': 'A-0', 'trip_id': 'walking', 'agency_name': 'Unknown'}, {'duration': 1800, 'departure_time': 7500, 'arrival_time': 9300, 'day': 'current_day', 'from_stop_id': 'A-0', 'to_stop_id': 'B-0', 'trip_id': 'IE-5-0', 'agency_name': 'Unknown'}, {'duration': 30, 'departure_time': 9300, 'arrival_time': 9330, 'day': 'current_day', 'from_stop_id': 'B-0', 'to_stop_id': 'B-2', 'trip_id': 'walking', 'agency_name': 'Unknown'}, {'duration': 360, 'departure_time': 9420, 'arrival_time': 9780, 'day': 'current_day', 'from_stop_id': 'B-2', 'to_stop_id': '137-2', 'trip_id': '4-0-9', 'agency_name': 'Unknown'}]}",5611.0
3,206,12270,inter,left,185,[5],[177; 209],1000,751,1500,1127,13021,13081.0,17190.0,17250.0,4109.0,4.0,5,177,,,pt,18377.0,6107.0,"{'duration': 4109, 'source_transfer_time': 0, 'waiting_time': 89, 'trip_time': 4020, 'num_transfers': 4, 'departure_time': 13081, 'departure_day': 'current_day', 'arrival_time': 17190, 'arrival_day': 'current_day', 'steps': [{'duration': 450, 'departure_time': 13170, 'arrival_time': 13620, 'day': 'current_day', 'from_stop_id': '5-2', 'to_stop_id': 'A-2', 'trip_id': '2-1-16', 'agency_name': 'Unknown'}, {'duration': 30, 'departure_time': 13620, 'arrival_time': 13650, 'day': 'current_day', 'from_stop_id': 'A-2', 'to_stop_id': 'A-0', 'trip_id': 'walking', 'agency_name': 'Unknown'}, {'duration': 1800, 'departure_time': 15000, 'arrival_time': 16800, 'day': 'current_day', 'from_stop_id': 'A-0', 'to_stop_id': 'B-0', 'trip_id': 'IE-10-0', 'agency_name': 'Unknown'}, {'duration': 30, 'departure_time': 16800, 'arrival_time': 16830, 'day': 'current_day', 'from_stop_id': 'B-0', 'to_stop_id': 'B-1', 'trip_id': 'walking', 'agency_name': 'Unknown'}, {'duration': 270, 'departure_time': 16920, 'arrival_time': 17190, 'day': 'current_day', 'from_stop_id': 'B-1', 'to_stop_id': '177-1', 'trip_id': '3-1-22', 'agency_name': 'Unknown'}]}",6107.0
73,170,4650,inter,left,186,[55],[237; 239],1000,751,500,375,5401,5461.0,9510.0,9570.0,4049.0,4.0,55,237,,,pt,9945.0,5295.0,"{'duration': 4049, 'source_transfer_time': 0, 'waiting_time': 299, 'trip_time': 3750, 'num_transfers': 4, 'departure_time': 5461, 'departure_day': 'current_day', 'arrival_time': 9510, 'arrival_day': 'current_day', 'steps': [{'duration': 360, 'departure_time': 5760, 'arrival_time': 6120, 'day': 'current_day', 'from_stop_id': '55-1', 'to_stop_id': 'A-1', 'trip_id': '1-0-4', 'agency_name': 'Unknown'}, {'duration': 30, 'departure_time': 6120, 'arrival_time': 6150, 'day': 'current_day', 'from_stop_id': 'A-1', 'to_stop_id': 'A-0', 'trip_id': 'walking', 'agency_name': 'Unknown'}, {'duration': 1800, 'departure_time': 7500, 'arrival_time': 9300, 'day': 'current_day', 'from_stop_id': 'A-0', 'to_stop_id': 'B-0', 'trip_id': 'IE-5-0', 'agency_name': 'Unknown'}, {'duration': 30, 'departure_time': 9300, 'arrival_time': 9330, 'day': 'current_day', 'from_stop_id': 'B-0', 'to_stop_id': 'B-2', 'trip_id': 'walking', 'agency_name': 'Unknown'}, {'duration': 90, 'departure_time': 9420, 'arrival_time': 9510, 'day': 'current_day', 'from_stop_id': 'B-2', 'to_stop_id': '237-2', 'trip_id': '4-0-9', 'agency_name': 'Unknown'}]}",5295.0
42,207,6090,inter,left,187,[60],[209],1000,751,1000,751,6841,6901.0,9690.0,9750.0,2789.0,4.0,60,209,,,pt,10501.0,4411.0,"{'duration': 2789, 'source_transfer_time': 0, 'waiting_time': 59, 'trip_time': 2730, 'num_transfers': 4, 'departure_time': 6901, 'departure_day': 'current_day', 'arrival_time': 9690, 'arrival_day': 'current_day', 'steps': [{'duration': 360, 'departure_time': 6960, 'arrival_time': 7320, 'day': 'current_day', 'from_stop_id': '60-1', 'to_stop_id': 'A-1', 'trip_id': '1-1-6', 'agency_name': 'Unknown'}, {'duration': 30, 'departure_time': 7320, 'arrival_time': 7350, 'day': 'current_day', 'from_stop_id': 'A-1', 'to_stop_id': 'A-0', 'trip_id': 'walking', 'agency_name': 'Unknown'}, {'duration': 1800, 'departure_time': 7500, 'arrival_time': 9300, 'day': 'current_day', 'from_stop_id': 'A-0', 'to_stop_id': 'B-0', 'trip_id': 'IE-5-0', 'agency_name': 'Unknown'}, {'duration': 30, 'departure_time': 9300, 'arrival_time': 9330, 'day': 'current_day', 'from_stop_id': 'B-0', 'to_stop_id': 'B-2', 'trip_id': 'walking', 'agency_name': 'Unknown'}, {'duration': 270, 'departure_time': 9420, 'arrival_time': 9690, 'day': 'current_day', 'from_stop_id': 'B-2', 'to_stop_id': '209-2', 'trip_id': '4-1-9', 'agency_name': 'Unknown'}]}",4411.0
68,125,7410,inter,left,188,[58],[126],500,375,500,375,7785,7845.0,11670.0,11730.0,3825.0,4.0,58,126,,,pt,12105.0,4695.0,"{'duration': 3825, 'source_transfer_time': 0, 'waiting_time': 495, 'trip_time': 3330, 'num_transfers': 4, 'departure_time': 7845, 'departure_day': 'current_day', 'arrival_time': 11670, 'arrival_day': 'current_day', 'steps': [{'duration': 180, 'departure_time': 8340, 'arrival_time': 8520, 'day': 'current_day', 'from_stop_id': '58-1', 'to_stop_id': 'A-1', 'trip_id': '1-1-8', 'agency_name': 'Unknown'}, {'duration': 30, 'departure_time': 8520, 'arrival_time': 8550, 'day': 'current_day', 'from_stop_id': 'A-1', 'to_stop_id': 'A-0', 'trip_id': 'walking', 'agency_name': 'Unknown'}, {'duration': 1800, 'departure_time': 9000, 'arrival_time': 10800, 'day': 'current_day', 'from_stop_id': 'A-0', 'to_stop_id': 'B-0', 'trip_id': 'IE-6-0', 'agency_name': 'Unknown'}, {'duration': 30, 'departure_time': 10800, 'arrival_time': 10830, 'day': 'current_day', 'from_stop_id': 'B-0', 'to_stop_id': 'B-2', 'trip_id': 'walking', 'agency_name': 'Unknown'}, {'duration': 450, 'departure_time': 11220, 'arrival_time': 11670, 'day': 'current_day', 'from_stop_id': 'B-2', 'to_stop_id': '126-2', 'trip_id': '4-0-12', 'agency_name': 'Unknown'}]}",4695.0
85,127,8880,inter,left,189,[56; 88],[126],1500,1127,500,375,10007,10067.0,14670.0,14730.0,4603.0,4.0,56,126,,,pt,15105.0,6225.0,"{'duration': 4603, 'source_transfer_time': 0, 'waiting_time': 583, 'trip_time': 4020, 'num_transfers': 4, 'departure_time': 10067, 'departure_day': 'current_day', 'arrival_time': 14670, 'arrival_day': 'current_day', 'steps': [{'duration': 270, 'departure_time': 10650, 'arrival_time': 10920, 'day': 'current_day', 'from_stop_id': '56-1', 'to_stop_id': 'A-1', 'trip_id': '1-0-12', 'agency_name': 'Unknown'}, {'duration': 30, 'departure_time': 10920, 'arrival_time': 10950, 'day': 'current_day', 'from_stop_id': 'A-1', 'to_stop_id': 'A-0', 'trip_id': 'walking', 'agency_name': 'Unknown'}, {'duration': 1800, 'departure_time': 12000, 'arrival_time': 13800, 'day': 'current_day', 'from_stop_id': 'A-0', 'to_stop_id': 'B-0', 'trip_id': 'IE-8-0', 'agency_name': 'Unknown'}, {'duration': 30, 'departure_time': 13800, 'arrival_time': 13830, 'day': 'current_day', 'from_stop_id': 'B-0', 'to_stop_id': 'B-2', 'trip_id': 'walking', 'agency_name': 'Unknown'}, {'duration': 450, 'departure_time': 14220, 'arrival_time': 14670, 'day': 'current_day', 'from_stop_id': 'B-2', 'to_stop_id': '126-2', 'trip_id': '4-0-17', 'agency_name': 'Unknown'}]}",6225.0
9,179,8520,inter,left,190,[5],[179],2000,1503,0,0,10023,10083.0,14100.0,14160.0,4017.0,4.0,5,179,,,pt,14160.0,5640.0,"{'duration': 4017, 'source_transfer_time': 0, 'waiting_time': 87, 'trip_time': 3930, 'num_transfers': 4, 'departure_time': 10083, 'departure_day': 'current_day', 'arrival_time': 14100, 'arrival_day': 'current_day', 'steps': [{'duration': 450, 'departure_time': 10170, 'arrival_time': 10620, 'day': 'current_day', 'from_stop_id': '5-2', 'to_stop_id': 'A-2', 'trip_id': '2-1-11', 'agency_name': 'Unknown'}, {'duration': 30, 'departure_time': 10620, 'arrival_time': 10650, 'day': 'current_day', 'from_stop_id': 'A-2', 'to_stop_id': 'A-0', 'trip_id': 'walking', 'agency_name': 'Unknown'}, {'duration': 1800, 'departure_time': 12000, 'arrival_time': 13800, 'day': 'current_day', 'from_stop_id': 'A-0', 'to_stop_id': 'B-0', 'trip_id': 'IE-8-0', 'agency_name': 'Unknown'}, {'duration': 30, 'departure_time': 13800, 'arrival_time': 13830, 'day': 'current_day', 'from_stop_id': 'B-0', 'to_stop_id': 'B-1', 'trip_id': 'walking', 'agency_name': 'Unknown'}, {'duration': 180, 'departure_time': 13920, 'arrival_time': 14100, 'day': 'current_day', 'from_stop_id': 'B-1', 'to_stop_id': '179-1', 'trip_id': '3-0-17', 'agency_name': 'Unknown'}]}",5640.0
100,178,10110,inter,left,191,[99],[178],500,375,0,0,10485,10545.0,14100.0,14160.0,3555.0,4.0,99,178,,,pt,14160.0,4050.0,"{'duration': 3555, 'source_transfer_time': 0, 'waiting_time': 315, 'trip_time': 3240, 'num_transfers': 4, 'departure_time': 10545, 'departure_day': 'current_day', 'arrival_time': 14100, 'arrival_day': 'current_day', 'steps': [{'duration': 360, 'departure_time': 10860, 'arrival_time': 11220, 'day': 'current_day', 'from_stop_id': '99-2', 'to_stop_id': 'A-2', 'trip_id': '2-0-12', 'agency_name': 'Unknown'}, {'duration': 30, 'departure_time': 11220, 'arrival_time': 11250, 'day': 'current_day', 'from_stop_id': 'A-2', 'to_stop_id': 'A-0', 'trip_id': 'walking', 'agency_name': 'Unknown'}, {'duration': 1800, 'departure_time': 12000, 'arrival_time': 13800, 'day': 'current_day', 'from_stop_id': 'A-0', 'to_stop_id': 'B-0', 'trip_id': 'IE-8-0', 'agency_name': 'Unknown'}, {'duration': 30, 'departure_time': 13800, 'arrival_time': 13830, 'day': 'current_day', 'from_stop_id': 'B-0', 'to_stop_id': 'B-1', 'trip_id': 'walking', 'agency_name': 'Unknown'}, {'duration': 180, 'departure_time': 13920, 'arrival_time': 14100, 'day': 'current_day', 'from_stop_id': 'B-1', 'to_stop_id': '178-1', 'trip_id': '3-1-17', 'agency_name': 'Unknown'}]}",4050.0
30,219,13110,inter,left,192,[27; 59],[220],1500,1127,500,375,14237,14297.0,17580.0,17640.0,3283.0,4.0,27,220,,,pt,18015.0,4905.0,"{'duration': 3283, 'source_transfer_time': 0, 'waiting_time': 253, 'trip_time': 3030, 'num_transfers': 4, 'departure_time': 14297, 'departure_day': 'current_day', 'arrival_time': 17580, 'arrival_day': 'current_day', 'steps': [{'duration': 270, 'departure_time': 14550, 'arrival_time': 14820, 'day': 'current_day', 'from_stop_id': '27-2', 'to_stop_id': 'A-2', 'trip_id': '2-1-18', 'agency_name': 'Unknown'}, {'duration': 30, 'departure_time': 14820, 'arrival_time': 14850, 'day': 'current_day', 'from_stop_id': 'A-2', 'to_stop_id': 'A-0', 'trip_id': 'walking', 'agency_name': 'Unknown'}, {'duration': 1800, 'departure_time': 15000, 'arrival_time': 16800, 'day': 'current_day', 'from_stop_id': 'A-0', 'to_stop_id': 'B-0', 'trip_id': 'IE-10-0', 'agency_name': 'Unknown'}, {'duration': 30, 'departure_time': 16800, 'arrival_time': 16830, 'day': 'current_day', 'from_stop_id': 'B-0', 'to_stop_id': 'B-2', 'trip_id': 'walking', 'agency_name': 'Unknown'}, {'duration': 360, 'departure_time': 17220, 'arrival_time': 17580, 'day': 'current_day', 'from_stop_id': 'B-2', 'to_stop_id': '220-2', 'trip_id': '4-1-22', 'agency_name': 'Unknown'}]}",4905.0
18,201,3780,inter,left,193,[16],[180],1000,751,1000,751,4531,4591.0,8190.0,8250.0,3599.0,4.0,16,180,,,pt,9001.0,5221.0,"{'duration': 3599, 'source_transfer_time': 0, 'waiting_time': 269, 'trip_time': 3330, 'num_transfers': 4, 'departure_time': 4591, 'departure_day': 'current_day', 'arrival_time': 8190, 'arrival_day': 'current_day', 'steps': [{'duration': 360, 'departure_time': 4860, 'arrival_time': 5220, 'day': 'current_day', 'from_stop_id': '16-2', 'to_stop_id': 'A-2', 'trip_id': '2-1-2', 'agency_name': 'Unknown'}, {'duration': 30, 'departure_time': 5220, 'arrival_time': 5250, 'day': 'current_day', 'from_stop_id': 'A-2', 'to_stop_id': 'A-0', 'trip_id': 'walking', 'agency_name': 'Unknown'}, {'duration': 1800, 'departure_time': 6000, 'arrival_time': 7800, 'day': 'current_day', 'from_stop_id': 'A-0', 'to_stop_id': 'B-0', 'trip_id': 'IE-4-0', 'agency_name': 'Unknown'}, {'duration': 30, 'departure_time': 7800, 'arrival_time': 7830, 'day': 'current_day', 'from_stop_id': 'B-0', 'to_stop_id': 'B-1', 'trip_id': 'walking', 'agency_name': 'Unknown'}, {'duration': 270, 'departure_time': 7920, 'arrival_time': 8190, 'day': 'current_day', 'from_stop_id': 'B-1', 'to_stop_id': '180-1', 'trip_id': '3-0-7', 'agency_name': 'Unknown'}]}",5221.0
13,216,10380,inter,left,194,[16],[176; 220],1500,1127,2000,1503,11507,11567.0,15780.0,15840.0,4213.0,4.0,16,220,,,pt,17343.0,6963.0,"{'duration': 4213, 'source_transfer_time': 0, 'waiting_time': 493, 'trip_time': 3720, 'num_transfers': 4, 'departure_time': 11567, 'departure_day': 'current_day', 'arrival_time': 15780, 'arrival_day': 'current_day', 'steps': [{'duration': 360, 'departure_time': 12060, 'arrival_time': 12420, 'day': 'current_day', 'from_stop_id': '16-2', 'to_stop_id': 'A-2', 'trip_id': '2-1-14', 'agency_name': 'Unknown'}, {'duration': 30, 'departure_time': 12420, 'arrival_time': 12450, 'day': 'current_day', 'from_stop_id': 'A-2', 'to_stop_id': 'A-0', 'trip_id': 'walking', 'agency_name': 'Unknown'}, {'duration': 1800, 'departure_time': 13500, 'arrival_time': 15300, 'day': 'current_day', 'from_stop_id': 'A-0', 'to_stop_id': 'B-0', 'trip_id': 'IE-9-0', 'agency_name': 'Unknown'}, {'duration': 30, 'departure_time': 15300, 'arrival_time': 15330, 'day': 'current_day', 'from_stop_id': 'B-0', 'to_stop_id': 'B-2', 'trip_id': 'walking', 'agency_name': 'Unknown'}, {'duration': 360, 'departure_time': 15420, 'arrival_time': 15780, 'day': 'current_day', 'from_stop_id': 'B-2', 'to_stop_id': '220-2', 'trip_id': '4-1-19', 'agency_name': 'Unknown'}]}",6963.0
48,185,6480,inter,left,195,[116; 117],[177],500,375,500,375,6855,6915.0,9990.0,10050.0,3075.0,4.0,116,177,,,pt,10425.0,3945.0,"{'duration': 3075, 'source_transfer_time': 0, 'waiting_time': 15, 'trip_time': 3060, 'num_transfers': 4, 'departure_time': 6915, 'departure_day': 'current_day', 'arrival_time': 9990, 'arrival_day': 'current_day', 'steps': [{'duration': 90, 'departure_time': 6930, 'arrival_time': 7020, 'day': 'current_day', 'from_stop_id': '116-2', 'to_stop_id': 'A-2', 'trip_id': '2-1-5', 'agency_name': 'Unknown'}, {'duration': 30, 'departure_time': 7020, 'arrival_time': 7050, 'day': 'current_day', 'from_stop_id': 'A-2', 'to_stop_id': 'A-0', 'trip_id': 'walking', 'agency_name': 'Unknown'}, {'duration': 1800, 'departure_time': 7500, 'arrival_time': 9300, 'day': 'current_day', 'from_stop_id': 'A-0', 'to_stop_id': 'B-0', 'trip_id': 'IE-5-0', 'agency_name': 'Unknown'}, {'duration': 30, 'departure_time': 9300, 'arrival_time': 9330, 'day': 'current_day', 'from_stop_id': 'B-0', 'to_stop_id': 'B-1', 'trip_id': 'walking', 'agency_name': 'Unknown'}, {'duration': 270, 'departure_time': 9720, 'arrival_time': 9990, 'day': 'current_day', 'from_stop_id': 'B-1', 'to_stop_id': '177-1', 'trip_id': '3-1-10', 'agency_name': 'Unknown'}]}",3945.0
58,221,13470,inter,left,196,[58],[220],0,0,500,375,13470,13530.0,17580.0,17640.0,4050.0,4.0,58,220,,,pt,18015.0,4545.0,"{'duration': 4050, 'source_transfer_time': 0, 'waiting_time': 210, 'trip_time': 3840, 'num_transfers': 4, 'departure_time': 13530, 'departure_day': 'current_day', 'arrival_time': 17580, 'arrival_day': 'current_day', 'steps': [{'duration': 180, 'departure_time': 13740, 'arrival_time': 13920, 'day': 'current_day', 'from_stop_id': '58-1', 'to_stop_id': 'A-1', 'trip_id': '1-1-17', 'agency_name': 'Unknown'}, {'duration': 30, 'departure_time': 13920, 'arrival_time': 13950, 'day': 'current_day', 'from_stop_id': 'A-1', 'to_stop_id': 'A-0', 'trip_id': 'walking', 'agency_name': 'Unknown'}, {'duration': 1800, 'departure_time': 15000, 'arrival_time': 16800, 'day': 'current_day', 'from_stop_id': 'A-0', 'to_stop_id': 'B-0', 'trip_id': 'IE-10-0', 'agency_name': 'Unknown'}, {'duration': 30, 'departure_time': 16800, 'arrival_time': 16830, 'day': 'current_day', 'from_stop_id': 'B-0', 'to_stop_id': 'B-2', 'trip_id': 'walking', 'agency_name': 'Unknown'}, {'duration': 360, 'departure_time': 17220, 'arrival_time': 17580, 'day': 'current_day', 'from_stop_id': 'B-2', 'to_stop_id': '220-2', 'trip_id': '4-1-22', 'agency_name': 'Unknown'}]}",4545.0
5,150,8370,inter,left,197,[5],[148],0,0,1000,751,8370,8430.0,12690.0,12750.0,4260.0,4.0,5,148,,,pt,13501.0,5131.0,"{'duration': 4260, 'source_transfer_time': 0, 'waiting_time': 540, 'trip_time': 3720, 'num_transfers': 4, 'departure_time': 8430, 'departure_day': 'current_day', 'arrival_time': 12690, 'arrival_day': 'current_day', 'steps': [{'duration': 450, 'departure_time': 8970, 'arrival_time': 9420, 'day': 'current_day', 'from_stop_id': '5-2', 'to_stop_id': 'A-2', 'trip_id': '2-1-9', 'agency_name': 'Unknown'}, {'duration': 30, 'departure_time': 9420, 'arrival_time': 9450, 'day': 'current_day', 'from_stop_id': 'A-2', 'to_stop_id': 'A-0', 'trip_id': 'walking', 'agency_name': 'Unknown'}, {'duration': 1800, 'departure_time': 10500, 'arrival_time': 12300, 'day': 'current_day', 'from_stop_id': 'A-0', 'to_stop_id': 'B-0', 'trip_id': 'IE-7-0', 'agency_name': 'Unknown'}, {'duration': 30, 'departure_time': 12300, 'arrival_time': 12330, 'day': 'current_day', 'from_stop_id': 'B-0', 'to_stop_id': 'B-2', 'trip_id': 'walking', 'agency_name': 'Unknown'}, {'duration': 270, 'departure_time': 12420, 'arrival_time': 12690, 'day': 'current_day', 'from_stop_id': 'B-2', 'to_stop_id': '148-2', 'trip_id': '4-0-14', 'agency_name': 'Unknown'}]}",5131.0
67,187,4410,inter,left,198,[118; 119],[238; 240],500,375,500,375,4785,4845.0,8010.0,8070.0,3165.0,4.0,118,238,,,pt,8445.0,4035.0,"{'duration': 3165, 'source_transfer_time': 0, 'waiting_time': 585, 'trip_time': 2580, 'num_transfers': 4, 'departure_time': 4845, 'departure_day': 'current_day', 'arrival_time': 8010, 'arrival_day': 'current_day', 'steps': [{'duration': 90, 'departure_time': 5430, 'arrival_time': 5520, 'day': 'current_day', 'from_stop_id': '118-1', 'to_stop_id': 'A-1', 'trip_id': '1-1-3', 'agency_name': 'Unknown'}, {'duration': 30, 'departure_time': 5520, 'arrival_time': 5550, 'day': 'current_day', 'from_stop_id': 'A-1', 'to_stop_id': 'A-0', 'trip_id': 'walking', 'agency_name': 'Unknown'}, {'duration': 1800, 'departure_time': 6000, 'arrival_time': 7800, 'day': 'current_day', 'from_stop_id': 'A-0', 'to_stop_id': 'B-0', 'trip_id': 'IE-4-0', 'agency_name': 'Unknown'}, {'duration': 30, 'departure_time': 7800, 'arrival_time': 7830, 'day': 'current_day', 'from_stop_id': 'B-0', 'to_stop_id': 'B-1', 'trip_id': 'walking', 'agency_name': 'Unknown'}, {'duration': 90, 'departure_time': 7920, 'arrival_time': 8010, 'day': 'current_day', 'from_stop_id': 'B-1', 'to_stop_id': '238-1', 'trip_id': '3-1-7', 'agency_name': 'Unknown'}]}",4035.0
53,140,11010,inter,left,199,[61],[137],500,375,1500,1127,11385,11445.0,15780.0,15840.0,4335.0,4.0,61,137,,,pt,16967.0,5957.0,"{'duration': 4335, 'source_transfer_time': 0, 'waiting_time': 225, 'trip_time': 4110, 'num_transfers': 4, 'departure_time': 11445, 'departure_day': 'current_day', 'arrival_time': 15780, 'arrival_day': 'current_day', 'steps': [{'duration': 450, 'departure_time': 11670, 'arrival_time': 12120, 'day': 'current_day', 'from_stop_id': '61-1', 'to_stop_id': 'A-1', 'trip_id': '1-1-14', 'agency_name': 'Unknown'}, {'duration': 30, 'departure_time': 12120, 'arrival_time': 12150, 'day': 'current_day', 'from_stop_id': 'A-1', 'to_stop_id': 'A-0', 'trip_id': 'walking', 'agency_name': 'Unknown'}, {'duration': 1800, 'departure_time': 13500, 'arrival_time': 15300, 'day': 'current_day', 'from_stop_id': 'A-0', 'to_stop_id': 'B-0', 'trip_id': 'IE-9-0', 'agency_name': 'Unknown'}, {'duration': 30, 'departure_time': 15300, 'arrival_time': 15330, 'day': 'current_day', 'from_stop_id': 'B-0', 'to_stop_id': 'B-2', 'trip_id': 'walking', 'agency_name': 'Unknown'}, {'duration': 360, 'departure_time': 15420, 'arrival_time': 15780, 'day': 'current_day', 'from_stop_id': 'B-2', 'to_stop_id': '137-2', 'trip_id': '4-0-19', 'agency_name': 'Unknown'}]}",5957.0
93,148,9720,inter,left,200,[61],[148],1500,1127,0,0,10847,10907.0,14490.0,14550.0,3583.0,4.0,61,148,,,pt,14550.0,4830.0,"{'duration': 3583, 'source_transfer_time': 0, 'waiting_time': 163, 'trip_time': 3420, 'num_transfers': 4, 'departure_time': 10907, 'departure_day': 'current_day', 'arrival_time': 14490, 'arrival_day': 'current_day', 'steps': [{'duration': 450, 'departure_time': 11070, 'arrival_time': 11520, 'day': 'current_day', 'from_stop_id': '61-1', 'to_stop_id': 'A-1', 'trip_id': '1-1-13', 'agency_name': 'Unknown'}, {'duration': 30, 'departure_time': 11520, 'arrival_time': 11550, 'day': 'current_day', 'from_stop_id': 'A-1', 'to_stop_id': 'A-0', 'trip_id': 'walking', 'agency_name': 'Unknown'}, {'duration': 1800, 'departure_time': 12000, 'arrival_time': 13800, 'day': 'current_day', 'from_stop_id': 'A-0', 'to_stop_id': 'B-0', 'trip_id': 'IE-8-0', 'agency_name': 'Unknown'}, {'duration': 30, 'departure_time': 13800, 'arrival_time': 13830, 'day': 'current_day', 'from_stop_id': 'B-0', 'to_stop_id': 'B-2', 'trip_id': 'walking', 'agency_name': 'Unknown'}, {'duration': 270, 'departure_time': 14220, 'arrival_time': 14490, 'day': 'current_day', 'from_stop_id': 'B-2', 'to_stop_id': '148-2', 'trip_id': '4-0-17', 'agency_name': 'Unknown'}]}",4830.0
114,138,11220,inter,left,201,[110],[137],2000,1503,500,375,12723,12783.0,17580.0,17640.0,4797.0,4.0,110,137,,,pt,18015.0,6795.0,"{'duration': 4797, 'source_transfer_time': 0, 'waiting_time': 387, 'trip_time': 4410, 'num_transfers': 4, 'departure_time': 12783, 'departure_day': 'current_day', 'arrival_time': 17580, 'arrival_day': 'current_day', 'steps': [{'duration': 450, 'departure_time': 13170, 'arrival_time': 13620, 'day': 'current_day', 'from_stop_id': '110-2', 'to_stop_id': 'A-2', 'trip_id': '2-0-16', 'agency_name': 'Unknown'}, {'duration': 30, 'departure_time': 13620, 'arrival_time': 13650, 'day': 'current_day', 'from_stop_id': 'A-2', 'to_stop_id': 'A-0', 'trip_id': 'walking', 'agency_name': 'Unknown'}, {'duration': 1800, 'departure_time': 15000, 'arrival_time': 16800, 'day': 'current_day', 'from_stop_id': 'A-0', 'to_stop_id': 'B-0', 'trip_id': 'IE-10-0', 'agency_name': 'Unknown'}, {'duration': 30, 'departure_time': 16800, 'arrival_time': 16830, 'day': 'current_day', 'from_stop_id': 'B-0', 'to_stop_id': 'B-2', 'trip_id': 'walking', 'agency_name': 'Unknown'}, {'duration': 360, 'departure_time': 17220, 'arrival_time': 17580, 'day': 'current_day', 'from_stop_id': 'B-2', 'to_stop_id': '137-2', 'trip_id': '4-0-22', 'agency_name': 'Unknown'}]}",6795.0
13,155,10200,inter,left,202,[16],[176],1500,1127,1000,751,11327,11387.0,14280.0,14340.0,2893.0,4.0,16,176,,,pt,15091.0,4891.0,"{'duration': 2893, 'source_transfer_time': 0, 'waiting_time': 73, 'trip_time': 2820, 'num_transfers': 4, 'departure_time': 11387, 'departure_day': 'current_day', 'arrival_time': 14280, 'arrival_day': 'current_day', 'steps': [{'duration': 360, 'departure_time': 11460, 'arrival_time': 11820, 'day': 'current_day', 'from_stop_id': '16-2', 'to_stop_id': 'A-2', 'trip_id': '2-1-13', 'agency_name': 'Unknown'}, {'duration': 30, 'departure_time': 11820, 'arrival_time': 11850, 'day': 'current_day', 'from_stop_id': 'A-2', 'to_stop_id': 'A-0', 'trip_id': 'walking', 'agency_name': 'Unknown'}, {'duration': 1800, 'departure_time': 12000, 'arrival_time': 13800, 'day': 'current_day', 'from_stop_id': 'A-0', 'to_stop_id': 'B-0', 'trip_id': 'IE-8-0', 'agency_name': 'Unknown'}, {'duration': 30, 'departure_time': 13800, 'arrival_time': 13830, 'day': 'current_day', 'from_stop_id': 'B-0', 'to_stop_id': 'B-1', 'trip_id': 'walking', 'agency_name': 'Unknown'}, {'duration': 360, 'departure_time': 13920, 'arrival_time': 14280, 'day': 'current_day', 'from_stop_id': 'B-1', 'to_stop_id': '176-1', 'trip_id': '3-1-17', 'agency_name': 'Unknown'}]}",4891.0
8,211,7380,inter,left,203,[5],[209],1500,1127,1000,751,8507,8567.0,12690.0,12750.0,4123.0,4.0,5,209,,,pt,13501.0,6121.0,"{'duration': 4123, 'source_transfer_time': 0, 'waiting_time': 403, 'trip_time': 3720, 'num_transfers': 4, 'departure_time': 8567, 'departure_day': 'current_day', 'arrival_time': 12690, 'arrival_day': 'current_day', 'steps': [{'duration': 450, 'departure_time': 8970, 'arrival_time': 9420, 'day': 'current_day', 'from_stop_id': '5-2', 'to_stop_id': 'A-2', 'trip_id': '2-1-9', 'agency_name': 'Unknown'}, {'duration': 30, 'departure_time': 9420, 'arrival_time': 9450, 'day': 'current_day', 'from_stop_id': 'A-2', 'to_stop_id': 'A-0', 'trip_id': 'walking', 'agency_name': 'Unknown'}, {'duration': 1800, 'departure_time': 10500, 'arrival_time': 12300, 'day': 'current_day', 'from_stop_id': 'A-0', 'to_stop_id': 'B-0', 'trip_id': 'IE-7-0', 'agency_name': 'Unknown'}, {'duration': 30, 'departure_time': 12300, 'arrival_time': 12330, 'day': 'current_day', 'from_stop_id': 'B-0', 'to_stop_id': 'B-2', 'trip_id': 'walking', 'agency_name': 'Unknown'}, {'duration': 270, 'departure_time': 12420, 'arrival_time': 12690, 'day': 'current_day', 'from_stop_id': 'B-2', 'to_stop_id': '209-2', 'trip_id': '4-1-14', 'agency_name': 'Unknown'}]}",6121.0
82,177,10680,inter,left,204,[61],[177],1000,751,0,0,11431,11491.0,15990.0,16050.0,4499.0,4.0,61,177,,,pt,16050.0,5370.0,"{'duration': 4499, 'source_transfer_time': 0, 'waiting_time': 179, 'trip_time': 4320, 'num_transfers': 4, 'departure_time': 11491, 'departure_day': 'current_day', 'arrival_time': 15990, 'arrival_day': 'current_day', 'steps': [{'duration': 450, 'departure_time': 11670, 'arrival_time': 12120, 'day': 'current_day', 'from_stop_id': '61-1', 'to_stop_id': 'A-1', 'trip_id': '1-1-14', 'agency_name': 'Unknown'}, {'duration': 30, 'departure_time': 12120, 'arrival_time': 12150, 'day': 'current_day', 'from_stop_id': 'A-1', 'to_stop_id': 'A-0', 'trip_id': 'walking', 'agency_name': 'Unknown'}, {'duration': 1800, 'departure_time': 13500, 'arrival_time': 15300, 'day': 'current_day', 'from_stop_id': 'A-0', 'to_stop_id': 'B-0', 'trip_id': 'IE-9-0', 'agency_name': 'Unknown'}, {'duration': 30, 'departure_time': 15300, 'arrival_time': 15330, 'day': 'current_day', 'from_stop_id': 'B-0', 'to_stop_id': 'B-1', 'trip_id': 'walking', 'agency_name': 'Unknown'}, {'duration': 270, 'departure_time': 15720, 'arrival_time': 15990, 'day': 'current_day', 'from_stop_id': 'B-1', 'to_stop_id': '177-1', 'trip_id': '3-1-20', 'agency_name': 'Unknown'}]}",5370.0
76,189,12750,inter,left,205,[77],[179],500,375,500,375,13125,13185.0,17100.0,17160.0,3915.0,4.0,77,179,,,pt,17535.0,4785.0,"{'duration': 3915, 'source_transfer_time': 0, 'waiting_time': 255, 'trip_time': 3660, 'num_transfers': 4, 'departure_time': 13185, 'departure_day': 'current_day', 'arrival_time': 17100, 'arrival_day': 'current_day', 'steps': [{'duration': 180, 'departure_time': 13440, 'arrival_time': 13620, 'day': 'current_day', 'from_stop_id': '77-2', 'to_stop_id': 'A-2', 'trip_id': '2-0-16', 'agency_name': 'Unknown'}, {'duration': 30, 'departure_time': 13620, 'arrival_time': 13650, 'day': 'current_day', 'from_stop_id': 'A-2', 'to_stop_id': 'A-0', 'trip_id': 'walking', 'agency_name': 'Unknown'}, {'duration': 1800, 'departure_time': 15000, 'arrival_time': 16800, 'day': 'current_day', 'from_stop_id': 'A-0', 'to_stop_id': 'B-0', 'trip_id': 'IE-10-0', 'agency_name': 'Unknown'}, {'duration': 30, 'departure_time': 16800, 'arrival_time': 16830, 'day': 'current_day', 'from_stop_id': 'B-0', 'to_stop_id': 'B-1', 'trip_id': 'walking', 'agency_name': 'Unknown'}, {'duration': 180, 'departure_time': 16920, 'arrival_time': 17100, 'day': 'current_day', 'from_stop_id': 'B-1', 'to_stop_id': '179-1', 'trip_id': '3-0-22', 'agency_name': 'Unknown'}]}",4785.0
87,132,4740,inter,left,206,[88],[175],500,375,2000,1503,5115,5175.0,8370.0,8430.0,3195.0,4.0,88,175,,,pt,9933.0,5193.0,"{'duration': 3195, 'source_transfer_time': 0, 'waiting_time': 375, 'trip_time': 2820, 'num_transfers': 4, 'departure_time': 5175, 'departure_day': 'current_day', 'arrival_time': 8370, 'arrival_day': 'current_day', 'steps': [{'duration': 270, 'departure_time': 5550, 'arrival_time': 5820, 'day': 'current_day', 'from_stop_id': '88-2', 'to_stop_id': 'A-2', 'trip_id': '2-0-3', 'agency_name': 'Unknown'}, {'duration': 30, 'departure_time': 5820, 'arrival_time': 5850, 'day': 'current_day', 'from_stop_id': 'A-2', 'to_stop_id': 'A-0', 'trip_id': 'walking', 'agency_name': 'Unknown'}, {'duration': 1800, 'departure_time': 6000, 'arrival_time': 7800, 'day': 'current_day', 'from_stop_id': 'A-0', 'to_stop_id': 'B-0', 'trip_id': 'IE-4-0', 'agency_name': 'Unknown'}, {'duration': 30, 'departure_time': 7800, 'arrival_time': 7830, 'day': 'current_day', 'from_stop_id': 'B-0', 'to_stop_id': 'B-1', 'trip_id': 'walking', 'agency_name': 'Unknown'}, {'duration': 450, 'departure_time': 7920, 'arrival_time': 8370, 'day': 'current_day', 'from_stop_id': 'B-1', 'to_stop_id': '175-1', 'trip_id': '3-1-7', 'agency_name': 'Unknown'}]}",5193.0
64,180,9330,inter,left,207,[56],[180],500,375,0,0,9705,9765.0,12990.0,13050.0,3225.0,4.0,56,180,,,pt,13050.0,3720.0,"{'duration': 3225, 'source_transfer_time': 0, 'waiting_time': 285, 'trip_time': 2940, 'num_transfers': 4, 'departure_time': 9765, 'departure_day': 'current_day', 'arrival_time': 12990, 'arrival_day': 'current_day', 'steps': [{'duration': 270, 'departure_time': 10050, 'arrival_time': 10320, 'day': 'current_day', 'from_stop_id': '56-1', 'to_stop_id': 'A-1', 'trip_id': '1-0-11', 'agency_name': 'Unknown'}, {'duration': 30, 'departure_time': 10320, 'arrival_time': 10350, 'day': 'current_day', 'from_stop_id': 'A-1', 'to_stop_id': 'A-0', 'trip_id': 'walking', 'agency_name': 'Unknown'}, {'duration': 1800, 'departure_time': 10500, 'arrival_time': 12300, 'day': 'current_day', 'from_stop_id': 'A-0', 'to_stop_id': 'B-0', 'trip_id': 'IE-7-0', 'agency_name': 'Unknown'}, {'duration': 30, 'departure_time': 12300, 'arrival_time': 12330, 'day': 'current_day', 'from_stop_id': 'B-0', 'to_stop_id': 'B-1', 'trip_id': 'walking', 'agency_name': 'Unknown'}, {'duration': 270, 'departure_time': 12720, 'arrival_time': 12990, 'day': 'current_day', 'from_stop_id': 'B-1', 'to_stop_id': '180-1', 'trip_id': '3-0-15', 'agency_name': 'Unknown'}]}",3720.0
20,215,5070,inter,left,208,[16; 60],[175],2000,1503,2000,1503,6573,6633.0,10170.0,10230.0,3537.0,4.0,16,175,,,pt,11733.0,6663.0,"{'duration': 3537, 'source_transfer_time': 0, 'waiting_time': 27, 'trip_time': 3510, 'num_transfers': 4, 'departure_time': 6633, 'departure_day': 'current_day', 'arrival_time': 10170, 'arrival_day': 'current_day', 'steps': [{'duration': 360, 'departure_time': 6660, 'arrival_time': 7020, 'day': 'current_day', 'from_stop_id': '16-2', 'to_stop_id': 'A-2', 'trip_id': '2-1-5', 'agency_name': 'Unknown'}, {'duration': 30, 'departure_time': 7020, 'arrival_time': 7050, 'day': 'current_day', 'from_stop_id': 'A-2', 'to_stop_id': 'A-0', 'trip_id': 'walking', 'agency_name': 'Unknown'}, {'duration': 1800, 'departure_time': 7500, 'arrival_time': 9300, 'day': 'current_day', 'from_stop_id': 'A-0', 'to_stop_id': 'B-0', 'trip_id': 'IE-5-0', 'agency_name': 'Unknown'}, {'duration': 30, 'departure_time': 9300, 'arrival_time': 9330, 'day': 'current_day', 'from_stop_id': 'B-0', 'to_stop_id': 'B-1', 'trip_id': 'walking', 'agency_name': 'Unknown'}, {'duration': 450, 'departure_time': 9720, 'arrival_time': 10170, 'day': 'current_day', 'from_stop_id': 'B-1', 'to_stop_id': '175-1', 'trip_id': '3-1-10', 'agency_name': 'Unknown'}]}",6663.0
108,181,14160,inter,left,209,[110],[181],1000,751,0,0,14911,14971.0,19080.0,19140.0,4109.0,4.0,110,181,,,pt,19140.0,4980.0,"{'duration': 4109, 'source_transfer_time': 0, 'waiting_time': 599, 'trip_time': 3510, 'num_transfers': 4, 'departure_time': 14971, 'departure_day': 'current_day', 'arrival_time': 19080, 'arrival_day': 'current_day', 'steps': [{'duration': 450, 'departure_time': 15570, 'arrival_time': 16020, 'day': 'current_day', 'from_stop_id': '110-2', 'to_stop_id': 'A-2', 'trip_id': '2-0-20', 'agency_name': 'Unknown'}, {'duration': 30, 'departure_time': 16020, 'arrival_time': 16050, 'day': 'current_day', 'from_stop_id': 'A-2', 'to_stop_id': 'A-0', 'trip_id': 'walking', 'agency_name': 'Unknown'}, {'duration': 1800, 'departure_time': 16500, 'arrival_time': 18300, 'day': 'current_day', 'from_stop_id': 'A-0', 'to_stop_id': 'B-0', 'trip_id': 'IE-11-0', 'agency_name': 'Unknown'}, {'duration': 30, 'departure_time': 18300, 'arrival_time': 18330, 'day': 'current_day', 'from_stop_id': 'B-0', 'to_stop_id': 'B-1', 'trip_id': 'walking', 'agency_name': 'Unknown'}, {'duration': 360, 'departure_time': 18720, 'arrival_time': 19080, 'day': 'current_day', 'from_stop_id': 'B-1', 'to_stop_id': '181-1', 'trip_id': '3-0-25', 'agency_name': 'Unknown'}]}",4980.0
5,195,8070,inter,left,210,[5],[177],0,0,1000,751,8070,8130.0,11190.0,11250.0,3060.0,4.0,5,177,,,pt,12001.0,3931.0,"{'duration': 3060, 'source_transfer_time': 0, 'waiting_time': 240, 'trip_time': 2820, 'num_transfers': 4, 'departure_time': 8130, 'departure_day': 'current_day', 'arrival_time': 11190, 'arrival_day': 'current_day', 'steps': [{'duration': 450, 'departure_time': 8370, 'arrival_time': 8820, 'day': 'current_day', 'from_stop_id': '5-2', 'to_stop_id': 'A-2', 'trip_id': '2-1-8', 'agency_name': 'Unknown'}, {'duration': 30, 'departure_time': 8820, 'arrival_time': 8850, 'day': 'current_day', 'from_stop_id': 'A-2', 'to_stop_id': 'A-0', 'trip_id': 'walking', 'agency_name': 'Unknown'}, {'duration': 1800, 'departure_time': 9000, 'arrival_time': 10800, 'day': 'current_day', 'from_stop_id': 'A-0', 'to_stop_id': 'B-0', 'trip_id': 'IE-6-0', 'agency_name': 'Unknown'}, {'duration': 30, 'departure_time': 10800, 'arrival_time': 10830, 'day': 'current_day', 'from_stop_id': 'B-0', 'to_stop_id': 'B-1', 'trip_id': 'walking', 'agency_name': 'Unknown'}, {'duration': 270, 'departure_time': 10920, 'arrival_time': 11190, 'day': 'current_day', 'from_stop_id': 'B-1', 'to_stop_id': '177-1', 'trip_id': '3-1-12', 'agency_name': 'Unknown'}]}",3931.0
32,157,4320,inter,left,211,[61],[159; 178],1500,1127,1000,751,5447,5507.0,9600.0,9660.0,4093.0,4.0,61,159,,,pt,10411.0,6091.0,"{'duration': 4093, 'source_transfer_time': 0, 'waiting_time': 163, 'trip_time': 3930, 'num_transfers': 4, 'departure_time': 5507, 'departure_day': 'current_day', 'arrival_time': 9600, 'arrival_day': 'current_day', 'steps': [{'duration': 450, 'departure_time': 5670, 'arrival_time': 6120, 'day': 'current_day', 'from_stop_id': '61-1', 'to_stop_id': 'A-1', 'trip_id': '1-1-4', 'agency_name': 'Unknown'}, {'duration': 30, 'departure_time': 6120, 'arrival_time': 6150, 'day': 'current_day', 'from_stop_id': 'A-1', 'to_stop_id': 'A-0', 'trip_id': 'walking', 'agency_name': 'Unknown'}, {'duration': 1800, 'departure_time': 7500, 'arrival_time': 9300, 'day': 'current_day', 'from_stop_id': 'A-0', 'to_stop_id': 'B-0', 'trip_id': 'IE-5-0', 'agency_name': 'Unknown'}, {'duration': 30, 'departure_time': 9300, 'arrival_time': 9330, 'day': 'current_day', 'from_stop_id': 'B-0', 'to_stop_id': 'B-2', 'trip_id': 'walking', 'agency_name': 'Unknown'}, {'duration': 180, 'departure_time': 9420, 'arrival_time': 9600, 'day': 'current_day', 'from_stop_id': 'B-2', 'to_stop_id': '159-2', 'trip_id': '4-0-9', 'agency_name': 'Unknown'}]}",6091.0
39,233,14220,inter,left,212,[38],[231],500,375,1000,751,14595,14655.0,18870.0,18930.0,4215.0,4.0,38,231,,,pt,19681.0,5461.0,"{'duration': 4215, 'source_transfer_time': 0, 'waiting_time': 585, 'trip_time': 3630, 'num_transfers': 4, 'departure_time': 14655, 'departure_day': 'current_day', 'arrival_time': 18870, 'arrival_day': 'current_day', 'steps': [{'duration': 180, 'departure_time': 15240, 'arrival_time': 15420, 'day': 'current_day', 'from_stop_id': '38-2', 'to_stop_id': 'A-2', 'trip_id': '2-1-19', 'agency_name': 'Unknown'}, {'duration': 30, 'departure_time': 15420, 'arrival_time': 15450, 'day': 'current_day', 'from_stop_id': 'A-2', 'to_stop_id': 'A-0', 'trip_id': 'walking', 'agency_name': 'Unknown'}, {'duration': 1800, 'departure_time': 16500, 'arrival_time': 18300, 'day': 'current_day', 'from_stop_id': 'A-0', 'to_stop_id': 'B-0', 'trip_id': 'IE-11-0', 'agency_name': 'Unknown'}, {'duration': 30, 'departure_time': 18300, 'arrival_time': 18330, 'day': 'current_day', 'from_stop_id': 'B-0', 'to_stop_id': 'B-2', 'trip_id': 'walking', 'agency_name': 'Unknown'}, {'duration': 450, 'departure_time': 18420, 'arrival_time': 18870, 'day': 'current_day', 'from_stop_id': 'B-2', 'to_stop_id': '231-2', 'trip_id': '4-1-24', 'agency_name': 'Unknown'}]}",5461.0
77,232,8820,inter,left,213,[77],[231],0,0,500,375,8820,8880.0,12870.0,12930.0,3990.0,4.0,77,231,,,pt,13305.0,4485.0,"{'duration': 3990, 'source_transfer_time': 0, 'waiting_time': 360, 'trip_time': 3630, 'num_transfers': 4, 'departure_time': 8880, 'departure_day': 'current_day', 'arrival_time': 12870, 'arrival_day': 'current_day', 'steps': [{'duration': 180, 'departure_time': 9240, 'arrival_time': 9420, 'day': 'current_day', 'from_stop_id': '77-2', 'to_stop_id': 'A-2', 'trip_id': '2-0-9', 'agency_name': 'Unknown'}, {'duration': 30, 'departure_time': 9420, 'arrival_time': 9450, 'day': 'current_day', 'from_stop_id': 'A-2', 'to_stop_id': 'A-0', 'trip_id': 'walking', 'agency_name': 'Unknown'}, {'duration': 1800, 'departure_time': 10500, 'arrival_time': 12300, 'day': 'current_day', 'from_stop_id': 'A-0', 'to_stop_id': 'B-0', 'trip_id': 'IE-7-0', 'agency_name': 'Unknown'}, {'duration': 30, 'departure_time': 12300, 'arrival_time': 12330, 'day': 'current_day', 'from_stop_id': 'B-0', 'to_stop_id': 'B-2', 'trip_id': 'walking', 'agency_name': 'Unknown'}, {'duration': 450, 'departure_time': 12420, 'arrival_time': 12870, 'day': 'current_day', 'from_stop_id': 'B-2', 'to_stop_id': '231-2', 'trip_id': '4-1-14', 'agency_name': 'Unknown'}]}",4485.0
69,122,9000,inter,left,214,[59],[126],500,375,2000,1503,9375,9435.0,12870.0,12930.0,3435.0,4.0,59,126,,,pt,14433.0,5433.0,"{'duration': 3435, 'source_transfer_time': 0, 'waiting_time': 15, 'trip_time': 3420, 'num_transfers': 4, 'departure_time': 9435, 'departure_day': 'current_day', 'arrival_time': 12870, 'arrival_day': 'current_day', 'steps': [{'duration': 270, 'departure_time': 9450, 'arrival_time': 9720, 'day': 'current_day', 'from_stop_id': '59-1', 'to_stop_id': 'A-1', 'trip_id': '1-1-10', 'agency_name': 'Unknown'}, {'duration': 30, 'departure_time': 9720, 'arrival_time': 9750, 'day': 'current_day', 'from_stop_id': 'A-1', 'to_stop_id': 'A-0', 'trip_id': 'walking', 'agency_name': 'Unknown'}, {'duration': 1800, 'departure_time': 10500, 'arrival_time': 12300, 'day': 'current_day', 'from_stop_id': 'A-0', 'to_stop_id': 'B-0', 'trip_id': 'IE-7-0', 'agency_name': 'Unknown'}, {'duration': 30, 'departure_time': 12300, 'arrival_time': 12330, 'day': 'current_day', 'from_stop_id': 'B-0', 'to_stop_id': 'B-2', 'trip_id': 'walking', 'agency_name': 'Unknown'}, {'duration': 450, 'departure_time': 12420, 'arrival_time': 12870, 'day': 'current_day', 'from_stop_id': 'B-2', 'to_stop_id': '126-2', 'trip_id': '4-0-14', 'agency_name': 'Unknown'}]}",5433.0
61,220,5610,inter,left,215,[61],[220],0,0,0,0,5610,5670.0,9780.0,9840.0,4110.0,4.0,61,220,,,pt,9840.0,4230.0,"{'duration': 4110, 'source_transfer_time': 0, 'waiting_time': 0, 'trip_time': 4110, 'num_transfers': 4, 'departure_time': 5670, 'departure_day': 'current_day', 'arrival_time': 9780, 'arrival_day': 'current_day', 'steps': [{'duration': 450, 'departure_time': 5670, 'arrival_time': 6120, 'day': 'current_day', 'from_stop_id': '61-1', 'to_stop_id': 'A-1', 'trip_id': '1-1-4', 'agency_name': 'Unknown'}, {'duration': 30, 'departure_time': 6120, 'arrival_time': 6150, 'day': 'current_day', 'from_stop_id': 'A-1', 'to_stop_id': 'A-0', 'trip_id': 'walking', 'agency_name': 'Unknown'}, {'duration': 1800, 'departure_time': 7500, 'arrival_time': 9300, 'day': 'current_day', 'from_stop_id': 'A-0', 'to_stop_id': 'B-0', 'trip_id': 'IE-5-0', 'agency_name': 'Unknown'}, {'duration': 30, 'departure_time': 9300, 'arrival_time': 9330, 'day': 'current_day', 'from_stop_id': 'B-0', 'to_stop_id': 'B-2', 'trip_id': 'walking', 'agency_name': 'Unknown'}, {'duration': 360, 'departure_time': 9420, 'arrival_time': 9780, 'day': 'current_day', 'from_stop_id': 'B-2', 'to_stop_id': '220-2', 'trip_id': '4-1-9', 'agency_name': 'Unknown'}]}",4230.0
5,220,6060,inter,left,216,[5],[220],0,0,0,0,6060,6120.0,9780.0,9840.0,3660.0,4.0,5,220,,,pt,9840.0,3780.0,"{'duration': 3660, 'source_transfer_time': 0, 'waiting_time': 450, 'trip_time': 3210, 'num_transfers': 4, 'departure_time': 6120, 'departure_day': 'current_day', 'arrival_time': 9780, 'arrival_day': 'current_day', 'steps': [{'duration': 450, 'departure_time': 6570, 'arrival_time': 7020, 'day': 'current_day', 'from_stop_id': '5-2', 'to_stop_id': 'A-2', 'trip_id': '2-1-5', 'agency_name': 'Unknown'}, {'duration': 30, 'departure_time': 7020, 'arrival_time': 7050, 'day': 'current_day', 'from_stop_id': 'A-2', 'to_stop_id': 'A-0', 'trip_id': 'walking', 'agency_name': 'Unknown'}, {'duration': 1800, 'departure_time': 7500, 'arrival_time': 9300, 'day': 'current_day', 'from_stop_id': 'A-0', 'to_stop_id': 'B-0', 'trip_id': 'IE-5-0', 'agency_name': 'Unknown'}, {'duration': 30, 'departure_time': 9300, 'arrival_time': 9330, 'day': 'current_day', 'from_stop_id': 'B-0', 'to_stop_id': 'B-2', 'trip_id': 'walking', 'agency_name': 'Unknown'}, {'duration': 360, 'departure_time': 9420, 'arrival_time': 9780, 'day': 'current_day', 'from_stop_id': 'B-2', 'to_stop_id': '220-2', 'trip_id': '4-1-9', 'agency_name': 'Unknown'}]}",3780.0
67,163,11940,inter,left,217,[118; 119],[181],500,375,1000,751,12315,12375.0,16080.0,16140.0,3705.0,4.0,118,181,,,pt,16891.0,4951.0,"{'duration': 3705, 'source_transfer_time': 0, 'waiting_time': 255, 'trip_time': 3450, 'num_transfers': 4, 'departure_time': 12375, 'departure_day': 'current_day', 'arrival_time': 16080, 'arrival_day': 'current_day', 'steps': [{'duration': 90, 'departure_time': 12630, 'arrival_time': 12720, 'day': 'current_day', 'from_stop_id': '118-1', 'to_stop_id': 'A-1', 'trip_id': '1-1-15', 'agency_name': 'Unknown'}, {'duration': 30, 'departure_time': 12720, 'arrival_time': 12750, 'day': 'current_day', 'from_stop_id': 'A-1', 'to_stop_id': 'A-0', 'trip_id': 'walking', 'agency_name': 'Unknown'}, {'duration': 1800, 'departure_time': 13500, 'arrival_time': 15300, 'day': 'current_day', 'from_stop_id': 'A-0', 'to_stop_id': 'B-0', 'trip_id': 'IE-9-0', 'agency_name': 'Unknown'}, {'duration': 30, 'departure_time': 15300, 'arrival_time': 15330, 'day': 'current_day', 'from_stop_id': 'B-0', 'to_stop_id': 'B-1', 'trip_id': 'walking', 'agency_name': 'Unknown'}, {'duration': 360, 'departure_time': 15720, 'arrival_time': 16080, 'day': 'current_day', 'from_stop_id': 'B-1', 'to_stop_id': '181-1', 'trip_id': '3-0-20', 'agency_name': 'Unknown'}]}",4951.0
18,149,9360,inter,left,218,[16],[148],1000,751,500,375,10111,10171.0,14490.0,14550.0,4319.0,4.0,16,148,,,pt,14925.0,5565.0,"{'duration': 4319, 'source_transfer_time': 0, 'waiting_time': 89, 'trip_time': 4230, 'num_transfers': 4, 'departure_time': 10171, 'departure_day': 'current_day', 'arrival_time': 14490, 'arrival_day': 'current_day', 'steps': [{'duration': 360, 'departure_time': 10260, 'arrival_time': 10620, 'day': 'current_day', 'from_stop_id': '16-2', 'to_stop_id': 'A-2', 'trip_id': '2-1-11', 'agency_name': 'Unknown'}, {'duration': 30, 'departure_time': 10620, 'arrival_time': 10650, 'day': 'current_day', 'from_stop_id': 'A-2', 'to_stop_id': 'A-0', 'trip_id': 'walking', 'agency_name': 'Unknown'}, {'duration': 1800, 'departure_time': 12000, 'arrival_time': 13800, 'day': 'current_day', 'from_stop_id': 'A-0', 'to_stop_id': 'B-0', 'trip_id': 'IE-8-0', 'agency_name': 'Unknown'}, {'duration': 30, 'departure_time': 13800, 'arrival_time': 13830, 'day': 'current_day', 'from_stop_id': 'B-0', 'to_stop_id': 'B-2', 'trip_id': 'walking', 'agency_name': 'Unknown'}, {'duration': 270, 'departure_time': 14220, 'arrival_time': 14490, 'day': 'current_day', 'from_stop_id': 'B-2', 'to_stop_id': '148-2', 'trip_id': '4-0-17', 'agency_name': 'Unknown'}]}",5565.0
10,205,9990,inter,left,219,[5; 61],[176],2500,1879,1500,1127,11869,11929.0,16080.0,16140.0,4151.0,4.0,5,176,,,pt,17267.0,7277.0,"{'duration': 4151, 'source_transfer_time': 0, 'waiting_time': 41, 'trip_time': 4110, 'num_transfers': 4, 'departure_time': 11929, 'departure_day': 'current_day', 'arrival_time': 16080, 'arrival_day': 'current_day', 'steps': [{'duration': 450, 'departure_time': 11970, 'arrival_time': 12420, 'day': 'current_day', 'from_stop_id': '5-2', 'to_stop_id': 'A-2', 'trip_id': '2-1-14', 'agency_name': 'Unknown'}, {'duration': 30, 'departure_time': 12420, 'arrival_time': 12450, 'day': 'current_day', 'from_stop_id': 'A-2', 'to_stop_id': 'A-0', 'trip_id': 'walking', 'agency_name': 'Unknown'}, {'duration': 1800, 'departure_time': 13500, 'arrival_time': 15300, 'day': 'current_day', 'from_stop_id': 'A-0', 'to_stop_id': 'B-0', 'trip_id': 'IE-9-0', 'agency_name': 'Unknown'}, {'duration': 30, 'departure_time': 15300, 'arrival_time': 15330, 'day': 'current_day', 'from_stop_id': 'B-0', 'to_stop_id': 'B-1', 'trip_id': 'walking', 'agency_name': 'Unknown'}, {'duration': 360, 'departure_time': 15720, 'arrival_time': 16080, 'day': 'current_day', 'from_stop_id': 'B-1', 'to_stop_id': '176-1', 'trip_id': '3-1-20', 'agency_name': 'Unknown'}]}",7277.0
36,188,7470,inter,left,220,[38; 57],[239; 240],1000,751,500,375,8221,8281.0,11010.0,11070.0,2729.0,4.0,38,239,,,pt,11445.0,3975.0,"{'duration': 2729, 'source_transfer_time': 0, 'waiting_time': 359, 'trip_time': 2370, 'num_transfers': 4, 'departure_time': 8281, 'departure_day': 'current_day', 'arrival_time': 11010, 'arrival_day': 'current_day', 'steps': [{'duration': 180, 'departure_time': 8640, 'arrival_time': 8820, 'day': 'current_day', 'from_stop_id': '38-2', 'to_stop_id': 'A-2', 'trip_id': '2-1-8', 'agency_name': 'Unknown'}, {'duration': 30, 'departure_time': 8820, 'arrival_time': 8850, 'day': 'current_day', 'from_stop_id': 'A-2', 'to_stop_id': 'A-0', 'trip_id': 'walking', 'agency_name': 'Unknown'}, {'duration': 1800, 'departure_time': 9000, 'arrival_time': 10800, 'day': 'current_day', 'from_stop_id': 'A-0', 'to_stop_id': 'B-0', 'trip_id': 'IE-6-0', 'agency_name': 'Unknown'}, {'duration': 30, 'departure_time': 10800, 'arrival_time': 10830, 'day': 'current_day', 'from_stop_id': 'B-0', 'to_stop_id': 'B-1', 'trip_id': 'walking', 'agency_name': 'Unknown'}, {'duration': 90, 'departure_time': 10920, 'arrival_time': 11010, 'day': 'current_day', 'from_stop_id': 'B-1', 'to_stop_id': '239-1', 'trip_id': '3-0-12', 'agency_name': 'Unknown'}]}",3975.0
69,221,7170,inter,left,221,[59],[220],500,375,500,375,7545,7605.0,11580.0,11640.0,3975.0,4.0,59,220,,,pt,12015.0,4845.0,"{'duration': 3975, 'source_transfer_time': 0, 'waiting_time': 45, 'trip_time': 3930, 'num_transfers': 4, 'departure_time': 7605, 'departure_day': 'current_day', 'arrival_time': 11580, 'arrival_day': 'current_day', 'steps': [{'duration': 270, 'departure_time': 7650, 'arrival_time': 7920, 'day': 'current_day', 'from_stop_id': '59-1', 'to_stop_id': 'A-1', 'trip_id': '1-1-7', 'agency_name': 'Unknown'}, {'duration': 30, 'departure_time': 7920, 'arrival_time': 7950, 'day': 'current_day', 'from_stop_id': 'A-1', 'to_stop_id': 'A-0', 'trip_id': 'walking', 'agency_name': 'Unknown'}, {'duration': 1800, 'departure_time': 9000, 'arrival_time': 10800, 'day': 'current_day', 'from_stop_id': 'A-0', 'to_stop_id': 'B-0', 'trip_id': 'IE-6-0', 'agency_name': 'Unknown'}, {'duration': 30, 'departure_time': 10800, 'arrival_time': 10830, 'day': 'current_day', 'from_stop_id': 'B-0', 'to_stop_id': 'B-2', 'trip_id': 'walking', 'agency_name': 'Unknown'}, {'duration': 360, 'departure_time': 11220, 'arrival_time': 11580, 'day': 'current_day', 'from_stop_id': 'B-2', 'to_stop_id': '220-2', 'trip_id': '4-1-12', 'agency_name': 'Unknown'}]}",4845.0
7,147,5820,inter,left,222,[5],[148],1000,751,500,375,6571,6631.0,11490.0,11550.0,4859.0,4.0,5,148,,,pt,11925.0,6105.0,"{'duration': 4859, 'source_transfer_time': 0, 'waiting_time': 539, 'trip_time': 4320, 'num_transfers': 4, 'departure_time': 6631, 'departure_day': 'current_day', 'arrival_time': 11490, 'arrival_day': 'current_day', 'steps': [{'duration': 450, 'departure_time': 7170, 'arrival_time': 7620, 'day': 'current_day', 'from_stop_id': '5-2', 'to_stop_id': 'A-2', 'trip_id': '2-1-6', 'agency_name': 'Unknown'}, {'duration': 30, 'departure_time': 7620, 'arrival_time': 7650, 'day': 'current_day', 'from_stop_id': 'A-2', 'to_stop_id': 'A-0', 'trip_id': 'walking', 'agency_name': 'Unknown'}, {'duration': 1800, 'departure_time': 9000, 'arrival_time': 10800, 'day': 'current_day', 'from_stop_id': 'A-0', 'to_stop_id': 'B-0', 'trip_id': 'IE-6-0', 'agency_name': 'Unknown'}, {'duration': 30, 'departure_time': 10800, 'arrival_time': 10830, 'day': 'current_day', 'from_stop_id': 'B-0', 'to_stop_id': 'B-2', 'trip_id': 'walking', 'agency_name': 'Unknown'}, {'duration': 270, 'departure_time': 11220, 'arrival_time': 11490, 'day': 'current_day', 'from_stop_id': 'B-2', 'to_stop_id': '148-2', 'trip_id': '4-0-12', 'agency_name': 'Unknown'}]}",6105.0
15,177,12810,inter,left,223,[16],[177],500,375,0,0,13185,13245.0,17190.0,17250.0,3945.0,4.0,16,177,,,pt,17250.0,4440.0,"{'duration': 3945, 'source_transfer_time': 0, 'waiting_time': 15, 'trip_time': 3930, 'num_transfers': 4, 'departure_time': 13245, 'departure_day': 'current_day', 'arrival_time': 17190, 'arrival_day': 'current_day', 'steps': [{'duration': 360, 'departure_time': 13260, 'arrival_time': 13620, 'day': 'current_day', 'from_stop_id': '16-2', 'to_stop_id': 'A-2', 'trip_id': '2-1-16', 'agency_name': 'Unknown'}, {'duration': 30, 'departure_time': 13620, 'arrival_time': 13650, 'day': 'current_day', 'from_stop_id': 'A-2', 'to_stop_id': 'A-0', 'trip_id': 'walking', 'agency_name': 'Unknown'}, {'duration': 1800, 'departure_time': 15000, 'arrival_time': 16800, 'day': 'current_day', 'from_stop_id': 'A-0', 'to_stop_id': 'B-0', 'trip_id': 'IE-10-0', 'agency_name': 'Unknown'}, {'duration': 30, 'departure_time': 16800, 'arrival_time': 16830, 'day': 'current_day', 'from_stop_id': 'B-0', 'to_stop_id': 'B-1', 'trip_id': 'walking', 'agency_name': 'Unknown'}, {'duration': 270, 'departure_time': 16920, 'arrival_time': 17190, 'day': 'current_day', 'from_stop_id': 'B-1', 'to_stop_id': '177-1', 'trip_id': '3-1-22', 'agency_name': 'Unknown'}]}",4440.0
73,160,8220,inter,left,224,[55],[159],1000,751,500,375,8971,9031.0,12600.0,12660.0,3569.0,4.0,55,159,,,pt,13035.0,4815.0,"{'duration': 3569, 'source_transfer_time': 0, 'waiting_time': 329, 'trip_time': 3240, 'num_transfers': 4, 'departure_time': 9031, 'departure_day': 'current_day', 'arrival_time': 12600, 'arrival_day': 'current_day', 'steps': [{'duration': 360, 'departure_time': 9360, 'arrival_time': 9720, 'day': 'current_day', 'from_stop_id': '55-1', 'to_stop_id': 'A-1', 'trip_id': '1-0-10', 'agency_name': 'Unknown'}, {'duration': 30, 'departure_time': 9720, 'arrival_time': 9750, 'day': 'current_day', 'from_stop_id': 'A-1', 'to_stop_id': 'A-0', 'trip_id': 'walking', 'agency_name': 'Unknown'}, {'duration': 1800, 'departure_time': 10500, 'arrival_time': 12300, 'day': 'current_day', 'from_stop_id': 'A-0', 'to_stop_id': 'B-0', 'trip_id': 'IE-7-0', 'agency_name': 'Unknown'}, {'duration': 30, 'departure_time': 12300, 'arrival_time': 12330, 'day': 'current_day', 'from_stop_id': 'B-0', 'to_stop_id': 'B-2', 'trip_id': 'walking', 'agency_name': 'Unknown'}, {'duration': 180, 'departure_time': 12420, 'arrival_time': 12600, 'day': 'current_day', 'from_stop_id': 'B-2', 'to_stop_id': '159-2', 'trip_id': '4-0-14', 'agency_name': 'Unknown'}]}",4815.0
51,206,7590,inter,left,225,[59],[177; 209],500,375,1500,1127,7965,8025.0,11190.0,11250.0,3165.0,4.0,59,177,,,pt,12377.0,4787.0,"{'duration': 3165, 'source_transfer_time': 0, 'waiting_time': 225, 'trip_time': 2940, 'num_transfers': 4, 'departure_time': 8025, 'departure_day': 'current_day', 'arrival_time': 11190, 'arrival_day': 'current_day', 'steps': [{'duration': 270, 'departure_time': 8250, 'arrival_time': 8520, 'day': 'current_day', 'from_stop_id': '59-1', 'to_stop_id': 'A-1', 'trip_id': '1-1-8', 'agency_name': 'Unknown'}, {'duration': 30, 'departure_time': 8520, 'arrival_time': 8550, 'day': 'current_day', 'from_stop_id': 'A-1', 'to_stop_id': 'A-0', 'trip_id': 'walking', 'agency_name': 'Unknown'}, {'duration': 1800, 'departure_time': 9000, 'arrival_time': 10800, 'day': 'current_day', 'from_stop_id': 'A-0', 'to_stop_id': 'B-0', 'trip_id': 'IE-6-0', 'agency_name': 'Unknown'}, {'duration': 30, 'departure_time': 10800, 'arrival_time': 10830, 'day': 'current_day', 'from_stop_id': 'B-0', 'to_stop_id': 'B-1', 'trip_id': 'walking', 'agency_name': 'Unknown'}, {'duration': 270, 'departure_time': 10920, 'arrival_time': 11190, 'day': 'current_day', 'from_stop_id': 'B-1', 'to_stop_id': '177-1', 'trip_id': '3-1-12', 'agency_name': 'Unknown'}]}",4787.0
52,211,5040,inter,left,226,[60],[209],500,375,1000,751,5415,5475.0,9690.0,9750.0,4215.0,4.0,60,209,,,pt,10501.0,5461.0,"{'duration': 4215, 'source_transfer_time': 0, 'waiting_time': 285, 'trip_time': 3930, 'num_transfers': 4, 'departure_time': 5475, 'departure_day': 'current_day', 'arrival_time': 9690, 'arrival_day': 'current_day', 'steps': [{'duration': 360, 'departure_time': 5760, 'arrival_time': 6120, 'day': 'current_day', 'from_stop_id': '60-1', 'to_stop_id': 'A-1', 'trip_id': '1-1-4', 'agency_name': 'Unknown'}, {'duration': 30, 'departure_time': 6120, 'arrival_time': 6150, 'day': 'current_day', 'from_stop_id': 'A-1', 'to_stop_id': 'A-0', 'trip_id': 'walking', 'agency_name': 'Unknown'}, {'duration': 1800, 'departure_time': 7500, 'arrival_time': 9300, 'day': 'current_day', 'from_stop_id': 'A-0', 'to_stop_id': 'B-0', 'trip_id': 'IE-5-0', 'agency_name': 'Unknown'}, {'duration': 30, 'departure_time': 9300, 'arrival_time': 9330, 'day': 'current_day', 'from_stop_id': 'B-0', 'to_stop_id': 'B-2', 'trip_id': 'walking', 'agency_name': 'Unknown'}, {'duration': 270, 'departure_time': 9420, 'arrival_time': 9690, 'day': 'current_day', 'from_stop_id': 'B-2', 'to_stop_id': '209-2', 'trip_id': '4-1-9', 'agency_name': 'Unknown'}]}",5461.0
98,133,5190,inter,left,227,[99],[137; 176],500,375,2000,1503,5565,5625.0,9780.0,9840.0,4155.0,4.0,99,137,,,pt,11343.0,6153.0,"{'duration': 4155, 'source_transfer_time': 0, 'waiting_time': 435, 'trip_time': 3720, 'num_transfers': 4, 'departure_time': 5625, 'departure_day': 'current_day', 'arrival_time': 9780, 'arrival_day': 'current_day', 'steps': [{'duration': 360, 'departure_time': 6060, 'arrival_time': 6420, 'day': 'current_day', 'from_stop_id': '99-2', 'to_stop_id': 'A-2', 'trip_id': '2-0-4', 'agency_name': 'Unknown'}, {'duration': 30, 'departure_time': 6420, 'arrival_time': 6450, 'day': 'current_day', 'from_stop_id': 'A-2', 'to_stop_id': 'A-0', 'trip_id': 'walking', 'agency_name': 'Unknown'}, {'duration': 1800, 'departure_time': 7500, 'arrival_time': 9300, 'day': 'current_day', 'from_stop_id': 'A-0', 'to_stop_id': 'B-0', 'trip_id': 'IE-5-0', 'agency_name': 'Unknown'}, {'duration': 30, 'departure_time': 9300, 'arrival_time': 9330, 'day': 'current_day', 'from_stop_id': 'B-0', 'to_stop_id': 'B-2', 'trip_id': 'walking', 'agency_name': 'Unknown'}, {'duration': 360, 'departure_time': 9420, 'arrival_time': 9780, 'day': 'current_day', 'from_stop_id': 'B-2', 'to_stop_id': '137-2', 'trip_id': '4-0-9', 'agency_name': 'Unknown'}]}",6153.0
90,232,4380,inter,left,228,[88],[231],1000,751,500,375,5131,5191.0,8670.0,8730.0,3479.0,4.0,88,231,,,pt,9105.0,4725.0,"{'duration': 3479, 'source_transfer_time': 0, 'waiting_time': 359, 'trip_time': 3120, 'num_transfers': 4, 'departure_time': 5191, 'departure_day': 'current_day', 'arrival_time': 8670, 'arrival_day': 'current_day', 'steps': [{'duration': 270, 'departure_time': 5550, 'arrival_time': 5820, 'day': 'current_day', 'from_stop_id': '88-2', 'to_stop_id': 'A-2', 'trip_id': '2-0-3', 'agency_name': 'Unknown'}, {'duration': 30, 'departure_time': 5820, 'arrival_time': 5850, 'day': 'current_day', 'from_stop_id': 'A-2', 'to_stop_id': 'A-0', 'trip_id': 'walking', 'agency_name': 'Unknown'}, {'duration': 1800, 'departure_time': 6000, 'arrival_time': 7800, 'day': 'current_day', 'from_stop_id': 'A-0', 'to_stop_id': 'B-0', 'trip_id': 'IE-4-0', 'agency_name': 'Unknown'}, {'duration': 30, 'departure_time': 7800, 'arrival_time': 7830, 'day': 'current_day', 'from_stop_id': 'B-0', 'to_stop_id': 'B-2', 'trip_id': 'walking', 'agency_name': 'Unknown'}, {'duration': 450, 'departure_time': 8220, 'arrival_time': 8670, 'day': 'current_day', 'from_stop_id': 'B-2', 'to_stop_id': '231-2', 'trip_id': '4-1-7', 'agency_name': 'Unknown'}]}",4725.0
37,121,13950,inter,left,229,[38],[126; 175],500,375,2500,1879,14325,14385.0,17370.0,17430.0,2985.0,4.0,38,175,,,pt,19309.0,5359.0,"{'duration': 2985, 'source_transfer_time': 0, 'waiting_time': 255, 'trip_time': 2730, 'num_transfers': 4, 'departure_time': 14385, 'departure_day': 'current_day', 'arrival_time': 17370, 'arrival_day': 'current_day', 'steps': [{'duration': 180, 'departure_time': 14640, 'arrival_time': 14820, 'day': 'current_day', 'from_stop_id': '38-2', 'to_stop_id': 'A-2', 'trip_id': '2-1-18', 'agency_name': 'Unknown'}, {'duration': 30, 'departure_time': 14820, 'arrival_time': 14850, 'day': 'current_day', 'from_stop_id': 'A-2', 'to_stop_id': 'A-0', 'trip_id': 'walking', 'agency_name': 'Unknown'}, {'duration': 1800, 'departure_time': 15000, 'arrival_time': 16800, 'day': 'current_day', 'from_stop_id': 'A-0', 'to_stop_id': 'B-0', 'trip_id': 'IE-10-0', 'agency_name': 'Unknown'}, {'duration': 30, 'departure_time': 16800, 'arrival_time': 16830, 'day': 'current_day', 'from_stop_id': 'B-0', 'to_stop_id': 'B-1', 'trip_id': 'walking', 'agency_name': 'Unknown'}, {'duration': 450, 'departure_time': 16920, 'arrival_time': 17370, 'day': 'current_day', 'from_stop_id': 'B-1', 'to_stop_id': '175-1', 'trip_id': '3-1-22', 'agency_name': 'Unknown'}]}",5359.0
44,161,5910,inter,left,230,[54],[159; 179],500,375,1000,751,6285,6345.0,9600.0,9660.0,3255.0,4.0,54,159,,,pt,10411.0,4501.0,"{'duration': 3255, 'source_transfer_time': 0, 'waiting_time': 525, 'trip_time': 2730, 'num_transfers': 4, 'departure_time': 6345, 'departure_day': 'current_day', 'arrival_time': 9600, 'arrival_day': 'current_day', 'steps': [{'duration': 450, 'departure_time': 6870, 'arrival_time': 7320, 'day': 'current_day', 'from_stop_id': '54-1', 'to_stop_id': 'A-1', 'trip_id': '1-0-6', 'agency_name': 'Unknown'}, {'duration': 30, 'departure_time': 7320, 'arrival_time': 7350, 'day': 'current_day', 'from_stop_id': 'A-1', 'to_stop_id': 'A-0', 'trip_id': 'walking', 'agency_name': 'Unknown'}, {'duration': 1800, 'departure_time': 7500, 'arrival_time': 9300, 'day': 'current_day', 'from_stop_id': 'A-0', 'to_stop_id': 'B-0', 'trip_id': 'IE-5-0', 'agency_name': 'Unknown'}, {'duration': 30, 'departure_time': 9300, 'arrival_time': 9330, 'day': 'current_day', 'from_stop_id': 'B-0', 'to_stop_id': 'B-2', 'trip_id': 'walking', 'agency_name': 'Unknown'}, {'duration': 180, 'departure_time': 9420, 'arrival_time': 9600, 'day': 'current_day', 'from_stop_id': 'B-2', 'to_stop_id': '159-2', 'trip_id': '4-0-9', 'agency_name': 'Unknown'}]}",4501.0
77,202,9120,inter,left,231,[77],[181],0,0,1000,751,9120,9180.0,13080.0,13140.0,3900.0,4.0,77,181,,,pt,13891.0,4771.0,"{'duration': 3900, 'source_transfer_time': 0, 'waiting_time': 60, 'trip_time': 3840, 'num_transfers': 4, 'departure_time': 9180, 'departure_day': 'current_day', 'arrival_time': 13080, 'arrival_day': 'current_day', 'steps': [{'duration': 180, 'departure_time': 9240, 'arrival_time': 9420, 'day': 'current_day', 'from_stop_id': '77-2', 'to_stop_id': 'A-2', 'trip_id': '2-0-9', 'agency_name': 'Unknown'}, {'duration': 30, 'departure_time': 9420, 'arrival_time': 9450, 'day': 'current_day', 'from_stop_id': 'A-2', 'to_stop_id': 'A-0', 'trip_id': 'walking', 'agency_name': 'Unknown'}, {'duration': 1800, 'departure_time': 10500, 'arrival_time': 12300, 'day': 'current_day', 'from_stop_id': 'A-0', 'to_stop_id': 'B-0', 'trip_id': 'IE-7-0', 'agency_name': 'Unknown'}, {'duration': 30, 'departure_time': 12300, 'arrival_time': 12330, 'day': 'current_day', 'from_stop_id': 'B-0', 'to_stop_id': 'B-1', 'trip_id': 'walking', 'agency_name': 'Unknown'}, {'duration': 360, 'departure_time': 12720, 'arrival_time': 13080, 'day': 'current_day', 'from_stop_id': 'B-1', 'to_stop_id': '181-1', 'trip_id': '3-0-15', 'agency_name': 'Unknown'}]}",4771.0
98,140,12630,inter,left,232,[99],[137],500,375,1500,1127,13005,13065.0,17580.0,17640.0,4515.0,4.0,99,137,,,pt,18767.0,6137.0,"{'duration': 4515, 'source_transfer_time': 0, 'waiting_time': 195, 'trip_time': 4320, 'num_transfers': 4, 'departure_time': 13065, 'departure_day': 'current_day', 'arrival_time': 17580, 'arrival_day': 'current_day', 'steps': [{'duration': 360, 'departure_time': 13260, 'arrival_time': 13620, 'day': 'current_day', 'from_stop_id': '99-2', 'to_stop_id': 'A-2', 'trip_id': '2-0-16', 'agency_name': 'Unknown'}, {'duration': 30, 'departure_time': 13620, 'arrival_time': 13650, 'day': 'current_day', 'from_stop_id': 'A-2', 'to_stop_id': 'A-0', 'trip_id': 'walking', 'agency_name': 'Unknown'}, {'duration': 1800, 'departure_time': 15000, 'arrival_time': 16800, 'day': 'current_day', 'from_stop_id': 'A-0', 'to_stop_id': 'B-0', 'trip_id': 'IE-10-0', 'agency_name': 'Unknown'}, {'duration': 30, 'departure_time': 16800, 'arrival_time': 16830, 'day': 'current_day', 'from_stop_id': 'B-0', 'to_stop_id': 'B-2', 'trip_id': 'walking', 'agency_name': 'Unknown'}, {'duration': 360, 'departure_time': 17220, 'arrival_time': 17580, 'day': 'current_day', 'from_stop_id': 'B-2', 'to_stop_id': '137-2', 'trip_id': '4-0-22', 'agency_name': 'Unknown'}]}",6137.0
53,226,9930,inter,left,233,[61],[175; 231],500,375,2500,1879,10305,10365.0,14370.0,14430.0,4005.0,4.0,61,175,,,pt,16309.0,6379.0,"{'duration': 4005, 'source_transfer_time': 0, 'waiting_time': 105, 'trip_time': 3900, 'num_transfers': 4, 'departure_time': 10365, 'departure_day': 'current_day', 'arrival_time': 14370, 'arrival_day': 'current_day', 'steps': [{'duration': 450, 'departure_time': 10470, 'arrival_time': 10920, 'day': 'current_day', 'from_stop_id': '61-1', 'to_stop_id': 'A-1', 'trip_id': '1-1-12', 'agency_name': 'Unknown'}, {'duration': 30, 'departure_time': 10920, 'arrival_time': 10950, 'day': 'current_day', 'from_stop_id': 'A-1', 'to_stop_id': 'A-0', 'trip_id': 'walking', 'agency_name': 'Unknown'}, {'duration': 1800, 'departure_time': 12000, 'arrival_time': 13800, 'day': 'current_day', 'from_stop_id': 'A-0', 'to_stop_id': 'B-0', 'trip_id': 'IE-8-0', 'agency_name': 'Unknown'}, {'duration': 30, 'departure_time': 13800, 'arrival_time': 13830, 'day': 'current_day', 'from_stop_id': 'B-0', 'to_stop_id': 'B-1', 'trip_id': 'walking', 'agency_name': 'Unknown'}, {'duration': 450, 'departure_time': 13920, 'arrival_time': 14370, 'day': 'current_day', 'from_stop_id': 'B-1', 'to_stop_id': '175-1', 'trip_id': '3-1-17', 'agency_name': 'Unknown'}]}",6379.0
9,216,7740,inter,left,234,[5],[176; 220],2000,1503,2000,1503,9243,9303.0,12780.0,12840.0,3477.0,4.0,5,220,,,pt,14343.0,6603.0,"{'duration': 3477, 'source_transfer_time': 0, 'waiting_time': 267, 'trip_time': 3210, 'num_transfers': 4, 'departure_time': 9303, 'departure_day': 'current_day', 'arrival_time': 12780, 'arrival_day': 'current_day', 'steps': [{'duration': 450, 'departure_time': 9570, 'arrival_time': 10020, 'day': 'current_day', 'from_stop_id': '5-2', 'to_stop_id': 'A-2', 'trip_id': '2-1-10', 'agency_name': 'Unknown'}, {'duration': 30, 'departure_time': 10020, 'arrival_time': 10050, 'day': 'current_day', 'from_stop_id': 'A-2', 'to_stop_id': 'A-0', 'trip_id': 'walking', 'agency_name': 'Unknown'}, {'duration': 1800, 'departure_time': 10500, 'arrival_time': 12300, 'day': 'current_day', 'from_stop_id': 'A-0', 'to_stop_id': 'B-0', 'trip_id': 'IE-7-0', 'agency_name': 'Unknown'}, {'duration': 30, 'departure_time': 12300, 'arrival_time': 12330, 'day': 'current_day', 'from_stop_id': 'B-0', 'to_stop_id': 'B-2', 'trip_id': 'walking', 'agency_name': 'Unknown'}, {'duration': 360, 'departure_time': 12420, 'arrival_time': 12780, 'day': 'current_day', 'from_stop_id': 'B-2', 'to_stop_id': '220-2', 'trip_id': '4-1-14', 'agency_name': 'Unknown'}]}",6603.0
55,176,10320,inter,left,235,[55],[176],0,0,0,0,10320,10380.0,14280.0,14340.0,3900.0,4.0,55,176,,,pt,14340.0,4020.0,"{'duration': 3900, 'source_transfer_time': 0, 'waiting_time': 180, 'trip_time': 3720, 'num_transfers': 4, 'departure_time': 10380, 'departure_day': 'current_day', 'arrival_time': 14280, 'arrival_day': 'current_day', 'steps': [{'duration': 360, 'departure_time': 10560, 'arrival_time': 10920, 'day': 'current_day', 'from_stop_id': '55-1', 'to_stop_id': 'A-1', 'trip_id': '1-0-12', 'agency_name': 'Unknown'}, {'duration': 30, 'departure_time': 10920, 'arrival_time': 10950, 'day': 'current_day', 'from_stop_id': 'A-1', 'to_stop_id': 'A-0', 'trip_id': 'walking', 'agency_name': 'Unknown'}, {'duration': 1800, 'departure_time': 12000, 'arrival_time': 13800, 'day': 'current_day', 'from_stop_id': 'A-0', 'to_stop_id': 'B-0', 'trip_id': 'IE-8-0', 'agency_name': 'Unknown'}, {'duration': 30, 'departure_time': 13800, 'arrival_time': 13830, 'day': 'current_day', 'from_stop_id': 'B-0', 'to_stop_id': 'B-1', 'trip_id': 'walking', 'agency_name': 'Unknown'}, {'duration': 360, 'departure_time': 13920, 'arrival_time': 14280, 'day': 'current_day', 'from_stop_id': 'B-1', 'to_stop_id': '176-1', 'trip_id': '3-1-17', 'agency_name': 'Unknown'}]}",4020.0
70,162,7650,inter,left,236,[60],[180],500,375,1000,751,8025,8085.0,11190.0,11250.0,3105.0,4.0,60,180,,,pt,12001.0,4351.0,"{'duration': 3105, 'source_transfer_time': 0, 'waiting_time': 75, 'trip_time': 3030, 'num_transfers': 4, 'departure_time': 8085, 'departure_day': 'current_day', 'arrival_time': 11190, 'arrival_day': 'current_day', 'steps': [{'duration': 360, 'departure_time': 8160, 'arrival_time': 8520, 'day': 'current_day', 'from_stop_id': '60-1', 'to_stop_id': 'A-1', 'trip_id': '1-1-8', 'agency_name': 'Unknown'}, {'duration': 30, 'departure_time': 8520, 'arrival_time': 8550, 'day': 'current_day', 'from_stop_id': 'A-1', 'to_stop_id': 'A-0', 'trip_id': 'walking', 'agency_name': 'Unknown'}, {'duration': 1800, 'departure_time': 9000, 'arrival_time': 10800, 'day': 'current_day', 'from_stop_id': 'A-0', 'to_stop_id': 'B-0', 'trip_id': 'IE-6-0', 'agency_name': 'Unknown'}, {'duration': 30, 'departure_time': 10800, 'arrival_time': 10830, 'day': 'current_day', 'from_stop_id': 'B-0', 'to_stop_id': 'B-1', 'trip_id': 'walking', 'agency_name': 'Unknown'}, {'duration': 270, 'departure_time': 10920, 'arrival_time': 11190, 'day': 'current_day', 'from_stop_id': 'B-1', 'to_stop_id': '180-1', 'trip_id': '3-0-12', 'agency_name': 'Unknown'}]}",4351.0
89,139,8550,inter,left,237,[88],[137],500,375,1000,751,8925,8985.0,12780.0,12840.0,3795.0,4.0,88,137,,,pt,13591.0,5041.0,"{'duration': 3795, 'source_transfer_time': 0, 'waiting_time': 165, 'trip_time': 3630, 'num_transfers': 4, 'departure_time': 8985, 'departure_day': 'current_day', 'arrival_time': 12780, 'arrival_day': 'current_day', 'steps': [{'duration': 270, 'departure_time': 9150, 'arrival_time': 9420, 'day': 'current_day', 'from_stop_id': '88-2', 'to_stop_id': 'A-2', 'trip_id': '2-0-9', 'agency_name': 'Unknown'}, {'duration': 30, 'departure_time': 9420, 'arrival_time': 9450, 'day': 'current_day', 'from_stop_id': 'A-2', 'to_stop_id': 'A-0', 'trip_id': 'walking', 'agency_name': 'Unknown'}, {'duration': 1800, 'departure_time': 10500, 'arrival_time': 12300, 'day': 'current_day', 'from_stop_id': 'A-0', 'to_stop_id': 'B-0', 'trip_id': 'IE-7-0', 'agency_name': 'Unknown'}, {'duration': 30, 'departure_time': 12300, 'arrival_time': 12330, 'day': 'current_day', 'from_stop_id': 'B-0', 'to_stop_id': 'B-2', 'trip_id': 'walking', 'agency_name': 'Unknown'}, {'duration': 360, 'departure_time': 12420, 'arrival_time': 12780, 'day': 'current_day', 'from_stop_id': 'B-2', 'to_stop_id': '137-2', 'trip_id': '4-0-14', 'agency_name': 'Unknown'}]}",5041.0
102,209,12480,inter,left,238,[99],[209],1500,1127,0,0,13607,13667.0,17490.0,17550.0,3823.0,4.0,99,209,,,pt,17550.0,5070.0,"{'duration': 3823, 'source_transfer_time': 0, 'waiting_time': 193, 'trip_time': 3630, 'num_transfers': 4, 'departure_time': 13667, 'departure_day': 'current_day', 'arrival_time': 17490, 'arrival_day': 'current_day', 'steps': [{'duration': 360, 'departure_time': 13860, 'arrival_time': 14220, 'day': 'current_day', 'from_stop_id': '99-2', 'to_stop_id': 'A-2', 'trip_id': '2-0-17', 'agency_name': 'Unknown'}, {'duration': 30, 'departure_time': 14220, 'arrival_time': 14250, 'day': 'current_day', 'from_stop_id': 'A-2', 'to_stop_id': 'A-0', 'trip_id': 'walking', 'agency_name': 'Unknown'}, {'duration': 1800, 'departure_time': 15000, 'arrival_time': 16800, 'day': 'current_day', 'from_stop_id': 'A-0', 'to_stop_id': 'B-0', 'trip_id': 'IE-10-0', 'agency_name': 'Unknown'}, {'duration': 30, 'departure_time': 16800, 'arrival_time': 16830, 'day': 'current_day', 'from_stop_id': 'B-0', 'to_stop_id': 'B-2', 'trip_id': 'walking', 'agency_name': 'Unknown'}, {'duration': 270, 'departure_time': 17220, 'arrival_time': 17490, 'day': 'current_day', 'from_stop_id': 'B-2', 'to_stop_id': '209-2', 'trip_id': '4-1-22', 'agency_name': 'Unknown'}]}",5070.0
74,226,9960,inter,left,239,[56],[175; 231],1000,751,2500,1879,10711,10771.0,14370.0,14430.0,3599.0,4.0,56,175,,,pt,16309.0,6349.0,"{'duration': 3599, 'source_transfer_time': 0, 'waiting_time': 479, 'trip_time': 3120, 'num_transfers': 4, 'departure_time': 10771, 'departure_day': 'current_day', 'arrival_time': 14370, 'arrival_day': 'current_day', 'steps': [{'duration': 270, 'departure_time': 11250, 'arrival_time': 11520, 'day': 'current_day', 'from_stop_id': '56-1', 'to_stop_id': 'A-1', 'trip_id': '1-0-13', 'agency_name': 'Unknown'}, {'duration': 30, 'departure_time': 11520, 'arrival_time': 11550, 'day': 'current_day', 'from_stop_id': 'A-1', 'to_stop_id': 'A-0', 'trip_id': 'walking', 'agency_name': 'Unknown'}, {'duration': 1800, 'departure_time': 12000, 'arrival_time': 13800, 'day': 'current_day', 'from_stop_id': 'A-0', 'to_stop_id': 'B-0', 'trip_id': 'IE-8-0', 'agency_name': 'Unknown'}, {'duration': 30, 'departure_time': 13800, 'arrival_time': 13830, 'day': 'current_day', 'from_stop_id': 'B-0', 'to_stop_id': 'B-1', 'trip_id': 'walking', 'agency_name': 'Unknown'}, {'duration': 450, 'departure_time': 13920, 'arrival_time': 14370, 'day': 'current_day', 'from_stop_id': 'B-1', 'to_stop_id': '175-1', 'trip_id': '3-1-17', 'agency_name': 'Unknown'}]}",6349.0
85,225,13860,inter,left,240,[56; 88],[182],1500,1127,2000,1503,14987,15047.0,19170.0,19230.0,4123.0,4.0,56,182,,,pt,20733.0,6873.0,"{'duration': 4123, 'source_transfer_time': 0, 'waiting_time': 403, 'trip_time': 3720, 'num_transfers': 4, 'departure_time': 15047, 'departure_day': 'current_day', 'arrival_time': 19170, 'arrival_day': 'current_day', 'steps': [{'duration': 270, 'departure_time': 15450, 'arrival_time': 15720, 'day': 'current_day', 'from_stop_id': '56-1', 'to_stop_id': 'A-1', 'trip_id': '1-0-20', 'agency_name': 'Unknown'}, {'duration': 30, 'departure_time': 15720, 'arrival_time': 15750, 'day': 'current_day', 'from_stop_id': 'A-1', 'to_stop_id': 'A-0', 'trip_id': 'walking', 'agency_name': 'Unknown'}, {'duration': 1800, 'departure_time': 16500, 'arrival_time': 18300, 'day': 'current_day', 'from_stop_id': 'A-0', 'to_stop_id': 'B-0', 'trip_id': 'IE-11-0', 'agency_name': 'Unknown'}, {'duration': 30, 'departure_time': 18300, 'arrival_time': 18330, 'day': 'current_day', 'from_stop_id': 'B-0', 'to_stop_id': 'B-1', 'trip_id': 'walking', 'agency_name': 'Unknown'}, {'duration': 450, 'departure_time': 18720, 'arrival_time': 19170, 'day': 'current_day', 'from_stop_id': 'B-1', 'to_stop_id': '182-1', 'trip_id': '3-0-25', 'agency_name': 'Unknown'}]}",6873.0
113,140,4140,inter,left,241,[110],[137],1500,1127,1500,1127,5267,5327.0,8580.0,8640.0,3253.0,4.0,110,137,,,pt,9767.0,5627.0,"{'duration': 3253, 'source_transfer_time': 0, 'waiting_time': 43, 'trip_time': 3210, 'num_transfers': 4, 'departure_time': 5327, 'departure_day': 'current_day', 'arrival_time': 8580, 'arrival_day': 'current_day', 'steps': [{'duration': 450, 'departure_time': 5370, 'arrival_time': 5820, 'day': 'current_day', 'from_stop_id': '110-2', 'to_stop_id': 'A-2', 'trip_id': '2-0-3', 'agency_name': 'Unknown'}, {'duration': 30, 'departure_time': 5820, 'arrival_time': 5850, 'day': 'current_day', 'from_stop_id': 'A-2', 'to_stop_id': 'A-0', 'trip_id': 'walking', 'agency_name': 'Unknown'}, {'duration': 1800, 'departure_time': 6000, 'arrival_time': 7800, 'day': 'current_day', 'from_stop_id': 'A-0', 'to_stop_id': 'B-0', 'trip_id': 'IE-4-0', 'agency_name': 'Unknown'}, {'duration': 30, 'departure_time': 7800, 'arrival_time': 7830, 'day': 'current_day', 'from_stop_id': 'B-0', 'to_stop_id': 'B-2', 'trip_id': 'walking', 'agency_name': 'Unknown'}, {'duration': 360, 'departure_time': 8220, 'arrival_time': 8580, 'day': 'current_day', 'from_stop_id': 'B-2', 'to_stop_id': '137-2', 'trip_id': '4-0-7', 'agency_name': 'Unknown'}]}",5627.0
61,140,11730,inter,left,242,[61],[137],0,0,1500,1127,11730,11790.0,15780.0,15840.0,3990.0,4.0,61,137,,,pt,16967.0,5237.0,"{'duration': 3990, 'source_transfer_time': 0, 'waiting_time': 480, 'trip_time': 3510, 'num_transfers': 4, 'departure_time': 11790, 'departure_day': 'current_day', 'arrival_time': 15780, 'arrival_day': 'current_day', 'steps': [{'duration': 450, 'departure_time': 12270, 'arrival_time': 12720, 'day': 'current_day', 'from_stop_id': '61-1', 'to_stop_id': 'A-1', 'trip_id': '1-1-15', 'agency_name': 'Unknown'}, {'duration': 30, 'departure_time': 12720, 'arrival_time': 12750, 'day': 'current_day', 'from_stop_id': 'A-1', 'to_stop_id': 'A-0', 'trip_id': 'walking', 'agency_name': 'Unknown'}, {'duration': 1800, 'departure_time': 13500, 'arrival_time': 15300, 'day': 'current_day', 'from_stop_id': 'A-0', 'to_stop_id': 'B-0', 'trip_id': 'IE-9-0', 'agency_name': 'Unknown'}, {'duration': 30, 'departure_time': 15300, 'arrival_time': 15330, 'day': 'current_day', 'from_stop_id': 'B-0', 'to_stop_id': 'B-2', 'trip_id': 'walking', 'agency_name': 'Unknown'}, {'duration': 360, 'departure_time': 15420, 'arrival_time': 15780, 'day': 'current_day', 'from_stop_id': 'B-2', 'to_stop_id': '137-2', 'trip_id': '4-0-19', 'agency_name': 'Unknown'}]}",5237.0
91,138,14130,inter,left,243,[59; 88],[137],1500,1127,500,375,15257,15317.0,18780.0,18840.0,3463.0,4.0,59,137,,,pt,19215.0,5085.0,"{'duration': 3463, 'source_transfer_time': 0, 'waiting_time': 133, 'trip_time': 3330, 'num_transfers': 4, 'departure_time': 15317, 'departure_day': 'current_day', 'arrival_time': 18780, 'arrival_day': 'current_day', 'steps': [{'duration': 270, 'departure_time': 15450, 'arrival_time': 15720, 'day': 'current_day', 'from_stop_id': '59-1', 'to_stop_id': 'A-1', 'trip_id': '1-1-20', 'agency_name': 'Unknown'}, {'duration': 30, 'departure_time': 15720, 'arrival_time': 15750, 'day': 'current_day', 'from_stop_id': 'A-1', 'to_stop_id': 'A-0', 'trip_id': 'walking', 'agency_name': 'Unknown'}, {'duration': 1800, 'departure_time': 16500, 'arrival_time': 18300, 'day': 'current_day', 'from_stop_id': 'A-0', 'to_stop_id': 'B-0', 'trip_id': 'IE-11-0', 'agency_name': 'Unknown'}, {'duration': 30, 'departure_time': 18300, 'arrival_time': 18330, 'day': 'current_day', 'from_stop_id': 'B-0', 'to_stop_id': 'B-2', 'trip_id': 'walking', 'agency_name': 'Unknown'}, {'duration': 360, 'departure_time': 18420, 'arrival_time': 18780, 'day': 'current_day', 'from_stop_id': 'B-2', 'to_stop_id': '137-2', 'trip_id': '4-0-24', 'agency_name': 'Unknown'}]}",5085.0
96,129,14040,inter,left,244,[99],[126],1500,1127,1500,1127,15167,15227.0,18870.0,18930.0,3643.0,4.0,99,126,,,pt,20057.0,6017.0,"{'duration': 3643, 'source_transfer_time': 0, 'waiting_time': 433, 'trip_time': 3210, 'num_transfers': 4, 'departure_time': 15227, 'departure_day': 'current_day', 'arrival_time': 18870, 'arrival_day': 'current_day', 'steps': [{'duration': 360, 'departure_time': 15660, 'arrival_time': 16020, 'day': 'current_day', 'from_stop_id': '99-2', 'to_stop_id': 'A-2', 'trip_id': '2-0-20', 'agency_name': 'Unknown'}, {'duration': 30, 'departure_time': 16020, 'arrival_time': 16050, 'day': 'current_day', 'from_stop_id': 'A-2', 'to_stop_id': 'A-0', 'trip_id': 'walking', 'agency_name': 'Unknown'}, {'duration': 1800, 'departure_time': 16500, 'arrival_time': 18300, 'day': 'current_day', 'from_stop_id': 'A-0', 'to_stop_id': 'B-0', 'trip_id': 'IE-11-0', 'agency_name': 'Unknown'}, {'duration': 30, 'departure_time': 18300, 'arrival_time': 18330, 'day': 'current_day', 'from_stop_id': 'B-0', 'to_stop_id': 'B-2', 'trip_id': 'walking', 'agency_name': 'Unknown'}, {'duration': 450, 'departure_time': 18420, 'arrival_time': 18870, 'day': 'current_day', 'from_stop_id': 'B-2', 'to_stop_id': '126-2', 'trip_id': '4-0-24', 'agency_name': 'Unknown'}]}",6017.0
60,190,13380,inter,left,245,[60],[180],0,0,500,375,13380,13440.0,17190.0,17250.0,3750.0,4.0,60,180,,,pt,17625.0,4245.0,"{'duration': 3750, 'source_transfer_time': 0, 'waiting_time': 120, 'trip_time': 3630, 'num_transfers': 4, 'departure_time': 13440, 'departure_day': 'current_day', 'arrival_time': 17190, 'arrival_day': 'current_day', 'steps': [{'duration': 360, 'departure_time': 13560, 'arrival_time': 13920, 'day': 'current_day', 'from_stop_id': '60-1', 'to_stop_id': 'A-1', 'trip_id': '1-1-17', 'agency_name': 'Unknown'}, {'duration': 30, 'departure_time': 13920, 'arrival_time': 13950, 'day': 'current_day', 'from_stop_id': 'A-1', 'to_stop_id': 'A-0', 'trip_id': 'walking', 'agency_name': 'Unknown'}, {'duration': 1800, 'departure_time': 15000, 'arrival_time': 16800, 'day': 'current_day', 'from_stop_id': 'A-0', 'to_stop_id': 'B-0', 'trip_id': 'IE-10-0', 'agency_name': 'Unknown'}, {'duration': 30, 'departure_time': 16800, 'arrival_time': 16830, 'day': 'current_day', 'from_stop_id': 'B-0', 'to_stop_id': 'B-1', 'trip_id': 'walking', 'agency_name': 'Unknown'}, {'duration': 270, 'departure_time': 16920, 'arrival_time': 17190, 'day': 'current_day', 'from_stop_id': 'B-1', 'to_stop_id': '180-1', 'trip_id': '3-0-22', 'agency_name': 'Unknown'}]}",4245.0
42,218,10110,inter,left,246,[60],[220],1000,751,1000,751,10861,10921.0,14580.0,14640.0,3659.0,4.0,60,220,,,pt,15391.0,5281.0,"{'duration': 3659, 'source_transfer_time': 0, 'waiting_time': 239, 'trip_time': 3420, 'num_transfers': 4, 'departure_time': 10921, 'departure_day': 'current_day', 'arrival_time': 14580, 'arrival_day': 'current_day', 'steps': [{'duration': 360, 'departure_time': 11160, 'arrival_time': 11520, 'day': 'current_day', 'from_stop_id': '60-1', 'to_stop_id': 'A-1', 'trip_id': '1-1-13', 'agency_name': 'Unknown'}, {'duration': 30, 'departure_time': 11520, 'arrival_time': 11550, 'day': 'current_day', 'from_stop_id': 'A-1', 'to_stop_id': 'A-0', 'trip_id': 'walking', 'agency_name': 'Unknown'}, {'duration': 1800, 'departure_time': 12000, 'arrival_time': 13800, 'day': 'current_day', 'from_stop_id': 'A-0', 'to_stop_id': 'B-0', 'trip_id': 'IE-8-0', 'agency_name': 'Unknown'}, {'duration': 30, 'departure_time': 13800, 'arrival_time': 13830, 'day': 'current_day', 'from_stop_id': 'B-0', 'to_stop_id': 'B-2', 'trip_id': 'walking', 'agency_name': 'Unknown'}, {'duration': 360, 'departure_time': 14220, 'arrival_time': 14580, 'day': 'current_day', 'from_stop_id': 'B-2', 'to_stop_id': '220-2', 'trip_id': '4-1-17', 'agency_name': 'Unknown'}]}",5281.0
70,182,10710,inter,left,247,[60],[182],500,375,0,0,11085,11145.0,14370.0,14430.0,3225.0,4.0,60,182,,,pt,14430.0,3720.0,"{'duration': 3225, 'source_transfer_time': 0, 'waiting_time': 15, 'trip_time': 3210, 'num_transfers': 4, 'departure_time': 11145, 'departure_day': 'current_day', 'arrival_time': 14370, 'arrival_day': 'current_day', 'steps': [{'duration': 360, 'departure_time': 11160, 'arrival_time': 11520, 'day': 'current_day', 'from_stop_id': '60-1', 'to_stop_id': 'A-1', 'trip_id': '1-1-13', 'agency_name': 'Unknown'}, {'duration': 30, 'departure_time': 11520, 'arrival_time': 11550, 'day': 'current_day', 'from_stop_id': 'A-1', 'to_stop_id': 'A-0', 'trip_id': 'walking', 'agency_name': 'Unknown'}, {'duration': 1800, 'departure_time': 12000, 'arrival_time': 13800, 'day': 'current_day', 'from_stop_id': 'A-0', 'to_stop_id': 'B-0', 'trip_id': 'IE-8-0', 'agency_name': 'Unknown'}, {'duration': 30, 'departure_time': 13800, 'arrival_time': 13830, 'day': 'current_day', 'from_stop_id': 'B-0', 'to_stop_id': 'B-1', 'trip_id': 'walking', 'agency_name': 'Unknown'}, {'duration': 450, 'departure_time': 13920, 'arrival_time': 14370, 'day': 'current_day', 'from_stop_id': 'B-1', 'to_stop_id': '182-1', 'trip_id': '3-0-17', 'agency_name': 'Unknown'}]}",3720.0
80,232,4680,inter,left,248,[59],[231],1000,751,500,375,5431,5491.0,9870.0,9930.0,4379.0,4.0,59,231,,,pt,10305.0,5625.0,"{'duration': 4379, 'source_transfer_time': 0, 'waiting_time': 359, 'trip_time': 4020, 'num_transfers': 4, 'departure_time': 5491, 'departure_day': 'current_day', 'arrival_time': 9870, 'arrival_day': 'current_day', 'steps': [{'duration': 270, 'departure_time': 5850, 'arrival_time': 6120, 'day': 'current_day', 'from_stop_id': '59-1', 'to_stop_id': 'A-1', 'trip_id': '1-1-4', 'agency_name': 'Unknown'}, {'duration': 30, 'departure_time': 6120, 'arrival_time': 6150, 'day': 'current_day', 'from_stop_id': 'A-1', 'to_stop_id': 'A-0', 'trip_id': 'walking', 'agency_name': 'Unknown'}, {'duration': 1800, 'departure_time': 7500, 'arrival_time': 9300, 'day': 'current_day', 'from_stop_id': 'A-0', 'to_stop_id': 'B-0', 'trip_id': 'IE-5-0', 'agency_name': 'Unknown'}, {'duration': 30, 'departure_time': 9300, 'arrival_time': 9330, 'day': 'current_day', 'from_stop_id': 'B-0', 'to_stop_id': 'B-2', 'trip_id': 'walking', 'agency_name': 'Unknown'}, {'duration': 450, 'departure_time': 9420, 'arrival_time': 9870, 'day': 'current_day', 'from_stop_id': 'B-2', 'to_stop_id': '231-2', 'trip_id': '4-1-9', 'agency_name': 'Unknown'}]}",5625.0
24,208,4230,inter,left,249,[27; 56],[209],1500,1127,500,375,5357,5417.0,8490.0,8550.0,3073.0,4.0,27,209,,,pt,8925.0,4695.0,"{'duration': 3073, 'source_transfer_time': 0, 'waiting_time': 133, 'trip_time': 2940, 'num_transfers': 4, 'departure_time': 5417, 'departure_day': 'current_day', 'arrival_time': 8490, 'arrival_day': 'current_day', 'steps': [{'duration': 270, 'departure_time': 5550, 'arrival_time': 5820, 'day': 'current_day', 'from_stop_id': '27-2', 'to_stop_id': 'A-2', 'trip_id': '2-1-3', 'agency_name': 'Unknown'}, {'duration': 30, 'departure_time': 5820, 'arrival_time': 5850, 'day': 'current_day', 'from_stop_id': 'A-2', 'to_stop_id': 'A-0', 'trip_id': 'walking', 'agency_name': 'Unknown'}, {'duration': 1800, 'departure_time': 6000, 'arrival_time': 7800, 'day': 'current_day', 'from_stop_id': 'A-0', 'to_stop_id': 'B-0', 'trip_id': 'IE-4-0', 'agency_name': 'Unknown'}, {'duration': 30, 'departure_time': 7800, 'arrival_time': 7830, 'day': 'current_day', 'from_stop_id': 'B-0', 'to_stop_id': 'B-2', 'trip_id': 'walking', 'agency_name': 'Unknown'}, {'duration': 270, 'departure_time': 8220, 'arrival_time': 8490, 'day': 'current_day', 'from_stop_id': 'B-2', 'to_stop_id': '209-2', 'trip_id': '4-1-7', 'agency_name': 'Unknown'}]}",4695.0
32,123,12420,inter,left,250,[61],[126],1500,1127,1500,1127,13547,13607.0,17670.0,17730.0,4063.0,4.0,61,126,,,pt,18857.0,6437.0,"{'duration': 4063, 'source_transfer_time': 0, 'waiting_time': 463, 'trip_time': 3600, 'num_transfers': 4, 'departure_time': 13607, 'departure_day': 'current_day', 'arrival_time': 17670, 'arrival_day': 'current_day', 'steps': [{'duration': 450, 'departure_time': 14070, 'arrival_time': 14520, 'day': 'current_day', 'from_stop_id': '61-1', 'to_stop_id': 'A-1', 'trip_id': '1-1-18', 'agency_name': 'Unknown'}, {'duration': 30, 'departure_time': 14520, 'arrival_time': 14550, 'day': 'current_day', 'from_stop_id': 'A-1', 'to_stop_id': 'A-0', 'trip_id': 'walking', 'agency_name': 'Unknown'}, {'duration': 1800, 'departure_time': 15000, 'arrival_time': 16800, 'day': 'current_day', 'from_stop_id': 'A-0', 'to_stop_id': 'B-0', 'trip_id': 'IE-10-0', 'agency_name': 'Unknown'}, {'duration': 30, 'departure_time': 16800, 'arrival_time': 16830, 'day': 'current_day', 'from_stop_id': 'B-0', 'to_stop_id': 'B-2', 'trip_id': 'walking', 'agency_name': 'Unknown'}, {'duration': 450, 'departure_time': 17220, 'arrival_time': 17670, 'day': 'current_day', 'from_stop_id': 'B-2', 'to_stop_id': '126-2', 'trip_id': '4-0-22', 'agency_name': 'Unknown'}]}",6437.0
80,127,7890,inter,left,251,[59],[126],1000,751,500,375,8641,8701.0,12870.0,12930.0,4169.0,4.0,59,126,,,pt,13305.0,5415.0,"{'duration': 4169, 'source_transfer_time': 0, 'waiting_time': 149, 'trip_time': 4020, 'num_transfers': 4, 'departure_time': 8701, 'departure_day': 'current_day', 'arrival_time': 12870, 'arrival_day': 'current_day', 'steps': [{'duration': 270, 'departure_time': 8850, 'arrival_time': 9120, 'day': 'current_day', 'from_stop_id': '59-1', 'to_stop_id': 'A-1', 'trip_id': '1-1-9', 'agency_name': 'Unknown'}, {'duration': 30, 'departure_time': 9120, 'arrival_time': 9150, 'day': 'current_day', 'from_stop_id': 'A-1', 'to_stop_id': 'A-0', 'trip_id': 'walking', 'agency_name': 'Unknown'}, {'duration': 1800, 'departure_time': 10500, 'arrival_time': 12300, 'day': 'current_day', 'from_stop_id': 'A-0', 'to_stop_id': 'B-0', 'trip_id': 'IE-7-0', 'agency_name': 'Unknown'}, {'duration': 30, 'departure_time': 12300, 'arrival_time': 12330, 'day': 'current_day', 'from_stop_id': 'B-0', 'to_stop_id': 'B-2', 'trip_id': 'walking', 'agency_name': 'Unknown'}, {'duration': 450, 'departure_time': 12420, 'arrival_time': 12870, 'day': 'current_day', 'from_stop_id': 'B-2', 'to_stop_id': '126-2', 'trip_id': '4-0-14', 'agency_name': 'Unknown'}]}",5415.0
96,127,14340,inter,left,252,[99],[126],1500,1127,500,375,15467,15527.0,18870.0,18930.0,3343.0,4.0,99,126,,,pt,19305.0,4965.0,"{'duration': 3343, 'source_transfer_time': 0, 'waiting_time': 133, 'trip_time': 3210, 'num_transfers': 4, 'departure_time': 15527, 'departure_day': 'current_day', 'arrival_time': 18870, 'arrival_day': 'current_day', 'steps': [{'duration': 360, 'departure_time': 15660, 'arrival_time': 16020, 'day': 'current_day', 'from_stop_id': '99-2', 'to_stop_id': 'A-2', 'trip_id': '2-0-20', 'agency_name': 'Unknown'}, {'duration': 30, 'departure_time': 16020, 'arrival_time': 16050, 'day': 'current_day', 'from_stop_id': 'A-2', 'to_stop_id': 'A-0', 'trip_id': 'walking', 'agency_name': 'Unknown'}, {'duration': 1800, 'departure_time': 16500, 'arrival_time': 18300, 'day': 'current_day', 'from_stop_id': 'A-0', 'to_stop_id': 'B-0', 'trip_id': 'IE-11-0', 'agency_name': 'Unknown'}, {'duration': 30, 'departure_time': 18300, 'arrival_time': 18330, 'day': 'current_day', 'from_stop_id': 'B-0', 'to_stop_id': 'B-2', 'trip_id': 'walking', 'agency_name': 'Unknown'}, {'duration': 450, 'departure_time': 18420, 'arrival_time': 18870, 'day': 'current_day', 'from_stop_id': 'B-2', 'to_stop_id': '126-2', 'trip_id': '4-0-24', 'agency_name': 'Unknown'}]}",4965.0
18,226,14220,inter,left,253,[16],[175; 231],1000,751,2500,1879,14971,15031.0,18870.0,18930.0,3839.0,4.0,16,231,,,pt,20809.0,6589.0,"{'duration': 3839, 'source_transfer_time': 0, 'waiting_time': 29, 'trip_time': 3810, 'num_transfers': 4, 'departure_time': 15031, 'departure_day': 'current_day', 'arrival_time': 18870, 'arrival_day': 'current_day', 'steps': [{'duration': 360, 'departure_time': 15060, 'arrival_time': 15420, 'day': 'current_day', 'from_stop_id': '16-2', 'to_stop_id': 'A-2', 'trip_id': '2-1-19', 'agency_name': 'Unknown'}, {'duration': 30, 'departure_time': 15420, 'arrival_time': 15450, 'day': 'current_day', 'from_stop_id': 'A-2', 'to_stop_id': 'A-0', 'trip_id': 'walking', 'agency_name': 'Unknown'}, {'duration': 1800, 'departure_time': 16500, 'arrival_time': 18300, 'day': 'current_day', 'from_stop_id': 'A-0', 'to_stop_id': 'B-0', 'trip_id': 'IE-11-0', 'agency_name': 'Unknown'}, {'duration': 30, 'departure_time': 18300, 'arrival_time': 18330, 'day': 'current_day', 'from_stop_id': 'B-0', 'to_stop_id': 'B-2', 'trip_id': 'walking', 'agency_name': 'Unknown'}, {'duration': 450, 'departure_time': 18420, 'arrival_time': 18870, 'day': 'current_day', 'from_stop_id': 'B-2', 'to_stop_id': '231-2', 'trip_id': '4-1-24', 'agency_name': 'Unknown'}]}",6589.0
20,221,8220,inter,left,254,[16; 60],[220],2000,1503,500,375,9723,9783.0,12780.0,12840.0,2997.0,4.0,60,220,,,pt,13215.0,4995.0,"{'duration': 2997, 'source_transfer_time': 0, 'waiting_time': 177, 'trip_time': 2820, 'num_transfers': 4, 'departure_time': 9783, 'departure_day': 'current_day', 'arrival_time': 12780, 'arrival_day': 'current_day', 'steps': [{'duration': 360, 'departure_time': 9960, 'arrival_time': 10320, 'day': 'current_day', 'from_stop_id': '60-1', 'to_stop_id': 'A-1', 'trip_id': '1-1-11', 'agency_name': 'Unknown'}, {'duration': 30, 'departure_time': 10320, 'arrival_time': 10350, 'day': 'current_day', 'from_stop_id': 'A-1', 'to_stop_id': 'A-0', 'trip_id': 'walking', 'agency_name': 'Unknown'}, {'duration': 1800, 'departure_time': 10500, 'arrival_time': 12300, 'day': 'current_day', 'from_stop_id': 'A-0', 'to_stop_id': 'B-0', 'trip_id': 'IE-7-0', 'agency_name': 'Unknown'}, {'duration': 30, 'departure_time': 12300, 'arrival_time': 12330, 'day': 'current_day', 'from_stop_id': 'B-0', 'to_stop_id': 'B-2', 'trip_id': 'walking', 'agency_name': 'Unknown'}, {'duration': 360, 'departure_time': 12420, 'arrival_time': 12780, 'day': 'current_day', 'from_stop_id': 'B-2', 'to_stop_id': '220-2', 'trip_id': '4-1-14', 'agency_name': 'Unknown'}]}",4995.0
3,166,14010,inter,left,255,[5],[176],1000,751,500,375,14761,14821.0,19080.0,19140.0,4259.0,4.0,5,176,,,pt,19515.0,5505.0,"{'duration': 4259, 'source_transfer_time': 0, 'waiting_time': 149, 'trip_time': 4110, 'num_transfers': 4, 'departure_time': 14821, 'departure_day': 'current_day', 'arrival_time': 19080, 'arrival_day': 'current_day', 'steps': [{'duration': 450, 'departure_time': 14970, 'arrival_time': 15420, 'day': 'current_day', 'from_stop_id': '5-2', 'to_stop_id': 'A-2', 'trip_id': '2-1-19', 'agency_name': 'Unknown'}, {'duration': 30, 'departure_time': 15420, 'arrival_time': 15450, 'day': 'current_day', 'from_stop_id': 'A-2', 'to_stop_id': 'A-0', 'trip_id': 'walking', 'agency_name': 'Unknown'}, {'duration': 1800, 'departure_time': 16500, 'arrival_time': 18300, 'day': 'current_day', 'from_stop_id': 'A-0', 'to_stop_id': 'B-0', 'trip_id': 'IE-11-0', 'agency_name': 'Unknown'}, {'duration': 30, 'departure_time': 18300, 'arrival_time': 18330, 'day': 'current_day', 'from_stop_id': 'B-0', 'to_stop_id': 'B-1', 'trip_id': 'walking', 'agency_name': 'Unknown'}, {'duration': 360, 'departure_time': 18720, 'arrival_time': 19080, 'day': 'current_day', 'from_stop_id': 'B-1', 'to_stop_id': '176-1', 'trip_id': '3-1-25', 'agency_name': 'Unknown'}]}",5505.0
35,145,11970,inter,left,256,[56],[148; 177],1000,751,1500,1127,12721,12781.0,15690.0,15750.0,2909.0,4.0,56,148,,,pt,16877.0,4907.0,"{'duration': 2909, 'source_transfer_time': 0, 'waiting_time': 269, 'trip_time': 2640, 'num_transfers': 4, 'departure_time': 12781, 'departure_day': 'current_day', 'arrival_time': 15690, 'arrival_day': 'current_day', 'steps': [{'duration': 270, 'departure_time': 13050, 'arrival_time': 13320, 'day': 'current_day', 'from_stop_id': '56-1', 'to_stop_id': 'A-1', 'trip_id': '1-0-16', 'agency_name': 'Unknown'}, {'duration': 30, 'departure_time': 13320, 'arrival_time': 13350, 'day': 'current_day', 'from_stop_id': 'A-1', 'to_stop_id': 'A-0', 'trip_id': 'walking', 'agency_name': 'Unknown'}, {'duration': 1800, 'departure_time': 13500, 'arrival_time': 15300, 'day': 'current_day', 'from_stop_id': 'A-0', 'to_stop_id': 'B-0', 'trip_id': 'IE-9-0', 'agency_name': 'Unknown'}, {'duration': 30, 'departure_time': 15300, 'arrival_time': 15330, 'day': 'current_day', 'from_stop_id': 'B-0', 'to_stop_id': 'B-2', 'trip_id': 'walking', 'agency_name': 'Unknown'}, {'duration': 270, 'departure_time': 15420, 'arrival_time': 15690, 'day': 'current_day', 'from_stop_id': 'B-2', 'to_stop_id': '148-2', 'trip_id': '4-0-19', 'agency_name': 'Unknown'}]}",4907.0
20,140,9090,inter,left,257,[16; 60],[137],2000,1503,1500,1127,10593,10653.0,14580.0,14640.0,3927.0,4.0,16,137,,,pt,15767.0,6677.0,"{'duration': 3927, 'source_transfer_time': 0, 'waiting_time': 207, 'trip_time': 3720, 'num_transfers': 4, 'departure_time': 10653, 'departure_day': 'current_day', 'arrival_time': 14580, 'arrival_day': 'current_day', 'steps': [{'duration': 360, 'departure_time': 10860, 'arrival_time': 11220, 'day': 'current_day', 'from_stop_id': '16-2', 'to_stop_id': 'A-2', 'trip_id': '2-1-12', 'agency_name': 'Unknown'}, {'duration': 30, 'departure_time': 11220, 'arrival_time': 11250, 'day': 'current_day', 'from_stop_id': 'A-2', 'to_stop_id': 'A-0', 'trip_id': 'walking', 'agency_name': 'Unknown'}, {'duration': 1800, 'departure_time': 12000, 'arrival_time': 13800, 'day': 'current_day', 'from_stop_id': 'A-0', 'to_stop_id': 'B-0', 'trip_id': 'IE-8-0', 'agency_name': 'Unknown'}, {'duration': 30, 'departure_time': 13800, 'arrival_time': 13830, 'day': 'current_day', 'from_stop_id': 'B-0', 'to_stop_id': 'B-2', 'trip_id': 'walking', 'agency_name': 'Unknown'}, {'duration': 360, 'departure_time': 14220, 'arrival_time': 14580, 'day': 'current_day', 'from_stop_id': 'B-2', 'to_stop_id': '137-2', 'trip_id': '4-0-17', 'agency_name': 'Unknown'}]}",6677.0
40,234,7440,inter,left,258,[38; 58],[231],1000,751,1500,1127,8191,8251.0,11670.0,11730.0,3419.0,4.0,38,231,,,pt,12857.0,5417.0,"{'duration': 3419, 'source_transfer_time': 0, 'waiting_time': 389, 'trip_time': 3030, 'num_transfers': 4, 'departure_time': 8251, 'departure_day': 'current_day', 'arrival_time': 11670, 'arrival_day': 'current_day', 'steps': [{'duration': 180, 'departure_time': 8640, 'arrival_time': 8820, 'day': 'current_day', 'from_stop_id': '38-2', 'to_stop_id': 'A-2', 'trip_id': '2-1-8', 'agency_name': 'Unknown'}, {'duration': 30, 'departure_time': 8820, 'arrival_time': 8850, 'day': 'current_day', 'from_stop_id': 'A-2', 'to_stop_id': 'A-0', 'trip_id': 'walking', 'agency_name': 'Unknown'}, {'duration': 1800, 'departure_time': 9000, 'arrival_time': 10800, 'day': 'current_day', 'from_stop_id': 'A-0', 'to_stop_id': 'B-0', 'trip_id': 'IE-6-0', 'agency_name': 'Unknown'}, {'duration': 30, 'departure_time': 10800, 'arrival_time': 10830, 'day': 'current_day', 'from_stop_id': 'B-0', 'to_stop_id': 'B-2', 'trip_id': 'walking', 'agency_name': 'Unknown'}, {'duration': 450, 'departure_time': 11220, 'arrival_time': 11670, 'day': 'current_day', 'from_stop_id': 'B-2', 'to_stop_id': '231-2', 'trip_id': '4-1-12', 'agency_name': 'Unknown'}]}",5417.0
71,158,8880,inter,left,259,[61],[159],500,375,500,375,9255,9315.0,12600.0,12660.0,3285.0,4.0,61,159,,,pt,13035.0,4155.0,"{'duration': 3285, 'source_transfer_time': 0, 'waiting_time': 555, 'trip_time': 2730, 'num_transfers': 4, 'departure_time': 9315, 'departure_day': 'current_day', 'arrival_time': 12600, 'arrival_day': 'current_day', 'steps': [{'duration': 450, 'departure_time': 9870, 'arrival_time': 10320, 'day': 'current_day', 'from_stop_id': '61-1', 'to_stop_id': 'A-1', 'trip_id': '1-1-11', 'agency_name': 'Unknown'}, {'duration': 30, 'departure_time': 10320, 'arrival_time': 10350, 'day': 'current_day', 'from_stop_id': 'A-1', 'to_stop_id': 'A-0', 'trip_id': 'walking', 'agency_name': 'Unknown'}, {'duration': 1800, 'departure_time': 10500, 'arrival_time': 12300, 'day': 'current_day', 'from_stop_id': 'A-0', 'to_stop_id': 'B-0', 'trip_id': 'IE-7-0', 'agency_name': 'Unknown'}, {'duration': 30, 'departure_time': 12300, 'arrival_time': 12330, 'day': 'current_day', 'from_stop_id': 'B-0', 'to_stop_id': 'B-2', 'trip_id': 'walking', 'agency_name': 'Unknown'}, {'duration': 180, 'departure_time': 12420, 'arrival_time': 12600, 'day': 'current_day', 'from_stop_id': 'B-2', 'to_stop_id': '159-2', 'trip_id': '4-0-14', 'agency_name': 'Unknown'}]}",4155.0
74,142,8910,inter,left,260,[56],[182],1000,751,2000,1503,9661,9721.0,13170.0,13230.0,3449.0,4.0,56,182,,,pt,14733.0,5823.0,"{'duration': 3449, 'source_transfer_time': 0, 'waiting_time': 329, 'trip_time': 3120, 'num_transfers': 4, 'departure_time': 9721, 'departure_day': 'current_day', 'arrival_time': 13170, 'arrival_day': 'current_day', 'steps': [{'duration': 270, 'departure_time': 10050, 'arrival_time': 10320, 'day': 'current_day', 'from_stop_id': '56-1', 'to_stop_id': 'A-1', 'trip_id': '1-0-11', 'agency_name': 'Unknown'}, {'duration': 30, 'departure_time': 10320, 'arrival_time': 10350, 'day': 'current_day', 'from_stop_id': 'A-1', 'to_stop_id': 'A-0', 'trip_id': 'walking', 'agency_name': 'Unknown'}, {'duration': 1800, 'departure_time': 10500, 'arrival_time': 12300, 'day': 'current_day', 'from_stop_id': 'A-0', 'to_stop_id': 'B-0', 'trip_id': 'IE-7-0', 'agency_name': 'Unknown'}, {'duration': 30, 'departure_time': 12300, 'arrival_time': 12330, 'day': 'current_day', 'from_stop_id': 'B-0', 'to_stop_id': 'B-1', 'trip_id': 'walking', 'agency_name': 'Unknown'}, {'duration': 450, 'departure_time': 12720, 'arrival_time': 13170, 'day': 'current_day', 'from_stop_id': 'B-1', 'to_stop_id': '182-1', 'trip_id': '3-0-15', 'agency_name': 'Unknown'}]}",5823.0
43,129,4140,inter,left,261,[61],[126],1000,751,1500,1127,4891,4951.0,8670.0,8730.0,3719.0,4.0,61,126,,,pt,9857.0,5717.0,"{'duration': 3719, 'source_transfer_time': 0, 'waiting_time': 119, 'trip_time': 3600, 'num_transfers': 4, 'departure_time': 4951, 'departure_day': 'current_day', 'arrival_time': 8670, 'arrival_day': 'current_day', 'steps': [{'duration': 450, 'departure_time': 5070, 'arrival_time': 5520, 'day': 'current_day', 'from_stop_id': '61-1', 'to_stop_id': 'A-1', 'trip_id': '1-1-3', 'agency_name': 'Unknown'}, {'duration': 30, 'departure_time': 5520, 'arrival_time': 5550, 'day': 'current_day', 'from_stop_id': 'A-1', 'to_stop_id': 'A-0', 'trip_id': 'walking', 'agency_name': 'Unknown'}, {'duration': 1800, 'departure_time': 6000, 'arrival_time': 7800, 'day': 'current_day', 'from_stop_id': 'A-0', 'to_stop_id': 'B-0', 'trip_id': 'IE-4-0', 'agency_name': 'Unknown'}, {'duration': 30, 'departure_time': 7800, 'arrival_time': 7830, 'day': 'current_day', 'from_stop_id': 'B-0', 'to_stop_id': 'B-2', 'trip_id': 'walking', 'agency_name': 'Unknown'}, {'duration': 450, 'departure_time': 8220, 'arrival_time': 8670, 'day': 'current_day', 'from_stop_id': 'B-2', 'to_stop_id': '126-2', 'trip_id': '4-0-7', 'agency_name': 'Unknown'}]}",5717.0
114,192,6690,inter,left,262,[110],[182],2000,1503,500,375,8193,8253.0,11370.0,11430.0,3117.0,4.0,110,182,,,pt,11805.0,5115.0,"{'duration': 3117, 'source_transfer_time': 0, 'waiting_time': 117, 'trip_time': 3000, 'num_transfers': 4, 'departure_time': 8253, 'departure_day': 'current_day', 'arrival_time': 11370, 'arrival_day': 'current_day', 'steps': [{'duration': 450, 'departure_time': 8370, 'arrival_time': 8820, 'day': 'current_day', 'from_stop_id': '110-2', 'to_stop_id': 'A-2', 'trip_id': '2-0-8', 'agency_name': 'Unknown'}, {'duration': 30, 'departure_time': 8820, 'arrival_time': 8850, 'day': 'current_day', 'from_stop_id': 'A-2', 'to_stop_id': 'A-0', 'trip_id': 'walking', 'agency_name': 'Unknown'}, {'duration': 1800, 'departure_time': 9000, 'arrival_time': 10800, 'day': 'current_day', 'from_stop_id': 'A-0', 'to_stop_id': 'B-0', 'trip_id': 'IE-6-0', 'agency_name': 'Unknown'}, {'duration': 30, 'departure_time': 10800, 'arrival_time': 10830, 'day': 'current_day', 'from_stop_id': 'B-0', 'to_stop_id': 'B-1', 'trip_id': 'walking', 'agency_name': 'Unknown'}, {'duration': 450, 'departure_time': 10920, 'arrival_time': 11370, 'day': 'current_day', 'from_stop_id': 'B-1', 'to_stop_id': '182-1', 'trip_id': '3-0-12', 'agency_name': 'Unknown'}]}",5115.0
66,200,10110,inter,left,263,[117; 119],[179; 198],500,375,1000,751,10485,10545.0,14100.0,14160.0,3555.0,4.0,117,179,,,pt,14911.0,4801.0,"{'duration': 3555, 'source_transfer_time': 0, 'waiting_time': 285, 'trip_time': 3270, 'num_transfers': 4, 'departure_time': 10545, 'departure_day': 'current_day', 'arrival_time': 14100, 'arrival_day': 'current_day', 'steps': [{'duration': 90, 'departure_time': 10830, 'arrival_time': 10920, 'day': 'current_day', 'from_stop_id': '117-1', 'to_stop_id': 'A-1', 'trip_id': '1-0-12', 'agency_name': 'Unknown'}, {'duration': 30, 'departure_time': 10920, 'arrival_time': 10950, 'day': 'current_day', 'from_stop_id': 'A-1', 'to_stop_id': 'A-0', 'trip_id': 'walking', 'agency_name': 'Unknown'}, {'duration': 1800, 'departure_time': 12000, 'arrival_time': 13800, 'day': 'current_day', 'from_stop_id': 'A-0', 'to_stop_id': 'B-0', 'trip_id': 'IE-8-0', 'agency_name': 'Unknown'}, {'duration': 30, 'departure_time': 13800, 'arrival_time': 13830, 'day': 'current_day', 'from_stop_id': 'B-0', 'to_stop_id': 'B-1', 'trip_id': 'walking', 'agency_name': 'Unknown'}, {'duration': 180, 'departure_time': 13920, 'arrival_time': 14100, 'day': 'current_day', 'from_stop_id': 'B-1', 'to_stop_id': '179-1', 'trip_id': '3-0-17', 'agency_name': 'Unknown'}]}",4801.0
26,220,9600,inter,left,264,[27],[220],500,375,0,0,9975,10035.0,14580.0,14640.0,4545.0,4.0,27,220,,,pt,14640.0,5040.0,"{'duration': 4545, 'source_transfer_time': 0, 'waiting_time': 315, 'trip_time': 4230, 'num_transfers': 4, 'departure_time': 10035, 'departure_day': 'current_day', 'arrival_time': 14580, 'arrival_day': 'current_day', 'steps': [{'duration': 270, 'departure_time': 10350, 'arrival_time': 10620, 'day': 'current_day', 'from_stop_id': '27-2', 'to_stop_id': 'A-2', 'trip_id': '2-1-11', 'agency_name': 'Unknown'}, {'duration': 30, 'departure_time': 10620, 'arrival_time': 10650, 'day': 'current_day', 'from_stop_id': 'A-2', 'to_stop_id': 'A-0', 'trip_id': 'walking', 'agency_name': 'Unknown'}, {'duration': 1800, 'departure_time': 12000, 'arrival_time': 13800, 'day': 'current_day', 'from_stop_id': 'A-0', 'to_stop_id': 'B-0', 'trip_id': 'IE-8-0', 'agency_name': 'Unknown'}, {'duration': 30, 'departure_time': 13800, 'arrival_time': 13830, 'day': 'current_day', 'from_stop_id': 'B-0', 'to_stop_id': 'B-2', 'trip_id': 'walking', 'agency_name': 'Unknown'}, {'duration': 360, 'departure_time': 14220, 'arrival_time': 14580, 'day': 'current_day', 'from_stop_id': 'B-2', 'to_stop_id': '220-2', 'trip_id': '4-1-17', 'agency_name': 'Unknown'}]}",5040.0
51,180,12930,inter,left,265,[59],[180],500,375,0,0,13305,13365.0,17190.0,17250.0,3825.0,4.0,59,180,,,pt,17250.0,4320.0,"{'duration': 3825, 'source_transfer_time': 0, 'waiting_time': 285, 'trip_time': 3540, 'num_transfers': 4, 'departure_time': 13365, 'departure_day': 'current_day', 'arrival_time': 17190, 'arrival_day': 'current_day', 'steps': [{'duration': 270, 'departure_time': 13650, 'arrival_time': 13920, 'day': 'current_day', 'from_stop_id': '59-1', 'to_stop_id': 'A-1', 'trip_id': '1-1-17', 'agency_name': 'Unknown'}, {'duration': 30, 'departure_time': 13920, 'arrival_time': 13950, 'day': 'current_day', 'from_stop_id': 'A-1', 'to_stop_id': 'A-0', 'trip_id': 'walking', 'agency_name': 'Unknown'}, {'duration': 1800, 'departure_time': 15000, 'arrival_time': 16800, 'day': 'current_day', 'from_stop_id': 'A-0', 'to_stop_id': 'B-0', 'trip_id': 'IE-10-0', 'agency_name': 'Unknown'}, {'duration': 30, 'departure_time': 16800, 'arrival_time': 16830, 'day': 'current_day', 'from_stop_id': 'B-0', 'to_stop_id': 'B-1', 'trip_id': 'walking', 'agency_name': 'Unknown'}, {'duration': 270, 'departure_time': 16920, 'arrival_time': 17190, 'day': 'current_day', 'from_stop_id': 'B-1', 'to_stop_id': '180-1', 'trip_id': '3-0-22', 'agency_name': 'Unknown'}]}",4320.0
71,158,8610,inter,left,266,[61],[159],500,375,500,375,8985,9045.0,12600.0,12660.0,3555.0,4.0,61,159,,,pt,13035.0,4425.0,"{'duration': 3555, 'source_transfer_time': 0, 'waiting_time': 225, 'trip_time': 3330, 'num_transfers': 4, 'departure_time': 9045, 'departure_day': 'current_day', 'arrival_time': 12600, 'arrival_day': 'current_day', 'steps': [{'duration': 450, 'departure_time': 9270, 'arrival_time': 9720, 'day': 'current_day', 'from_stop_id': '61-1', 'to_stop_id': 'A-1', 'trip_id': '1-1-10', 'agency_name': 'Unknown'}, {'duration': 30, 'departure_time': 9720, 'arrival_time': 9750, 'day': 'current_day', 'from_stop_id': 'A-1', 'to_stop_id': 'A-0', 'trip_id': 'walking', 'agency_name': 'Unknown'}, {'duration': 1800, 'departure_time': 10500, 'arrival_time': 12300, 'day': 'current_day', 'from_stop_id': 'A-0', 'to_stop_id': 'B-0', 'trip_id': 'IE-7-0', 'agency_name': 'Unknown'}, {'duration': 30, 'departure_time': 12300, 'arrival_time': 12330, 'day': 'current_day', 'from_stop_id': 'B-0', 'to_stop_id': 'B-2', 'trip_id': 'walking', 'agency_name': 'Unknown'}, {'duration': 180, 'departure_time': 12420, 'arrival_time': 12600, 'day': 'current_day', 'from_stop_id': 'B-2', 'to_stop_id': '159-2', 'trip_id': '4-0-14', 'agency_name': 'Unknown'}]}",4425.0
98,186,12480,inter,left,267,[99],[178],500,375,500,375,12855,12915.0,17100.0,17160.0,4185.0,4.0,99,178,,,pt,17535.0,5055.0,"{'duration': 4185, 'source_transfer_time': 0, 'waiting_time': 345, 'trip_time': 3840, 'num_transfers': 4, 'departure_time': 12915, 'departure_day': 'current_day', 'arrival_time': 17100, 'arrival_day': 'current_day', 'steps': [{'duration': 360, 'departure_time': 13260, 'arrival_time': 13620, 'day': 'current_day', 'from_stop_id': '99-2', 'to_stop_id': 'A-2', 'trip_id': '2-0-16', 'agency_name': 'Unknown'}, {'duration': 30, 'departure_time': 13620, 'arrival_time': 13650, 'day': 'current_day', 'from_stop_id': 'A-2', 'to_stop_id': 'A-0', 'trip_id': 'walking', 'agency_name': 'Unknown'}, {'duration': 1800, 'departure_time': 15000, 'arrival_time': 16800, 'day': 'current_day', 'from_stop_id': 'A-0', 'to_stop_id': 'B-0', 'trip_id': 'IE-10-0', 'agency_name': 'Unknown'}, {'duration': 30, 'departure_time': 16800, 'arrival_time': 16830, 'day': 'current_day', 'from_stop_id': 'B-0', 'to_stop_id': 'B-1', 'trip_id': 'walking', 'agency_name': 'Unknown'}, {'duration': 180, 'departure_time': 16920, 'arrival_time': 17100, 'day': 'current_day', 'from_stop_id': 'B-1', 'to_stop_id': '178-1', 'trip_id': '3-1-22', 'agency_name': 'Unknown'}]}",5055.0
106,159,8220,inter,left,268,[110],[159],2000,1503,0,0,9723,9783.0,14400.0,14460.0,4617.0,4.0,110,159,,,pt,14460.0,6240.0,"{'duration': 4617, 'source_transfer_time': 0, 'waiting_time': 387, 'trip_time': 4230, 'num_transfers': 4, 'departure_time': 9783, 'departure_day': 'current_day', 'arrival_time': 14400, 'arrival_day': 'current_day', 'steps': [{'duration': 450, 'departure_time': 10170, 'arrival_time': 10620, 'day': 'current_day', 'from_stop_id': '110-2', 'to_stop_id': 'A-2', 'trip_id': '2-0-11', 'agency_name': 'Unknown'}, {'duration': 30, 'departure_time': 10620, 'arrival_time': 10650, 'day': 'current_day', 'from_stop_id': 'A-2', 'to_stop_id': 'A-0', 'trip_id': 'walking', 'agency_name': 'Unknown'}, {'duration': 1800, 'departure_time': 12000, 'arrival_time': 13800, 'day': 'current_day', 'from_stop_id': 'A-0', 'to_stop_id': 'B-0', 'trip_id': 'IE-8-0', 'agency_name': 'Unknown'}, {'duration': 30, 'departure_time': 13800, 'arrival_time': 13830, 'day': 'current_day', 'from_stop_id': 'B-0', 'to_stop_id': 'B-2', 'trip_id': 'walking', 'agency_name': 'Unknown'}, {'duration': 180, 'departure_time': 14220, 'arrival_time': 14400, 'day': 'current_day', 'from_stop_id': 'B-2', 'to_stop_id': '159-2', 'trip_id': '4-0-17', 'agency_name': 'Unknown'}]}",6240.0
10,121,5790,inter,left,269,[5; 61],[126; 175],2500,1879,2500,1879,7669,7729.0,11370.0,11430.0,3641.0,4.0,5,175,,,pt,13309.0,7519.0,"{'duration': 3641, 'source_transfer_time': 0, 'waiting_time': 41, 'trip_time': 3600, 'num_transfers': 4, 'departure_time': 7729, 'departure_day': 'current_day', 'arrival_time': 11370, 'arrival_day': 'current_day', 'steps': [{'duration': 450, 'departure_time': 7770, 'arrival_time': 8220, 'day': 'current_day', 'from_stop_id': '5-2', 'to_stop_id': 'A-2', 'trip_id': '2-1-7', 'agency_name': 'Unknown'}, {'duration': 30, 'departure_time': 8220, 'arrival_time': 8250, 'day': 'current_day', 'from_stop_id': 'A-2', 'to_stop_id': 'A-0', 'trip_id': 'walking', 'agency_name': 'Unknown'}, {'duration': 1800, 'departure_time': 9000, 'arrival_time': 10800, 'day': 'current_day', 'from_stop_id': 'A-0', 'to_stop_id': 'B-0', 'trip_id': 'IE-6-0', 'agency_name': 'Unknown'}, {'duration': 30, 'departure_time': 10800, 'arrival_time': 10830, 'day': 'current_day', 'from_stop_id': 'B-0', 'to_stop_id': 'B-1', 'trip_id': 'walking', 'agency_name': 'Unknown'}, {'duration': 450, 'departure_time': 10920, 'arrival_time': 11370, 'day': 'current_day', 'from_stop_id': 'B-1', 'to_stop_id': '175-1', 'trip_id': '3-1-12', 'agency_name': 'Unknown'}]}",7519.0
60,134,5880,inter,left,270,[60],[137],0,0,1500,1127,5880,5940.0,9780.0,9840.0,3840.0,4.0,60,137,,,pt,10967.0,5087.0,"{'duration': 3840, 'source_transfer_time': 0, 'waiting_time': 420, 'trip_time': 3420, 'num_transfers': 4, 'departure_time': 5940, 'departure_day': 'current_day', 'arrival_time': 9780, 'arrival_day': 'current_day', 'steps': [{'duration': 360, 'departure_time': 6360, 'arrival_time': 6720, 'day': 'current_day', 'from_stop_id': '60-1', 'to_stop_id': 'A-1', 'trip_id': '1-1-5', 'agency_name': 'Unknown'}, {'duration': 30, 'departure_time': 6720, 'arrival_time': 6750, 'day': 'current_day', 'from_stop_id': 'A-1', 'to_stop_id': 'A-0', 'trip_id': 'walking', 'agency_name': 'Unknown'}, {'duration': 1800, 'departure_time': 7500, 'arrival_time': 9300, 'day': 'current_day', 'from_stop_id': 'A-0', 'to_stop_id': 'B-0', 'trip_id': 'IE-5-0', 'agency_name': 'Unknown'}, {'duration': 30, 'departure_time': 9300, 'arrival_time': 9330, 'day': 'current_day', 'from_stop_id': 'B-0', 'to_stop_id': 'B-2', 'trip_id': 'walking', 'agency_name': 'Unknown'}, {'duration': 360, 'departure_time': 9420, 'arrival_time': 9780, 'day': 'current_day', 'from_stop_id': 'B-2', 'to_stop_id': '137-2', 'trip_id': '4-0-9', 'agency_name': 'Unknown'}]}",5087.0
72,128,8010,inter,left,271,[54],[126],1000,751,1000,751,8761,8821.0,12870.0,12930.0,4049.0,4.0,54,126,,,pt,13681.0,5671.0,"{'duration': 4049, 'source_transfer_time': 0, 'waiting_time': 449, 'trip_time': 3600, 'num_transfers': 4, 'departure_time': 8821, 'departure_day': 'current_day', 'arrival_time': 12870, 'arrival_day': 'current_day', 'steps': [{'duration': 450, 'departure_time': 9270, 'arrival_time': 9720, 'day': 'current_day', 'from_stop_id': '54-1', 'to_stop_id': 'A-1', 'trip_id': '1-0-10', 'agency_name': 'Unknown'}, {'duration': 30, 'departure_time': 9720, 'arrival_time': 9750, 'day': 'current_day', 'from_stop_id': 'A-1', 'to_stop_id': 'A-0', 'trip_id': 'walking', 'agency_name': 'Unknown'}, {'duration': 1800, 'departure_time': 10500, 'arrival_time': 12300, 'day': 'current_day', 'from_stop_id': 'A-0', 'to_stop_id': 'B-0', 'trip_id': 'IE-7-0', 'agency_name': 'Unknown'}, {'duration': 30, 'departure_time': 12300, 'arrival_time': 12330, 'day': 'current_day', 'from_stop_id': 'B-0', 'to_stop_id': 'B-2', 'trip_id': 'walking', 'agency_name': 'Unknown'}, {'duration': 450, 'departure_time': 12420, 'arrival_time': 12870, 'day': 'current_day', 'from_stop_id': 'B-2', 'to_stop_id': '126-2', 'trip_id': '4-0-14', 'agency_name': 'Unknown'}]}",5671.0
7,169,4830,inter,left,272,[5],[237; 238],1000,751,500,375,5581,5641.0,9510.0,9570.0,3869.0,4.0,5,237,,,pt,9945.0,5115.0,"{'duration': 3869, 'source_transfer_time': 0, 'waiting_time': 329, 'trip_time': 3540, 'num_transfers': 4, 'departure_time': 5641, 'departure_day': 'current_day', 'arrival_time': 9510, 'arrival_day': 'current_day', 'steps': [{'duration': 450, 'departure_time': 5970, 'arrival_time': 6420, 'day': 'current_day', 'from_stop_id': '5-2', 'to_stop_id': 'A-2', 'trip_id': '2-1-4', 'agency_name': 'Unknown'}, {'duration': 30, 'departure_time': 6420, 'arrival_time': 6450, 'day': 'current_day', 'from_stop_id': 'A-2', 'to_stop_id': 'A-0', 'trip_id': 'walking', 'agency_name': 'Unknown'}, {'duration': 1800, 'departure_time': 7500, 'arrival_time': 9300, 'day': 'current_day', 'from_stop_id': 'A-0', 'to_stop_id': 'B-0', 'trip_id': 'IE-5-0', 'agency_name': 'Unknown'}, {'duration': 30, 'departure_time': 9300, 'arrival_time': 9330, 'day': 'current_day', 'from_stop_id': 'B-0', 'to_stop_id': 'B-2', 'trip_id': 'walking', 'agency_name': 'Unknown'}, {'duration': 90, 'departure_time': 9420, 'arrival_time': 9510, 'day': 'current_day', 'from_stop_id': 'B-2', 'to_stop_id': '237-2', 'trip_id': '4-0-9', 'agency_name': 'Unknown'}]}",5115.0
83,200,4350,inter,left,273,[54],[179; 198],1500,1127,1000,751,5477,5537.0,9600.0,9660.0,4063.0,4.0,54,198,,,pt,10411.0,6061.0,"{'duration': 4063, 'source_transfer_time': 0, 'waiting_time': 133, 'trip_time': 3930, 'num_transfers': 4, 'departure_time': 5537, 'departure_day': 'current_day', 'arrival_time': 9600, 'arrival_day': 'current_day', 'steps': [{'duration': 450, 'departure_time': 5670, 'arrival_time': 6120, 'day': 'current_day', 'from_stop_id': '54-1', 'to_stop_id': 'A-1', 'trip_id': '1-0-4', 'agency_name': 'Unknown'}, {'duration': 30, 'departure_time': 6120, 'arrival_time': 6150, 'day': 'current_day', 'from_stop_id': 'A-1', 'to_stop_id': 'A-0', 'trip_id': 'walking', 'agency_name': 'Unknown'}, {'duration': 1800, 'departure_time': 7500, 'arrival_time': 9300, 'day': 'current_day', 'from_stop_id': 'A-0', 'to_stop_id': 'B-0', 'trip_id': 'IE-5-0', 'agency_name': 'Unknown'}, {'duration': 30, 'departure_time': 9300, 'arrival_time': 9330, 'day': 'current_day', 'from_stop_id': 'B-0', 'to_stop_id': 'B-2', 'trip_id': 'walking', 'agency_name': 'Unknown'}, {'duration': 180, 'departure_time': 9420, 'arrival_time': 9600, 'day': 'current_day', 'from_stop_id': 'B-2', 'to_stop_id': '198-2', 'trip_id': '4-1-9', 'agency_name': 'Unknown'}]}",6061.0
72,236,7260,inter,left,274,[54],[182; 231],1000,751,2500,1879,8011,8071.0,12870.0,12930.0,4799.0,4.0,54,231,,,pt,14809.0,7549.0,"{'duration': 4799, 'source_transfer_time': 0, 'waiting_time': 599, 'trip_time': 4200, 'num_transfers': 4, 'departure_time': 8071, 'departure_day': 'current_day', 'arrival_time': 12870, 'arrival_day': 'current_day', 'steps': [{'duration': 450, 'departure_time': 8670, 'arrival_time': 9120, 'day': 'current_day', 'from_stop_id': '54-1', 'to_stop_id': 'A-1', 'trip_id': '1-0-9', 'agency_name': 'Unknown'}, {'duration': 30, 'departure_time': 9120, 'arrival_time': 9150, 'day': 'current_day', 'from_stop_id': 'A-1', 'to_stop_id': 'A-0', 'trip_id': 'walking', 'agency_name': 'Unknown'}, {'duration': 1800, 'departure_time': 10500, 'arrival_time': 12300, 'day': 'current_day', 'from_stop_id': 'A-0', 'to_stop_id': 'B-0', 'trip_id': 'IE-7-0', 'agency_name': 'Unknown'}, {'duration': 30, 'departure_time': 12300, 'arrival_time': 12330, 'day': 'current_day', 'from_stop_id': 'B-0', 'to_stop_id': 'B-2', 'trip_id': 'walking', 'agency_name': 'Unknown'}, {'duration': 450, 'departure_time': 12420, 'arrival_time': 12870, 'day': 'current_day', 'from_stop_id': 'B-2', 'to_stop_id': '231-2', 'trip_id': '4-1-14', 'agency_name': 'Unknown'}]}",7549.0
114,168,12630,inter,left,275,[110],[178],2000,1503,500,375,14133,14193.0,17100.0,17160.0,2907.0,4.0,110,178,,,pt,17535.0,4905.0,"{'duration': 2907, 'source_transfer_time': 0, 'waiting_time': 177, 'trip_time': 2730, 'num_transfers': 4, 'departure_time': 14193, 'departure_day': 'current_day', 'arrival_time': 17100, 'arrival_day': 'current_day', 'steps': [{'duration': 450, 'departure_time': 14370, 'arrival_time': 14820, 'day': 'current_day', 'from_stop_id': '110-2', 'to_stop_id': 'A-2', 'trip_id': '2-0-18', 'agency_name': 'Unknown'}, {'duration': 30, 'departure_time': 14820, 'arrival_time': 14850, 'day': 'current_day', 'from_stop_id': 'A-2', 'to_stop_id': 'A-0', 'trip_id': 'walking', 'agency_name': 'Unknown'}, {'duration': 1800, 'departure_time': 15000, 'arrival_time': 16800, 'day': 'current_day', 'from_stop_id': 'A-0', 'to_stop_id': 'B-0', 'trip_id': 'IE-10-0', 'agency_name': 'Unknown'}, {'duration': 30, 'departure_time': 16800, 'arrival_time': 16830, 'day': 'current_day', 'from_stop_id': 'B-0', 'to_stop_id': 'B-1', 'trip_id': 'walking', 'agency_name': 'Unknown'}, {'duration': 180, 'departure_time': 16920, 'arrival_time': 17100, 'day': 'current_day', 'from_stop_id': 'B-1', 'to_stop_id': '178-1', 'trip_id': '3-1-22', 'agency_name': 'Unknown'}]}",4905.0
77,150,3870,inter,left,276,[77],[148],0,0,1000,751,3870,3930.0,8490.0,8550.0,4560.0,4.0,77,148,,,pt,9301.0,5431.0,"{'duration': 4560, 'source_transfer_time': 0, 'waiting_time': 510, 'trip_time': 4050, 'num_transfers': 4, 'departure_time': 3930, 'departure_day': 'current_day', 'arrival_time': 8490, 'arrival_day': 'current_day', 'steps': [{'duration': 180, 'departure_time': 4440, 'arrival_time': 4620, 'day': 'current_day', 'from_stop_id': '77-2', 'to_stop_id': 'A-2', 'trip_id': '2-0-1', 'agency_name': 'Unknown'}, {'duration': 30, 'departure_time': 4620, 'arrival_time': 4650, 'day': 'current_day', 'from_stop_id': 'A-2', 'to_stop_id': 'A-0', 'trip_id': 'walking', 'agency_name': 'Unknown'}, {'duration': 1800, 'departure_time': 6000, 'arrival_time': 7800, 'day': 'current_day', 'from_stop_id': 'A-0', 'to_stop_id': 'B-0', 'trip_id': 'IE-4-0', 'agency_name': 'Unknown'}, {'duration': 30, 'departure_time': 7800, 'arrival_time': 7830, 'day': 'current_day', 'from_stop_id': 'B-0', 'to_stop_id': 'B-2', 'trip_id': 'walking', 'agency_name': 'Unknown'}, {'duration': 270, 'departure_time': 8220, 'arrival_time': 8490, 'day': 'current_day', 'from_stop_id': 'B-2', 'to_stop_id': '148-2', 'trip_id': '4-0-7', 'agency_name': 'Unknown'}]}",5431.0
87,177,11850,inter,left,277,[88],[177],500,375,0,0,12225,12285.0,15990.0,16050.0,3705.0,4.0,88,177,,,pt,16050.0,4200.0,"{'duration': 3705, 'source_transfer_time': 0, 'waiting_time': 465, 'trip_time': 3240, 'num_transfers': 4, 'departure_time': 12285, 'departure_day': 'current_day', 'arrival_time': 15990, 'arrival_day': 'current_day', 'steps': [{'duration': 270, 'departure_time': 12750, 'arrival_time': 13020, 'day': 'current_day', 'from_stop_id': '88-2', 'to_stop_id': 'A-2', 'trip_id': '2-0-15', 'agency_name': 'Unknown'}, {'duration': 30, 'departure_time': 13020, 'arrival_time': 13050, 'day': 'current_day', 'from_stop_id': 'A-2', 'to_stop_id': 'A-0', 'trip_id': 'walking', 'agency_name': 'Unknown'}, {'duration': 1800, 'departure_time': 13500, 'arrival_time': 15300, 'day': 'current_day', 'from_stop_id': 'A-0', 'to_stop_id': 'B-0', 'trip_id': 'IE-9-0', 'agency_name': 'Unknown'}, {'duration': 30, 'departure_time': 15300, 'arrival_time': 15330, 'day': 'current_day', 'from_stop_id': 'B-0', 'to_stop_id': 'B-1', 'trip_id': 'walking', 'agency_name': 'Unknown'}, {'duration': 270, 'departure_time': 15720, 'arrival_time': 15990, 'day': 'current_day', 'from_stop_id': 'B-1', 'to_stop_id': '177-1', 'trip_id': '3-1-20', 'agency_name': 'Unknown'}]}",4200.0
7,150,4290,inter,left,278,[5],[148],1000,751,1000,751,5041,5101.0,8490.0,8550.0,3389.0,4.0,5,148,,,pt,9301.0,5011.0,"{'duration': 3389, 'source_transfer_time': 0, 'waiting_time': 269, 'trip_time': 3120, 'num_transfers': 4, 'departure_time': 5101, 'departure_day': 'current_day', 'arrival_time': 8490, 'arrival_day': 'current_day', 'steps': [{'duration': 450, 'departure_time': 5370, 'arrival_time': 5820, 'day': 'current_day', 'from_stop_id': '5-2', 'to_stop_id': 'A-2', 'trip_id': '2-1-3', 'agency_name': 'Unknown'}, {'duration': 30, 'departure_time': 5820, 'arrival_time': 5850, 'day': 'current_day', 'from_stop_id': 'A-2', 'to_stop_id': 'A-0', 'trip_id': 'walking', 'agency_name': 'Unknown'}, {'duration': 1800, 'departure_time': 6000, 'arrival_time': 7800, 'day': 'current_day', 'from_stop_id': 'A-0', 'to_stop_id': 'B-0', 'trip_id': 'IE-4-0', 'agency_name': 'Unknown'}, {'duration': 30, 'departure_time': 7800, 'arrival_time': 7830, 'day': 'current_day', 'from_stop_id': 'B-0', 'to_stop_id': 'B-2', 'trip_id': 'walking', 'agency_name': 'Unknown'}, {'duration': 270, 'departure_time': 8220, 'arrival_time': 8490, 'day': 'current_day', 'from_stop_id': 'B-2', 'to_stop_id': '148-2', 'trip_id': '4-0-7', 'agency_name': 'Unknown'}]}",5011.0
35,198,4560,inter,left,279,[56],[198],1000,751,0,0,5311,5371.0,9600.0,9660.0,4229.0,4.0,56,198,,,pt,9660.0,5100.0,"{'duration': 4229, 'source_transfer_time': 0, 'waiting_time': 479, 'trip_time': 3750, 'num_transfers': 4, 'departure_time': 5371, 'departure_day': 'current_day', 'arrival_time': 9600, 'arrival_day': 'current_day', 'steps': [{'duration': 270, 'departure_time': 5850, 'arrival_time': 6120, 'day': 'current_day', 'from_stop_id': '56-1', 'to_stop_id': 'A-1', 'trip_id': '1-0-4', 'agency_name': 'Unknown'}, {'duration': 30, 'departure_time': 6120, 'arrival_time': 6150, 'day': 'current_day', 'from_stop_id': 'A-1', 'to_stop_id': 'A-0', 'trip_id': 'walking', 'agency_name': 'Unknown'}, {'duration': 1800, 'departure_time': 7500, 'arrival_time': 9300, 'day': 'current_day', 'from_stop_id': 'A-0', 'to_stop_id': 'B-0', 'trip_id': 'IE-5-0', 'agency_name': 'Unknown'}, {'duration': 30, 'departure_time': 9300, 'arrival_time': 9330, 'day': 'current_day', 'from_stop_id': 'B-0', 'to_stop_id': 'B-2', 'trip_id': 'walking', 'agency_name': 'Unknown'}, {'duration': 180, 'departure_time': 9420, 'arrival_time': 9600, 'day': 'current_day', 'from_stop_id': 'B-2', 'to_stop_id': '198-2', 'trip_id': '4-1-9', 'agency_name': 'Unknown'}]}",5100.0
30,148,11010,inter,left,280,[27; 59],[148],1500,1127,0,0,12137,12197.0,15690.0,15750.0,3493.0,4.0,27,148,,,pt,15750.0,4740.0,"{'duration': 3493, 'source_transfer_time': 0, 'waiting_time': 553, 'trip_time': 2940, 'num_transfers': 4, 'departure_time': 12197, 'departure_day': 'current_day', 'arrival_time': 15690, 'arrival_day': 'current_day', 'steps': [{'duration': 270, 'departure_time': 12750, 'arrival_time': 13020, 'day': 'current_day', 'from_stop_id': '27-2', 'to_stop_id': 'A-2', 'trip_id': '2-1-15', 'agency_name': 'Unknown'}, {'duration': 30, 'departure_time': 13020, 'arrival_time': 13050, 'day': 'current_day', 'from_stop_id': 'A-2', 'to_stop_id': 'A-0', 'trip_id': 'walking', 'agency_name': 'Unknown'}, {'duration': 1800, 'departure_time': 13500, 'arrival_time': 15300, 'day': 'current_day', 'from_stop_id': 'A-0', 'to_stop_id': 'B-0', 'trip_id': 'IE-9-0', 'agency_name': 'Unknown'}, {'duration': 30, 'departure_time': 15300, 'arrival_time': 15330, 'day': 'current_day', 'from_stop_id': 'B-0', 'to_stop_id': 'B-2', 'trip_id': 'walking', 'agency_name': 'Unknown'}, {'duration': 270, 'departure_time': 15420, 'arrival_time': 15690, 'day': 'current_day', 'from_stop_id': 'B-2', 'to_stop_id': '148-2', 'trip_id': '4-0-19', 'agency_name': 'Unknown'}]}",4740.0
4,170,8760,inter,left,281,[5],[237; 239],500,375,500,375,9135,9195.0,12510.0,12570.0,3315.0,4.0,5,237,,,pt,12945.0,4185.0,"{'duration': 3315, 'source_transfer_time': 0, 'waiting_time': 375, 'trip_time': 2940, 'num_transfers': 4, 'departure_time': 9195, 'departure_day': 'current_day', 'arrival_time': 12510, 'arrival_day': 'current_day', 'steps': [{'duration': 450, 'departure_time': 9570, 'arrival_time': 10020, 'day': 'current_day', 'from_stop_id': '5-2', 'to_stop_id': 'A-2', 'trip_id': '2-1-10', 'agency_name': 'Unknown'}, {'duration': 30, 'departure_time': 10020, 'arrival_time': 10050, 'day': 'current_day', 'from_stop_id': 'A-2', 'to_stop_id': 'A-0', 'trip_id': 'walking', 'agency_name': 'Unknown'}, {'duration': 1800, 'departure_time': 10500, 'arrival_time': 12300, 'day': 'current_day', 'from_stop_id': 'A-0', 'to_stop_id': 'B-0', 'trip_id': 'IE-7-0', 'agency_name': 'Unknown'}, {'duration': 30, 'departure_time': 12300, 'arrival_time': 12330, 'day': 'current_day', 'from_stop_id': 'B-0', 'to_stop_id': 'B-2', 'trip_id': 'walking', 'agency_name': 'Unknown'}, {'duration': 90, 'departure_time': 12420, 'arrival_time': 12510, 'day': 'current_day', 'from_stop_id': 'B-2', 'to_stop_id': '237-2', 'trip_id': '4-0-14', 'agency_name': 'Unknown'}]}",4185.0
52,142,14040,inter,left,282,[60],[182],500,375,2000,1503,14415,14475.0,19170.0,19230.0,4695.0,4.0,60,182,,,pt,20733.0,6693.0,"{'duration': 4695, 'source_transfer_time': 0, 'waiting_time': 285, 'trip_time': 4410, 'num_transfers': 4, 'departure_time': 14475, 'departure_day': 'current_day', 'arrival_time': 19170, 'arrival_day': 'current_day', 'steps': [{'duration': 360, 'departure_time': 14760, 'arrival_time': 15120, 'day': 'current_day', 'from_stop_id': '60-1', 'to_stop_id': 'A-1', 'trip_id': '1-1-19', 'agency_name': 'Unknown'}, {'duration': 30, 'departure_time': 15120, 'arrival_time': 15150, 'day': 'current_day', 'from_stop_id': 'A-1', 'to_stop_id': 'A-0', 'trip_id': 'walking', 'agency_name': 'Unknown'}, {'duration': 1800, 'departure_time': 16500, 'arrival_time': 18300, 'day': 'current_day', 'from_stop_id': 'A-0', 'to_stop_id': 'B-0', 'trip_id': 'IE-11-0', 'agency_name': 'Unknown'}, {'duration': 30, 'departure_time': 18300, 'arrival_time': 18330, 'day': 'current_day', 'from_stop_id': 'B-0', 'to_stop_id': 'B-1', 'trip_id': 'walking', 'agency_name': 'Unknown'}, {'duration': 450, 'departure_time': 18720, 'arrival_time': 19170, 'day': 'current_day', 'from_stop_id': 'B-1', 'to_stop_id': '182-1', 'trip_id': '3-0-25', 'agency_name': 'Unknown'}]}",6693.0
104,220,14130,inter,left,283,[61],[220],2000,1503,0,0,15633,15693.0,18780.0,18840.0,3087.0,4.0,61,220,,,pt,18840.0,4710.0,"{'duration': 3087, 'source_transfer_time': 0, 'waiting_time': 177, 'trip_time': 2910, 'num_transfers': 4, 'departure_time': 15693, 'departure_day': 'current_day', 'arrival_time': 18780, 'arrival_day': 'current_day', 'steps': [{'duration': 450, 'departure_time': 15870, 'arrival_time': 16320, 'day': 'current_day', 'from_stop_id': '61-1', 'to_stop_id': 'A-1', 'trip_id': '1-1-21', 'agency_name': 'Unknown'}, {'duration': 30, 'departure_time': 16320, 'arrival_time': 16350, 'day': 'current_day', 'from_stop_id': 'A-1', 'to_stop_id': 'A-0', 'trip_id': 'walking', 'agency_name': 'Unknown'}, {'duration': 1800, 'departure_time': 16500, 'arrival_time': 18300, 'day': 'current_day', 'from_stop_id': 'A-0', 'to_stop_id': 'B-0', 'trip_id': 'IE-11-0', 'agency_name': 'Unknown'}, {'duration': 30, 'departure_time': 18300, 'arrival_time': 18330, 'day': 'current_day', 'from_stop_id': 'B-0', 'to_stop_id': 'B-2', 'trip_id': 'walking', 'agency_name': 'Unknown'}, {'duration': 360, 'departure_time': 18420, 'arrival_time': 18780, 'day': 'current_day', 'from_stop_id': 'B-2', 'to_stop_id': '220-2', 'trip_id': '4-1-24', 'agency_name': 'Unknown'}]}",4710.0
28,130,3900,inter,left,284,[27],[126],500,375,2000,1503,4275,4335.0,8670.0,8730.0,4335.0,4.0,27,126,,,pt,10233.0,6333.0,"{'duration': 4335, 'source_transfer_time': 0, 'waiting_time': 15, 'trip_time': 4320, 'num_transfers': 4, 'departure_time': 4335, 'departure_day': 'current_day', 'arrival_time': 8670, 'arrival_day': 'current_day', 'steps': [{'duration': 270, 'departure_time': 4350, 'arrival_time': 4620, 'day': 'current_day', 'from_stop_id': '27-2', 'to_stop_id': 'A-2', 'trip_id': '2-1-1', 'agency_name': 'Unknown'}, {'duration': 30, 'departure_time': 4620, 'arrival_time': 4650, 'day': 'current_day', 'from_stop_id': 'A-2', 'to_stop_id': 'A-0', 'trip_id': 'walking', 'agency_name': 'Unknown'}, {'duration': 1800, 'departure_time': 6000, 'arrival_time': 7800, 'day': 'current_day', 'from_stop_id': 'A-0', 'to_stop_id': 'B-0', 'trip_id': 'IE-4-0', 'agency_name': 'Unknown'}, {'duration': 30, 'departure_time': 7800, 'arrival_time': 7830, 'day': 'current_day', 'from_stop_id': 'B-0', 'to_stop_id': 'B-2', 'trip_id': 'walking', 'agency_name': 'Unknown'}, {'duration': 450, 'departure_time': 8220, 'arrival_time': 8670, 'day': 'current_day', 'from_stop_id': 'B-2', 'to_stop_id': '126-2', 'trip_id': '4-0-7', 'agency_name': 'Unknown'}]}",6333.0
13,204,12750,inter,left,285,[16],[175],1500,1127,1500,1127,13877,13937.0,17370.0,17430.0,3433.0,4.0,16,175,,,pt,18557.0,5807.0,"{'duration': 3433, 'source_transfer_time': 0, 'waiting_time': 523, 'trip_time': 2910, 'num_transfers': 4, 'departure_time': 13937, 'departure_day': 'current_day', 'arrival_time': 17370, 'arrival_day': 'current_day', 'steps': [{'duration': 360, 'departure_time': 14460, 'arrival_time': 14820, 'day': 'current_day', 'from_stop_id': '16-2', 'to_stop_id': 'A-2', 'trip_id': '2-1-18', 'agency_name': 'Unknown'}, {'duration': 30, 'departure_time': 14820, 'arrival_time': 14850, 'day': 'current_day', 'from_stop_id': 'A-2', 'to_stop_id': 'A-0', 'trip_id': 'walking', 'agency_name': 'Unknown'}, {'duration': 1800, 'departure_time': 15000, 'arrival_time': 16800, 'day': 'current_day', 'from_stop_id': 'A-0', 'to_stop_id': 'B-0', 'trip_id': 'IE-10-0', 'agency_name': 'Unknown'}, {'duration': 30, 'departure_time': 16800, 'arrival_time': 16830, 'day': 'current_day', 'from_stop_id': 'B-0', 'to_stop_id': 'B-1', 'trip_id': 'walking', 'agency_name': 'Unknown'}, {'duration': 450, 'departure_time': 16920, 'arrival_time': 17370, 'day': 'current_day', 'from_stop_id': 'B-1', 'to_stop_id': '175-1', 'trip_id': '3-1-22', 'agency_name': 'Unknown'}]}",5807.0
47,203,12450,inter,left,286,[57],[182],500,375,1000,751,12825,12885.0,16170.0,16230.0,3285.0,4.0,57,182,,,pt,16981.0,4531.0,"{'duration': 3285, 'source_transfer_time': 0, 'waiting_time': 255, 'trip_time': 3030, 'num_transfers': 4, 'departure_time': 12885, 'departure_day': 'current_day', 'arrival_time': 16170, 'arrival_day': 'current_day', 'steps': [{'duration': 180, 'departure_time': 13140, 'arrival_time': 13320, 'day': 'current_day', 'from_stop_id': '57-1', 'to_stop_id': 'A-1', 'trip_id': '1-0-16', 'agency_name': 'Unknown'}, {'duration': 30, 'departure_time': 13320, 'arrival_time': 13350, 'day': 'current_day', 'from_stop_id': 'A-1', 'to_stop_id': 'A-0', 'trip_id': 'walking', 'agency_name': 'Unknown'}, {'duration': 1800, 'departure_time': 13500, 'arrival_time': 15300, 'day': 'current_day', 'from_stop_id': 'A-0', 'to_stop_id': 'B-0', 'trip_id': 'IE-9-0', 'agency_name': 'Unknown'}, {'duration': 30, 'departure_time': 15300, 'arrival_time': 15330, 'day': 'current_day', 'from_stop_id': 'B-0', 'to_stop_id': 'B-1', 'trip_id': 'walking', 'agency_name': 'Unknown'}, {'duration': 450, 'departure_time': 15720, 'arrival_time': 16170, 'day': 'current_day', 'from_stop_id': 'B-1', 'to_stop_id': '182-1', 'trip_id': '3-0-20', 'agency_name': 'Unknown'}]}",4531.0
53,205,8340,inter,left,287,[61],[176],500,375,1500,1127,8715,8775.0,13080.0,13140.0,4305.0,4.0,61,176,,,pt,14267.0,5927.0,"{'duration': 4305, 'source_transfer_time': 0, 'waiting_time': 495, 'trip_time': 3810, 'num_transfers': 4, 'departure_time': 8775, 'departure_day': 'current_day', 'arrival_time': 13080, 'arrival_day': 'current_day', 'steps': [{'duration': 450, 'departure_time': 9270, 'arrival_time': 9720, 'day': 'current_day', 'from_stop_id': '61-1', 'to_stop_id': 'A-1', 'trip_id': '1-1-10', 'agency_name': 'Unknown'}, {'duration': 30, 'departure_time': 9720, 'arrival_time': 9750, 'day': 'current_day', 'from_stop_id': 'A-1', 'to_stop_id': 'A-0', 'trip_id': 'walking', 'agency_name': 'Unknown'}, {'duration': 1800, 'departure_time': 10500, 'arrival_time': 12300, 'day': 'current_day', 'from_stop_id': 'A-0', 'to_stop_id': 'B-0', 'trip_id': 'IE-7-0', 'agency_name': 'Unknown'}, {'duration': 30, 'departure_time': 12300, 'arrival_time': 12330, 'day': 'current_day', 'from_stop_id': 'B-0', 'to_stop_id': 'B-1', 'trip_id': 'walking', 'agency_name': 'Unknown'}, {'duration': 360, 'departure_time': 12720, 'arrival_time': 13080, 'day': 'current_day', 'from_stop_id': 'B-1', 'to_stop_id': '176-1', 'trip_id': '3-1-15', 'agency_name': 'Unknown'}]}",5927.0
60,178,12600,inter,left,288,[60],[178],0,0,0,0,12600,12660.0,15900.0,15960.0,3240.0,4.0,60,178,,,pt,15960.0,3360.0,"{'duration': 3240, 'source_transfer_time': 0, 'waiting_time': 300, 'trip_time': 2940, 'num_transfers': 4, 'departure_time': 12660, 'departure_day': 'current_day', 'arrival_time': 15900, 'arrival_day': 'current_day', 'steps': [{'duration': 360, 'departure_time': 12960, 'arrival_time': 13320, 'day': 'current_day', 'from_stop_id': '60-1', 'to_stop_id': 'A-1', 'trip_id': '1-1-16', 'agency_name': 'Unknown'}, {'duration': 30, 'departure_time': 13320, 'arrival_time': 13350, 'day': 'current_day', 'from_stop_id': 'A-1', 'to_stop_id': 'A-0', 'trip_id': 'walking', 'agency_name': 'Unknown'}, {'duration': 1800, 'departure_time': 13500, 'arrival_time': 15300, 'day': 'current_day', 'from_stop_id': 'A-0', 'to_stop_id': 'B-0', 'trip_id': 'IE-9-0', 'agency_name': 'Unknown'}, {'duration': 30, 'departure_time': 15300, 'arrival_time': 15330, 'day': 'current_day', 'from_stop_id': 'B-0', 'to_stop_id': 'B-1', 'trip_id': 'walking', 'agency_name': 'Unknown'}, {'duration': 180, 'departure_time': 15720, 'arrival_time': 15900, 'day': 'current_day', 'from_stop_id': 'B-1', 'to_stop_id': '178-1', 'trip_id': '3-1-20', 'agency_name': 'Unknown'}]}",3360.0
99,168,4350,inter,left,289,[99],[178],0,0,500,375,4350,4410.0,8100.0,8160.0,3690.0,4.0,99,178,,,pt,8535.0,4185.0,"{'duration': 3690, 'source_transfer_time': 0, 'waiting_time': 450, 'trip_time': 3240, 'num_transfers': 4, 'departure_time': 4410, 'departure_day': 'current_day', 'arrival_time': 8100, 'arrival_day': 'current_day', 'steps': [{'duration': 360, 'departure_time': 4860, 'arrival_time': 5220, 'day': 'current_day', 'from_stop_id': '99-2', 'to_stop_id': 'A-2', 'trip_id': '2-0-2', 'agency_name': 'Unknown'}, {'duration': 30, 'departure_time': 5220, 'arrival_time': 5250, 'day': 'current_day', 'from_stop_id': 'A-2', 'to_stop_id': 'A-0', 'trip_id': 'walking', 'agency_name': 'Unknown'}, {'duration': 1800, 'departure_time': 6000, 'arrival_time': 7800, 'day': 'current_day', 'from_stop_id': 'A-0', 'to_stop_id': 'B-0', 'trip_id': 'IE-4-0', 'agency_name': 'Unknown'}, {'duration': 30, 'departure_time': 7800, 'arrival_time': 7830, 'day': 'current_day', 'from_stop_id': 'B-0', 'to_stop_id': 'B-1', 'trip_id': 'walking', 'agency_name': 'Unknown'}, {'duration': 180, 'departure_time': 7920, 'arrival_time': 8100, 'day': 'current_day', 'from_stop_id': 'B-1', 'to_stop_id': '178-1', 'trip_id': '3-1-7', 'agency_name': 'Unknown'}]}",4185.0
82,168,9450,inter,left,290,[61],[178],1000,751,500,375,10201,10261.0,14100.0,14160.0,3839.0,4.0,61,178,,,pt,14535.0,5085.0,"{'duration': 3839, 'source_transfer_time': 0, 'waiting_time': 209, 'trip_time': 3630, 'num_transfers': 4, 'departure_time': 10261, 'departure_day': 'current_day', 'arrival_time': 14100, 'arrival_day': 'current_day', 'steps': [{'duration': 450, 'departure_time': 10470, 'arrival_time': 10920, 'day': 'current_day', 'from_stop_id': '61-1', 'to_stop_id': 'A-1', 'trip_id': '1-1-12', 'agency_name': 'Unknown'}, {'duration': 30, 'departure_time': 10920, 'arrival_time': 10950, 'day': 'current_day', 'from_stop_id': 'A-1', 'to_stop_id': 'A-0', 'trip_id': 'walking', 'agency_name': 'Unknown'}, {'duration': 1800, 'departure_time': 12000, 'arrival_time': 13800, 'day': 'current_day', 'from_stop_id': 'A-0', 'to_stop_id': 'B-0', 'trip_id': 'IE-8-0', 'agency_name': 'Unknown'}, {'duration': 30, 'departure_time': 13800, 'arrival_time': 13830, 'day': 'current_day', 'from_stop_id': 'B-0', 'to_stop_id': 'B-1', 'trip_id': 'walking', 'agency_name': 'Unknown'}, {'duration': 180, 'departure_time': 13920, 'arrival_time': 14100, 'day': 'current_day', 'from_stop_id': 'B-1', 'to_stop_id': '178-1', 'trip_id': '3-1-17', 'agency_name': 'Unknown'}]}",5085.0
52,142,13710,inter,left,291,[60],[182],500,375,2000,1503,14085,14145.0,17370.0,17430.0,3225.0,4.0,60,182,,,pt,18933.0,5223.0,"{'duration': 3225, 'source_transfer_time': 0, 'waiting_time': 15, 'trip_time': 3210, 'num_transfers': 4, 'departure_time': 14145, 'departure_day': 'current_day', 'arrival_time': 17370, 'arrival_day': 'current_day', 'steps': [{'duration': 360, 'departure_time': 14160, 'arrival_time': 14520, 'day': 'current_day', 'from_stop_id': '60-1', 'to_stop_id': 'A-1', 'trip_id': '1-1-18', 'agency_name': 'Unknown'}, {'duration': 30, 'departure_time': 14520, 'arrival_time': 14550, 'day': 'current_day', 'from_stop_id': 'A-1', 'to_stop_id': 'A-0', 'trip_id': 'walking', 'agency_name': 'Unknown'}, {'duration': 1800, 'departure_time': 15000, 'arrival_time': 16800, 'day': 'current_day', 'from_stop_id': 'A-0', 'to_stop_id': 'B-0', 'trip_id': 'IE-10-0', 'agency_name': 'Unknown'}, {'duration': 30, 'departure_time': 16800, 'arrival_time': 16830, 'day': 'current_day', 'from_stop_id': 'B-0', 'to_stop_id': 'B-1', 'trip_id': 'walking', 'agency_name': 'Unknown'}, {'duration': 450, 'departure_time': 16920, 'arrival_time': 17370, 'day': 'current_day', 'from_stop_id': 'B-1', 'to_stop_id': '182-1', 'trip_id': '3-0-22', 'agency_name': 'Unknown'}]}",5223.0
30,226,11700,inter,left,292,[27; 59],[175; 231],1500,1127,2500,1879,12827,12887.0,15870.0,15930.0,2983.0,4.0,59,231,,,pt,17809.0,6109.0,"{'duration': 2983, 'source_transfer_time': 0, 'waiting_time': 163, 'trip_time': 2820, 'num_transfers': 4, 'departure_time': 12887, 'departure_day': 'current_day', 'arrival_time': 15870, 'arrival_day': 'current_day', 'steps': [{'duration': 270, 'departure_time': 13050, 'arrival_time': 13320, 'day': 'current_day', 'from_stop_id': '59-1', 'to_stop_id': 'A-1', 'trip_id': '1-1-16', 'agency_name': 'Unknown'}, {'duration': 30, 'departure_time': 13320, 'arrival_time': 13350, 'day': 'current_day', 'from_stop_id': 'A-1', 'to_stop_id': 'A-0', 'trip_id': 'walking', 'agency_name': 'Unknown'}, {'duration': 1800, 'departure_time': 13500, 'arrival_time': 15300, 'day': 'current_day', 'from_stop_id': 'A-0', 'to_stop_id': 'B-0', 'trip_id': 'IE-9-0', 'agency_name': 'Unknown'}, {'duration': 30, 'departure_time': 15300, 'arrival_time': 15330, 'day': 'current_day', 'from_stop_id': 'B-0', 'to_stop_id': 'B-2', 'trip_id': 'walking', 'agency_name': 'Unknown'}, {'duration': 450, 'departure_time': 15420, 'arrival_time': 15870, 'day': 'current_day', 'from_stop_id': 'B-2', 'to_stop_id': '231-2', 'trip_id': '4-1-19', 'agency_name': 'Unknown'}]}",6109.0
10,142,4500,inter,left,293,[5; 61],[182],2500,1879,2000,1503,6379,6439.0,10170.0,10230.0,3731.0,4.0,5,182,,,pt,11733.0,7233.0,"{'duration': 3731, 'source_transfer_time': 0, 'waiting_time': 131, 'trip_time': 3600, 'num_transfers': 4, 'departure_time': 6439, 'departure_day': 'current_day', 'arrival_time': 10170, 'arrival_day': 'current_day', 'steps': [{'duration': 450, 'departure_time': 6570, 'arrival_time': 7020, 'day': 'current_day', 'from_stop_id': '5-2', 'to_stop_id': 'A-2', 'trip_id': '2-1-5', 'agency_name': 'Unknown'}, {'duration': 30, 'departure_time': 7020, 'arrival_time': 7050, 'day': 'current_day', 'from_stop_id': 'A-2', 'to_stop_id': 'A-0', 'trip_id': 'walking', 'agency_name': 'Unknown'}, {'duration': 1800, 'departure_time': 7500, 'arrival_time': 9300, 'day': 'current_day', 'from_stop_id': 'A-0', 'to_stop_id': 'B-0', 'trip_id': 'IE-5-0', 'agency_name': 'Unknown'}, {'duration': 30, 'departure_time': 9300, 'arrival_time': 9330, 'day': 'current_day', 'from_stop_id': 'B-0', 'to_stop_id': 'B-1', 'trip_id': 'walking', 'agency_name': 'Unknown'}, {'duration': 450, 'departure_time': 9720, 'arrival_time': 10170, 'day': 'current_day', 'from_stop_id': 'B-1', 'to_stop_id': '182-1', 'trip_id': '3-0-10', 'agency_name': 'Unknown'}]}",7233.0
112,231,9090,inter,left,294,[110],[231],1000,751,0,0,9841,9901.0,14670.0,14730.0,4769.0,4.0,110,231,,,pt,14730.0,5640.0,"{'duration': 4769, 'source_transfer_time': 0, 'waiting_time': 269, 'trip_time': 4500, 'num_transfers': 4, 'departure_time': 9901, 'departure_day': 'current_day', 'arrival_time': 14670, 'arrival_day': 'current_day', 'steps': [{'duration': 450, 'departure_time': 10170, 'arrival_time': 10620, 'day': 'current_day', 'from_stop_id': '110-2', 'to_stop_id': 'A-2', 'trip_id': '2-0-11', 'agency_name': 'Unknown'}, {'duration': 30, 'departure_time': 10620, 'arrival_time': 10650, 'day': 'current_day', 'from_stop_id': 'A-2', 'to_stop_id': 'A-0', 'trip_id': 'walking', 'agency_name': 'Unknown'}, {'duration': 1800, 'departure_time': 12000, 'arrival_time': 13800, 'day': 'current_day', 'from_stop_id': 'A-0', 'to_stop_id': 'B-0', 'trip_id': 'IE-8-0', 'agency_name': 'Unknown'}, {'duration': 30, 'departure_time': 13800, 'arrival_time': 13830, 'day': 'current_day', 'from_stop_id': 'B-0', 'to_stop_id': 'B-2', 'trip_id': 'walking', 'agency_name': 'Unknown'}, {'duration': 450, 'departure_time': 14220, 'arrival_time': 14670, 'day': 'current_day', 'from_stop_id': 'B-2', 'to_stop_id': '231-2', 'trip_id': '4-1-17', 'agency_name': 'Unknown'}]}",5640.0
111,150,6330,inter,left,295,[110],[148],500,375,1000,751,6705,6765.0,11490.0,11550.0,4725.0,4.0,110,148,,,pt,12301.0,5971.0,"{'duration': 4725, 'source_transfer_time': 0, 'waiting_time': 405, 'trip_time': 4320, 'num_transfers': 4, 'departure_time': 6765, 'departure_day': 'current_day', 'arrival_time': 11490, 'arrival_day': 'current_day', 'steps': [{'duration': 450, 'departure_time': 7170, 'arrival_time': 7620, 'day': 'current_day', 'from_stop_id': '110-2', 'to_stop_id': 'A-2', 'trip_id': '2-0-6', 'agency_name': 'Unknown'}, {'duration': 30, 'departure_time': 7620, 'arrival_time': 7650, 'day': 'current_day', 'from_stop_id': 'A-2', 'to_stop_id': 'A-0', 'trip_id': 'walking', 'agency_name': 'Unknown'}, {'duration': 1800, 'departure_time': 9000, 'arrival_time': 10800, 'day': 'current_day', 'from_stop_id': 'A-0', 'to_stop_id': 'B-0', 'trip_id': 'IE-6-0', 'agency_name': 'Unknown'}, {'duration': 30, 'departure_time': 10800, 'arrival_time': 10830, 'day': 'current_day', 'from_stop_id': 'B-0', 'to_stop_id': 'B-2', 'trip_id': 'walking', 'agency_name': 'Unknown'}, {'duration': 270, 'departure_time': 11220, 'arrival_time': 11490, 'day': 'current_day', 'from_stop_id': 'B-2', 'to_stop_id': '148-2', 'trip_id': '4-0-12', 'agency_name': 'Unknown'}]}",5971.0
105,185,3990,inter,left,296,[54; 110],[177],2500,1879,500,375,5869,5929.0,9990.0,10050.0,4061.0,4.0,54,177,,,pt,10425.0,6435.0,"{'duration': 4061, 'source_transfer_time': 0, 'waiting_time': 341, 'trip_time': 3720, 'num_transfers': 4, 'departure_time': 5929, 'departure_day': 'current_day', 'arrival_time': 9990, 'arrival_day': 'current_day', 'steps': [{'duration': 450, 'departure_time': 6270, 'arrival_time': 6720, 'day': 'current_day', 'from_stop_id': '54-1', 'to_stop_id': 'A-1', 'trip_id': '1-0-5', 'agency_name': 'Unknown'}, {'duration': 30, 'departure_time': 6720, 'arrival_time': 6750, 'day': 'current_day', 'from_stop_id': 'A-1', 'to_stop_id': 'A-0', 'trip_id': 'walking', 'agency_name': 'Unknown'}, {'duration': 1800, 'departure_time': 7500, 'arrival_time': 9300, 'day': 'current_day', 'from_stop_id': 'A-0', 'to_stop_id': 'B-0', 'trip_id': 'IE-5-0', 'agency_name': 'Unknown'}, {'duration': 30, 'departure_time': 9300, 'arrival_time': 9330, 'day': 'current_day', 'from_stop_id': 'B-0', 'to_stop_id': 'B-1', 'trip_id': 'walking', 'agency_name': 'Unknown'}, {'duration': 270, 'departure_time': 9720, 'arrival_time': 9990, 'day': 'current_day', 'from_stop_id': 'B-1', 'to_stop_id': '177-1', 'trip_id': '3-1-10', 'agency_name': 'Unknown'}]}",6435.0
25,198,13920,inter,left,297,[27],[198],1000,751,0,0,14671,14731.0,18600.0,18660.0,3869.0,4.0,27,198,,,pt,18660.0,4740.0,"{'duration': 3869, 'source_transfer_time': 0, 'waiting_time': 419, 'trip_time': 3450, 'num_transfers': 4, 'departure_time': 14731, 'departure_day': 'current_day', 'arrival_time': 18600, 'arrival_day': 'current_day', 'steps': [{'duration': 270, 'departure_time': 15150, 'arrival_time': 15420, 'day': 'current_day', 'from_stop_id': '27-2', 'to_stop_id': 'A-2', 'trip_id': '2-1-19', 'agency_name': 'Unknown'}, {'duration': 30, 'departure_time': 15420, 'arrival_time': 15450, 'day': 'current_day', 'from_stop_id': 'A-2', 'to_stop_id': 'A-0', 'trip_id': 'walking', 'agency_name': 'Unknown'}, {'duration': 1800, 'departure_time': 16500, 'arrival_time': 18300, 'day': 'current_day', 'from_stop_id': 'A-0', 'to_stop_id': 'B-0', 'trip_id': 'IE-11-0', 'agency_name': 'Unknown'}, {'duration': 30, 'departure_time': 18300, 'arrival_time': 18330, 'day': 'current_day', 'from_stop_id': 'B-0', 'to_stop_id': 'B-2', 'trip_id': 'walking', 'agency_name': 'Unknown'}, {'duration': 180, 'departure_time': 18420, 'arrival_time': 18600, 'day': 'current_day', 'from_stop_id': 'B-2', 'to_stop_id': '198-2', 'trip_id': '4-1-24', 'agency_name': 'Unknown'}]}",4740.0
73,188,13170,inter,left,298,[55],[239; 240],1000,751,500,375,13921,13981.0,17010.0,17070.0,3029.0,4.0,55,239,,,pt,17445.0,4275.0,"{'duration': 3029, 'source_transfer_time': 0, 'waiting_time': 179, 'trip_time': 2850, 'num_transfers': 4, 'departure_time': 13981, 'departure_day': 'current_day', 'arrival_time': 17010, 'arrival_day': 'current_day', 'steps': [{'duration': 360, 'departure_time': 14160, 'arrival_time': 14520, 'day': 'current_day', 'from_stop_id': '55-1', 'to_stop_id': 'A-1', 'trip_id': '1-0-18', 'agency_name': 'Unknown'}, {'duration': 30, 'departure_time': 14520, 'arrival_time': 14550, 'day': 'current_day', 'from_stop_id': 'A-1', 'to_stop_id': 'A-0', 'trip_id': 'walking', 'agency_name': 'Unknown'}, {'duration': 1800, 'departure_time': 15000, 'arrival_time': 16800, 'day': 'current_day', 'from_stop_id': 'A-0', 'to_stop_id': 'B-0', 'trip_id': 'IE-10-0', 'agency_name': 'Unknown'}, {'duration': 30, 'departure_time': 16800, 'arrival_time': 16830, 'day': 'current_day', 'from_stop_id': 'B-0', 'to_stop_id': 'B-1', 'trip_id': 'walking', 'agency_name': 'Unknown'}, {'duration': 90, 'departure_time': 16920, 'arrival_time': 17010, 'day': 'current_day', 'from_stop_id': 'B-1', 'to_stop_id': '239-1', 'trip_id': '3-0-22', 'agency_name': 'Unknown'}]}",4275.0
94,197,12870,inter,left,299,[54],[198],2000,1503,500,375,14373,14433.0,18600.0,18660.0,4167.0,4.0,54,198,,,pt,19035.0,6165.0,"{'duration': 4167, 'source_transfer_time': 0, 'waiting_time': 237, 'trip_time': 3930, 'num_transfers': 4, 'departure_time': 14433, 'departure_day': 'current_day', 'arrival_time': 18600, 'arrival_day': 'current_day', 'steps': [{'duration': 450, 'departure_time': 14670, 'arrival_time': 15120, 'day': 'current_day', 'from_stop_id': '54-1', 'to_stop_id': 'A-1', 'trip_id': '1-0-19', 'agency_name': 'Unknown'}, {'duration': 30, 'departure_time': 15120, 'arrival_time': 15150, 'day': 'current_day', 'from_stop_id': 'A-1', 'to_stop_id': 'A-0', 'trip_id': 'walking', 'agency_name': 'Unknown'}, {'duration': 1800, 'departure_time': 16500, 'arrival_time': 18300, 'day': 'current_day', 'from_stop_id': 'A-0', 'to_stop_id': 'B-0', 'trip_id': 'IE-11-0', 'agency_name': 'Unknown'}, {'duration': 30, 'departure_time': 18300, 'arrival_time': 18330, 'day': 'current_day', 'from_stop_id': 'B-0', 'to_stop_id': 'B-2', 'trip_id': 'walking', 'agency_name': 'Unknown'}, {'duration': 180, 'departure_time': 18420, 'arrival_time': 18600, 'day': 'current_day', 'from_stop_id': 'B-2', 'to_stop_id': '198-2', 'trip_id': '4-1-24', 'agency_name': 'Unknown'}]}",6165.0
145,193,6900,intra,right,300,[148; 177],[175],1500,1127,1000,751,8027,8087.0,8370.0,8430.0,283.0,0.0,177,175,2631.0,9531.0,pt,9181.0,2281.0,"{'duration': 283, 'source_transfer_time': 0, 'waiting_time': 103, 'trip_time': 180, 'num_transfers': 0, 'departure_time': 8087, 'departure_day': 'current_day', 'arrival_time': 8370, 'arrival_day': 'current_day', 'steps': [{'duration': 180, 'departure_time': 8190, 'arrival_time': 8370, 'day': 'current_day', 'from_stop_id': '177-1', 'to_stop_id': '175-1', 'trip_id': '3-1-7', 'agency_name': 'Unknown'}]}",2281.0
217,158,13620,intra,right,301,[220],[159],1500,1127,500,375,14747,14807.0,15600.0,15660.0,793.0,0.0,220,159,3007.0,16627.0,pt,16035.0,2415.0,"{'duration': 793, 'source_transfer_time': 0, 'waiting_time': 253, 'trip_time': 540, 'num_transfers': 0, 'departure_time': 14807, 'departure_day': 'current_day', 'arrival_time': 15600, 'arrival_day': 'current_day', 'steps': [{'duration': 540, 'departure_time': 15060, 'arrival_time': 15600, 'day': 'current_day', 'from_stop_id': '220-2', 'to_stop_id': '159-2', 'trip_id': '4-0-19', 'agency_name': 'Unknown'}]}",2415.0
139,193,12810,intra,right,302,[137],[175],1000,751,1000,751,13561,13621.0,14970.0,15030.0,1349.0,2.0,137,175,4887.0,17697.0,pt,15781.0,2971.0,"{'duration': 1349, 'source_transfer_time': 0, 'waiting_time': 239, 'trip_time': 1110, 'num_transfers': 2, 'departure_time': 13621, 'departure_day': 'current_day', 'arrival_time': 14970, 'arrival_day': 'current_day', 'steps': [{'duration': 360, 'departure_time': 13860, 'arrival_time': 14220, 'day': 'current_day', 'from_stop_id': '137-2', 'to_stop_id': 'B-2', 'trip_id': '4-1-17', 'agency_name': 'Unknown'}, {'duration': 30, 'departure_time': 14220, 'arrival_time': 14250, 'day': 'current_day', 'from_stop_id': 'B-2', 'to_stop_id': 'B-1', 'trip_id': 'walking', 'agency_name': 'Unknown'}, {'duration': 450, 'departure_time': 14520, 'arrival_time': 14970, 'day': 'current_day', 'from_stop_id': 'B-1', 'to_stop_id': '175-1', 'trip_id': '3-1-18', 'agency_name': 'Unknown'}]}",2971.0
172,217,9660,intra,right,303,[180],[220],500,375,1500,1127,10035,10095.0,11580.0,11640.0,1485.0,2.0,180,220,4135.0,13795.0,pt,12767.0,3107.0,"{'duration': 1485, 'source_transfer_time': 0, 'waiting_time': 555, 'trip_time': 930, 'num_transfers': 2, 'departure_time': 10095, 'departure_day': 'current_day', 'arrival_time': 11580, 'arrival_day': 'current_day', 'steps': [{'duration': 270, 'departure_time': 10650, 'arrival_time': 10920, 'day': 'current_day', 'from_stop_id': '180-1', 'to_stop_id': 'B-1', 'trip_id': '3-1-12', 'agency_name': 'Unknown'}, {'duration': 30, 'departure_time': 10920, 'arrival_time': 10950, 'day': 'current_day', 'from_stop_id': 'B-1', 'to_stop_id': 'B-2', 'trip_id': 'walking', 'agency_name': 'Unknown'}, {'duration': 360, 'departure_time': 11220, 'arrival_time': 11580, 'day': 'current_day', 'from_stop_id': 'B-2', 'to_stop_id': '220-2', 'trip_id': '4-1-12', 'agency_name': 'Unknown'}]}",3107.0
203,157,10800,intra,right,304,[182],[159; 178],1000,751,1000,751,11551,11611.0,12300.0,12360.0,689.0,0.0,182,178,4135.0,14935.0,pt,13111.0,2311.0,"{'duration': 689, 'source_transfer_time': 0, 'waiting_time': 59, 'trip_time': 630, 'num_transfers': 0, 'departure_time': 11611, 'departure_day': 'current_day', 'arrival_time': 12300, 'arrival_day': 'current_day', 'steps': [{'duration': 630, 'departure_time': 11670, 'arrival_time': 12300, 'day': 'current_day', 'from_stop_id': '182-1', 'to_stop_id': '178-1', 'trip_id': '3-1-14', 'agency_name': 'Unknown'}]}",2311.0
196,224,6420,intra,right,305,[178; 198],[181; 220],1000,751,2000,1503,7171,7231.0,7980.0,8040.0,749.0,0.0,198,220,3007.0,9427.0,walking,9543.0,3123.0,"{'duration': 749, 'source_transfer_time': 0, 'waiting_time': 569, 'trip_time': 180, 'num_transfers': 0, 'departure_time': 7231, 'departure_day': 'current_day', 'arrival_time': 7980, 'arrival_day': 'current_day', 'steps': [{'duration': 180, 'departure_time': 7800, 'arrival_time': 7980, 'day': 'current_day', 'from_stop_id': '198-2', 'to_stop_id': '220-2', 'trip_id': '4-1-6', 'agency_name': 'Unknown'}]}",3007.0
196,159,9000,intra,right,306,[178; 198],[159],1000,751,0,0,9751,9811.0,10200.0,10260.0,389.0,0.0,198,159,2255.0,11255.0,pt,10260.0,1260.0,"{'duration': 389, 'source_transfer_time': 0, 'waiting_time': 29, 'trip_time': 360, 'num_transfers': 0, 'departure_time': 9811, 'departure_day': 'current_day', 'arrival_time': 10200, 'arrival_day': 'current_day', 'steps': [{'duration': 360, 'departure_time': 9840, 'arrival_time': 10200, 'day': 'current_day', 'from_stop_id': '198-2', 'to_stop_id': '159-2', 'trip_id': '4-0-10', 'agency_name': 'Unknown'}]}",1260.0
202,129,9750,intra,right,307,[181],[126],1000,751,1500,1127,10501,10561.0,12270.0,12330.0,1709.0,2.0,181,126,3007.0,12757.0,walking,13457.0,3707.0,"{'duration': 1709, 'source_transfer_time': 0, 'waiting_time': 599, 'trip_time': 1110, 'num_transfers': 2, 'departure_time': 10561, 'departure_day': 'current_day', 'arrival_time': 12270, 'arrival_day': 'current_day', 'steps': [{'duration': 360, 'departure_time': 11160, 'arrival_time': 11520, 'day': 'current_day', 'from_stop_id': '181-1', 'to_stop_id': 'B-1', 'trip_id': '3-1-13', 'agency_name': 'Unknown'}, {'duration': 30, 'departure_time': 11520, 'arrival_time': 11550, 'day': 'current_day', 'from_stop_id': 'B-1', 'to_stop_id': 'B-2', 'trip_id': 'walking', 'agency_name': 'Unknown'}, {'duration': 450, 'departure_time': 11820, 'arrival_time': 12270, 'day': 'current_day', 'from_stop_id': 'B-2', 'to_stop_id': '126-2', 'trip_id': '4-0-13', 'agency_name': 'Unknown'}]}",3007.0
144,210,9990,intra,right,308,[176],[209],1500,1127,500,375,11117,11177.0,12690.0,12750.0,1513.0,2.0,176,209,4135.0,14125.0,pt,13125.0,3135.0,"{'duration': 1513, 'source_transfer_time': 0, 'waiting_time': 583, 'trip_time': 930, 'num_transfers': 2, 'departure_time': 11177, 'departure_day': 'current_day', 'arrival_time': 12690, 'arrival_day': 'current_day', 'steps': [{'duration': 360, 'departure_time': 11760, 'arrival_time': 12120, 'day': 'current_day', 'from_stop_id': '176-1', 'to_stop_id': 'B-1', 'trip_id': '3-0-14', 'agency_name': 'Unknown'}, {'duration': 30, 'departure_time': 12120, 'arrival_time': 12150, 'day': 'current_day', 'from_stop_id': 'B-1', 'to_stop_id': 'B-2', 'trip_id': 'walking', 'agency_name': 'Unknown'}, {'duration': 270, 'departure_time': 12420, 'arrival_time': 12690, 'day': 'current_day', 'from_stop_id': 'B-2', 'to_stop_id': '209-2', 'trip_id': '4-1-14', 'agency_name': 'Unknown'}]}",3135.0
226,167,4950,intra,right,309,[175; 231],[177],2500,1879,500,375,6829,6889.0,7650.0,7710.0,761.0,0.0,175,177,3007.0,7957.0,walking,8085.0,3135.0,"{'duration': 761, 'source_transfer_time': 0, 'waiting_time': 581, 'trip_time': 180, 'num_transfers': 0, 'departure_time': 6889, 'departure_day': 'current_day', 'arrival_time': 7650, 'arrival_day': 'current_day', 'steps': [{'duration': 180, 'departure_time': 7470, 'arrival_time': 7650, 'day': 'current_day', 'from_stop_id': '175-1', 'to_stop_id': '177-1', 'trip_id': '3-0-7', 'agency_name': 'Unknown'}]}",3007.0
160,131,11130,intra,right,310,[159],[126; 182],500,375,2500,1879,11505,11565.0,12270.0,12330.0,705.0,0.0,159,126,2631.0,13761.0,walking,14209.0,3079.0,"{'duration': 705, 'source_transfer_time': 0, 'waiting_time': 435, 'trip_time': 270, 'num_transfers': 0, 'departure_time': 11565, 'departure_day': 'current_day', 'arrival_time': 12270, 'arrival_day': 'current_day', 'steps': [{'duration': 270, 'departure_time': 12000, 'arrival_time': 12270, 'day': 'current_day', 'from_stop_id': '159-2', 'to_stop_id': '126-2', 'trip_id': '4-0-13', 'agency_name': 'Unknown'}]}",2631.0
206,212,11250,intra,right,311,[177; 209],[180; 209],1500,1127,1500,1127,12377,12437.0,12990.0,13050.0,553.0,0.0,177,180,2255.0,13505.0,walking,14177.0,2927.0,"{'duration': 553, 'source_transfer_time': 0, 'waiting_time': 13, 'trip_time': 540, 'num_transfers': 0, 'departure_time': 12437, 'departure_day': 'current_day', 'arrival_time': 12990, 'arrival_day': 'current_day', 'steps': [{'duration': 540, 'departure_time': 12450, 'arrival_time': 12990, 'day': 'current_day', 'from_stop_id': '177-1', 'to_stop_id': '180-1', 'trip_id': '3-0-15', 'agency_name': 'Unknown'}]}",2255.0
192,217,4950,intra,right,312,[182],[220],500,375,1500,1127,5325,5385.0,6780.0,6840.0,1395.0,2.0,182,220,4135.0,9085.0,pt,7967.0,3017.0,"{'duration': 1395, 'source_transfer_time': 0, 'waiting_time': 285, 'trip_time': 1110, 'num_transfers': 2, 'departure_time': 5385, 'departure_day': 'current_day', 'arrival_time': 6780, 'arrival_day': 'current_day', 'steps': [{'duration': 450, 'departure_time': 5670, 'arrival_time': 6120, 'day': 'current_day', 'from_stop_id': '182-1', 'to_stop_id': 'B-1', 'trip_id': '3-1-4', 'agency_name': 'Unknown'}, {'duration': 30, 'departure_time': 6120, 'arrival_time': 6150, 'day': 'current_day', 'from_stop_id': 'B-1', 'to_stop_id': 'B-2', 'trip_id': 'walking', 'agency_name': 'Unknown'}, {'duration': 360, 'departure_time': 6420, 'arrival_time': 6780, 'day': 'current_day', 'from_stop_id': 'B-2', 'to_stop_id': '220-2', 'trip_id': '4-1-4', 'agency_name': 'Unknown'}]}",3017.0
213,177,7470,intra,right,313,[181],[177],1500,1127,0,0,8597,8657.0,9390.0,9450.0,733.0,0.0,181,177,3759.0,11229.0,pt,9450.0,1980.0,"{'duration': 733, 'source_transfer_time': 0, 'waiting_time': 103, 'trip_time': 630, 'num_transfers': 0, 'departure_time': 8657, 'departure_day': 'current_day', 'arrival_time': 9390, 'arrival_day': 'current_day', 'steps': [{'duration': 630, 'departure_time': 8760, 'arrival_time': 9390, 'day': 'current_day', 'from_stop_id': '181-1', 'to_stop_id': '177-1', 'trip_id': '3-1-9', 'agency_name': 'Unknown'}]}",1980.0
161,123,13020,intra,right,314,[159; 179],[126],1000,751,1500,1127,13771,13831.0,14670.0,14730.0,839.0,0.0,159,126,3007.0,16027.0,pt,15857.0,2837.0,"{'duration': 839, 'source_transfer_time': 0, 'waiting_time': 569, 'trip_time': 270, 'num_transfers': 0, 'departure_time': 13831, 'departure_day': 'current_day', 'arrival_time': 14670, 'arrival_day': 'current_day', 'steps': [{'duration': 270, 'departure_time': 14400, 'arrival_time': 14670, 'day': 'current_day', 'from_stop_id': '159-2', 'to_stop_id': '126-2', 'trip_id': '4-0-17', 'agency_name': 'Unknown'}]}",2837.0
221,185,8520,intra,right,315,[220],[177],500,375,500,375,8895,8955.0,9990.0,10050.0,1035.0,2.0,220,177,2631.0,11151.0,pt,10425.0,1905.0,"{'duration': 1035, 'source_transfer_time': 0, 'waiting_time': 105, 'trip_time': 930, 'num_transfers': 2, 'departure_time': 8955, 'departure_day': 'current_day', 'arrival_time': 9990, 'arrival_day': 'current_day', 'steps': [{'duration': 360, 'departure_time': 9060, 'arrival_time': 9420, 'day': 'current_day', 'from_stop_id': '220-2', 'to_stop_id': 'B-2', 'trip_id': '4-0-9', 'agency_name': 'Unknown'}, {'duration': 30, 'departure_time': 9420, 'arrival_time': 9450, 'day': 'current_day', 'from_stop_id': 'B-2', 'to_stop_id': 'B-1', 'trip_id': 'walking', 'agency_name': 'Unknown'}, {'duration': 270, 'departure_time': 9720, 'arrival_time': 9990, 'day': 'current_day', 'from_stop_id': 'B-1', 'to_stop_id': '177-1', 'trip_id': '3-1-10', 'agency_name': 'Unknown'}]}",1905.0
123,142,13950,intra,right,316,[126],[182],1500,1127,2000,1503,15077,15137.0,16770.0,16830.0,1633.0,2.0,126,182,3383.0,17333.0,walking,18333.0,4383.0,"{'duration': 1633, 'source_transfer_time': 0, 'waiting_time': 433, 'trip_time': 1200, 'num_transfers': 2, 'departure_time': 15137, 'departure_day': 'current_day', 'arrival_time': 16770, 'arrival_day': 'current_day', 'steps': [{'duration': 450, 'departure_time': 15570, 'arrival_time': 16020, 'day': 'current_day', 'from_stop_id': '126-2', 'to_stop_id': 'B-2', 'trip_id': '4-1-20', 'agency_name': 'Unknown'}, {'duration': 30, 'departure_time': 16020, 'arrival_time': 16050, 'day': 'current_day', 'from_stop_id': 'B-2', 'to_stop_id': 'B-1', 'trip_id': 'walking', 'agency_name': 'Unknown'}, {'duration': 450, 'departure_time': 16320, 'arrival_time': 16770, 'day': 'current_day', 'from_stop_id': 'B-1', 'to_stop_id': '182-1', 'trip_id': '3-0-21', 'agency_name': 'Unknown'}]}",3383.0
164,216,11250,intra,right,317,[182],[176; 220],1000,751,2000,1503,12001,12061.0,13080.0,13140.0,1019.0,0.0,182,176,5639.0,16889.0,pt,14643.0,3393.0,"{'duration': 1019, 'source_transfer_time': 0, 'waiting_time': 209, 'trip_time': 810, 'num_transfers': 0, 'departure_time': 12061, 'departure_day': 'current_day', 'arrival_time': 13080, 'arrival_day': 'current_day', 'steps': [{'duration': 810, 'departure_time': 12270, 'arrival_time': 13080, 'day': 'current_day', 'from_stop_id': '182-1', 'to_stop_id': '176-1', 'trip_id': '3-1-15', 'agency_name': 'Unknown'}]}",3393.0
235,124,5070,intra,right,318,[231],[126],2000,1503,1000,751,6573,6633.0,8070.0,8130.0,1437.0,0.0,231,126,6015.0,11085.0,pt,8881.0,3811.0,"{'duration': 1437, 'source_transfer_time': 0, 'waiting_time': 537, 'trip_time': 900, 'num_transfers': 0, 'departure_time': 6633, 'departure_day': 'current_day', 'arrival_time': 8070, 'arrival_day': 'current_day', 'steps': [{'duration': 900, 'departure_time': 7170, 'arrival_time': 8070, 'day': 'current_day', 'from_stop_id': '231-2', 'to_stop_id': '126-2', 'trip_id': '4-0-6', 'agency_name': 'Unknown'}]}",3811.0
148,205,4980,intra,right,319,[148],[176],0,0,1500,1127,4980,5040.0,6480.0,6540.0,1440.0,2.0,148,176,3759.0,8739.0,pt,7667.0,2687.0,"{'duration': 1440, 'source_transfer_time': 0, 'waiting_time': 510, 'trip_time': 930, 'num_transfers': 2, 'departure_time': 5040, 'departure_day': 'current_day', 'arrival_time': 6480, 'arrival_day': 'current_day', 'steps': [{'duration': 270, 'departure_time': 5550, 'arrival_time': 5820, 'day': 'current_day', 'from_stop_id': '148-2', 'to_stop_id': 'B-2', 'trip_id': '4-1-3', 'agency_name': 'Unknown'}, {'duration': 30, 'departure_time': 5820, 'arrival_time': 5850, 'day': 'current_day', 'from_stop_id': 'B-2', 'to_stop_id': 'B-1', 'trip_id': 'walking', 'agency_name': 'Unknown'}, {'duration': 360, 'departure_time': 6120, 'arrival_time': 6480, 'day': 'current_day', 'from_stop_id': 'B-1', 'to_stop_id': '176-1', 'trip_id': '3-1-4', 'agency_name': 'Unknown'}]}",2687.0
197,121,6060,intra,right,320,[198],[126; 175],500,375,2500,1879,6435,6495.0,7470.0,7530.0,975.0,0.0,198,126,4135.0,10195.0,pt,9409.0,3349.0,"{'duration': 975, 'source_transfer_time': 0, 'waiting_time': 345, 'trip_time': 630, 'num_transfers': 0, 'departure_time': 6495, 'departure_day': 'current_day', 'arrival_time': 7470, 'arrival_day': 'current_day', 'steps': [{'duration': 630, 'departure_time': 6840, 'arrival_time': 7470, 'day': 'current_day', 'from_stop_id': '198-2', 'to_stop_id': '126-2', 'trip_id': '4-0-5', 'agency_name': 'Unknown'}]}",3349.0
224,144,9810,intra,right,321,[181; 220],[176],2000,1503,1500,1127,11313,11373.0,12480.0,12540.0,1107.0,0.0,181,176,5639.0,15449.0,pt,13667.0,3857.0,"{'duration': 1107, 'source_transfer_time': 0, 'waiting_time': 387, 'trip_time': 720, 'num_transfers': 0, 'departure_time': 11373, 'departure_day': 'current_day', 'arrival_time': 12480, 'arrival_day': 'current_day', 'steps': [{'duration': 720, 'departure_time': 11760, 'arrival_time': 12480, 'day': 'current_day', 'from_stop_id': '181-1', 'to_stop_id': '176-1', 'trip_id': '3-1-14', 'agency_name': 'Unknown'}]}",3857.0
184,121,5310,intra,right,322,[176],[126; 175],500,375,2500,1879,5685,5745.0,5970.0,6030.0,225.0,0.0,176,175,2631.0,7941.0,pt,7909.0,2599.0,"{'duration': 225, 'source_transfer_time': 0, 'waiting_time': 135, 'trip_time': 90, 'num_transfers': 0, 'departure_time': 5745, 'departure_day': 'current_day', 'arrival_time': 5970, 'arrival_day': 'current_day', 'steps': [{'duration': 90, 'departure_time': 5880, 'arrival_time': 5970, 'day': 'current_day', 'from_stop_id': '176-1', 'to_stop_id': '175-1', 'trip_id': '3-1-3', 'agency_name': 'Unknown'}]}",2599.0
227,199,8460,intra,right,323,[231],[198],2000,1503,500,375,9963,10023.0,10440.0,10500.0,417.0,0.0,231,198,3007.0,11467.0,pt,10875.0,2415.0,"{'duration': 417, 'source_transfer_time': 0, 'waiting_time': 147, 'trip_time': 270, 'num_transfers': 0, 'departure_time': 10023, 'departure_day': 'current_day', 'arrival_time': 10440, 'arrival_day': 'current_day', 'steps': [{'duration': 270, 'departure_time': 10170, 'arrival_time': 10440, 'day': 'current_day', 'from_stop_id': '231-2', 'to_stop_id': '198-2', 'trip_id': '4-0-11', 'agency_name': 'Unknown'}]}",2415.0
178,222,10140,intra,right,324,[178],[220],0,0,1000,751,10140,10200.0,11580.0,11640.0,1380.0,2.0,178,220,3007.0,13147.0,pt,12391.0,2251.0,"{'duration': 1380, 'source_transfer_time': 0, 'waiting_time': 540, 'trip_time': 840, 'num_transfers': 2, 'departure_time': 10200, 'departure_day': 'current_day', 'arrival_time': 11580, 'arrival_day': 'current_day', 'steps': [{'duration': 180, 'departure_time': 10740, 'arrival_time': 10920, 'day': 'current_day', 'from_stop_id': '178-1', 'to_stop_id': 'B-1', 'trip_id': '3-0-12', 'agency_name': 'Unknown'}, {'duration': 30, 'departure_time': 10920, 'arrival_time': 10950, 'day': 'current_day', 'from_stop_id': 'B-1', 'to_stop_id': 'B-2', 'trip_id': 'walking', 'agency_name': 'Unknown'}, {'duration': 360, 'departure_time': 11220, 'arrival_time': 11580, 'day': 'current_day', 'from_stop_id': 'B-2', 'to_stop_id': '220-2', 'trip_id': '4-1-12', 'agency_name': 'Unknown'}]}",2251.0
145,214,8010,intra,right,325,[148; 177],[182],1500,1127,1500,1127,9137,9197.0,10170.0,10230.0,973.0,0.0,177,182,5263.0,13273.0,pt,11357.0,3347.0,"{'duration': 973, 'source_transfer_time': 0, 'waiting_time': 253, 'trip_time': 720, 'num_transfers': 0, 'departure_time': 9197, 'departure_day': 'current_day', 'arrival_time': 10170, 'arrival_day': 'current_day', 'steps': [{'duration': 720, 'departure_time': 9450, 'arrival_time': 10170, 'day': 'current_day', 'from_stop_id': '177-1', 'to_stop_id': '182-1', 'trip_id': '3-0-10', 'agency_name': 'Unknown'}]}",3347.0
240,229,4470,intra,right,326,[240],[231],0,0,1000,751,4470,4530.0,5070.0,5130.0,540.0,0.0,240,231,2255.0,6725.0,pt,5881.0,1411.0,"{'duration': 540, 'source_transfer_time': 0, 'waiting_time': 180, 'trip_time': 360, 'num_transfers': 0, 'departure_time': 4530, 'departure_day': 'current_day', 'arrival_time': 5070, 'arrival_day': 'current_day', 'steps': [{'duration': 360, 'departure_time': 4710, 'arrival_time': 5070, 'day': 'current_day', 'from_stop_id': '240-2', 'to_stop_id': '231-2', 'trip_id': '4-1-1', 'agency_name': 'Unknown'}]}",1411.0
240,217,13050,intra,right,327,[240],[220],0,0,1500,1127,13050,13110.0,13380.0,13440.0,270.0,0.0,240,220,2255.0,15305.0,pt,14567.0,1517.0,"{'duration': 270, 'source_transfer_time': 0, 'waiting_time': 0, 'trip_time': 270, 'num_transfers': 0, 'departure_time': 13110, 'departure_day': 'current_day', 'arrival_time': 13380, 'arrival_day': 'current_day', 'steps': [{'duration': 270, 'departure_time': 13110, 'arrival_time': 13380, 'day': 'current_day', 'from_stop_id': '240-2', 'to_stop_id': '220-2', 'trip_id': '4-1-15', 'agency_name': 'Unknown'}]}",1517.0
123,206,9030,intra,right,328,[126],[177; 209],1500,1127,1500,1127,10157,10217.0,11490.0,11550.0,1273.0,0.0,126,209,3007.0,12037.0,walking,12677.0,3647.0,"{'duration': 1273, 'source_transfer_time': 0, 'waiting_time': 553, 'trip_time': 720, 'num_transfers': 0, 'departure_time': 10217, 'departure_day': 'current_day', 'arrival_time': 11490, 'arrival_day': 'current_day', 'steps': [{'duration': 720, 'departure_time': 10770, 'arrival_time': 11490, 'day': 'current_day', 'from_stop_id': '126-2', 'to_stop_id': '209-2', 'trip_id': '4-1-12', 'agency_name': 'Unknown'}]}",3007.0
213,219,8640,intra,right,329,[181],[220],1500,1127,500,375,9767,9827.0,10980.0,11040.0,1153.0,2.0,181,220,2255.0,10895.0,walking,11415.0,2775.0,"{'duration': 1153, 'source_transfer_time': 0, 'waiting_time': 133, 'trip_time': 1020, 'num_transfers': 2, 'departure_time': 9827, 'departure_day': 'current_day', 'arrival_time': 10980, 'arrival_day': 'current_day', 'steps': [{'duration': 360, 'departure_time': 9960, 'arrival_time': 10320, 'day': 'current_day', 'from_stop_id': '181-1', 'to_stop_id': 'B-1', 'trip_id': '3-1-11', 'agency_name': 'Unknown'}, {'duration': 30, 'departure_time': 10320, 'arrival_time': 10350, 'day': 'current_day', 'from_stop_id': 'B-1', 'to_stop_id': 'B-2', 'trip_id': 'walking', 'agency_name': 'Unknown'}, {'duration': 360, 'departure_time': 10620, 'arrival_time': 10980, 'day': 'current_day', 'from_stop_id': 'B-2', 'to_stop_id': '220-2', 'trip_id': '4-1-11', 'agency_name': 'Unknown'}]}",2255.0
144,53,7800,inter,right,330,[176],[61],1500,1127,500,375,8927,8987.0,13170.0,13230.0,4183.0,4.0,176,61,,,pt,13605.0,5805.0,"{'duration': 4183, 'source_transfer_time': 0, 'waiting_time': 373, 'trip_time': 3810, 'num_transfers': 4, 'departure_time': 8987, 'departure_day': 'current_day', 'arrival_time': 13170, 'arrival_day': 'current_day', 'steps': [{'duration': 360, 'departure_time': 9360, 'arrival_time': 9720, 'day': 'current_day', 'from_stop_id': '176-1', 'to_stop_id': 'B-1', 'trip_id': '3-0-10', 'agency_name': 'Unknown'}, {'duration': 30, 'departure_time': 9720, 'arrival_time': 9750, 'day': 'current_day', 'from_stop_id': 'B-1', 'to_stop_id': 'B-0', 'trip_id': 'walking', 'agency_name': 'Unknown'}, {'duration': 1800, 'departure_time': 10500, 'arrival_time': 12300, 'day': 'current_day', 'from_stop_id': 'B-0', 'to_stop_id': 'A-0', 'trip_id': 'IE-7-1', 'agency_name': 'Unknown'}, {'duration': 30, 'departure_time': 12300, 'arrival_time': 12330, 'day': 'current_day', 'from_stop_id': 'A-0', 'to_stop_id': 'A-1', 'trip_id': 'walking', 'agency_name': 'Unknown'}, {'duration': 450, 'departure_time': 12720, 'arrival_time': 13170, 'day': 'current_day', 'from_stop_id': 'A-1', 'to_stop_id': '61-1', 'trip_id': '1-0-15', 'agency_name': 'Unknown'}]}",5805.0
165,83,6840,inter,right,331,[175],[54],500,375,1500,1127,7215,7275.0,11370.0,11430.0,4095.0,4.0,175,54,,,pt,12557.0,5717.0,"{'duration': 4095, 'source_transfer_time': 0, 'waiting_time': 195, 'trip_time': 3900, 'num_transfers': 4, 'departure_time': 7275, 'departure_day': 'current_day', 'arrival_time': 11370, 'arrival_day': 'current_day', 'steps': [{'duration': 450, 'departure_time': 7470, 'arrival_time': 7920, 'day': 'current_day', 'from_stop_id': '175-1', 'to_stop_id': 'B-1', 'trip_id': '3-0-7', 'agency_name': 'Unknown'}, {'duration': 30, 'departure_time': 7920, 'arrival_time': 7950, 'day': 'current_day', 'from_stop_id': 'B-1', 'to_stop_id': 'B-0', 'trip_id': 'walking', 'agency_name': 'Unknown'}, {'duration': 1800, 'departure_time': 9000, 'arrival_time': 10800, 'day': 'current_day', 'from_stop_id': 'B-0', 'to_stop_id': 'A-0', 'trip_id': 'IE-6-1', 'agency_name': 'Unknown'}, {'duration': 30, 'departure_time': 10800, 'arrival_time': 10830, 'day': 'current_day', 'from_stop_id': 'A-0', 'to_stop_id': 'A-1', 'trip_id': 'walking', 'agency_name': 'Unknown'}, {'duration': 450, 'departure_time': 10920, 'arrival_time': 11370, 'day': 'current_day', 'from_stop_id': 'A-1', 'to_stop_id': '54-1', 'trip_id': '1-1-12', 'agency_name': 'Unknown'}]}",5717.0
146,45,7620,inter,right,332,[148],[55],1000,751,500,375,8371,8431.0,11280.0,11340.0,2849.0,4.0,148,55,,,pt,11715.0,4095.0,"{'duration': 2849, 'source_transfer_time': 0, 'waiting_time': 119, 'trip_time': 2730, 'num_transfers': 4, 'departure_time': 8431, 'departure_day': 'current_day', 'arrival_time': 11280, 'arrival_day': 'current_day', 'steps': [{'duration': 270, 'departure_time': 8550, 'arrival_time': 8820, 'day': 'current_day', 'from_stop_id': '148-2', 'to_stop_id': 'B-2', 'trip_id': '4-1-8', 'agency_name': 'Unknown'}, {'duration': 30, 'departure_time': 8820, 'arrival_time': 8850, 'day': 'current_day', 'from_stop_id': 'B-2', 'to_stop_id': 'B-0', 'trip_id': 'walking', 'agency_name': 'Unknown'}, {'duration': 1800, 'departure_time': 9000, 'arrival_time': 10800, 'day': 'current_day', 'from_stop_id': 'B-0', 'to_stop_id': 'A-0', 'trip_id': 'IE-6-1', 'agency_name': 'Unknown'}, {'duration': 30, 'departure_time': 10800, 'arrival_time': 10830, 'day': 'current_day', 'from_stop_id': 'A-0', 'to_stop_id': 'A-1', 'trip_id': 'walking', 'agency_name': 'Unknown'}, {'duration': 360, 'departure_time': 10920, 'arrival_time': 11280, 'day': 'current_day', 'from_stop_id': 'A-1', 'to_stop_id': '55-1', 'trip_id': '1-1-12', 'agency_name': 'Unknown'}]}",4095.0
126,84,10800,inter,right,333,[126],[55],0,0,1500,1127,10800,10860.0,14280.0,14340.0,3420.0,4.0,126,55,,,pt,15467.0,4667.0,"{'duration': 3420, 'source_transfer_time': 0, 'waiting_time': 510, 'trip_time': 2910, 'num_transfers': 4, 'departure_time': 10860, 'departure_day': 'current_day', 'arrival_time': 14280, 'arrival_day': 'current_day', 'steps': [{'duration': 450, 'departure_time': 11370, 'arrival_time': 11820, 'day': 'current_day', 'from_stop_id': '126-2', 'to_stop_id': 'B-2', 'trip_id': '4-1-13', 'agency_name': 'Unknown'}, {'duration': 30, 'departure_time': 11820, 'arrival_time': 11850, 'day': 'current_day', 'from_stop_id': 'B-2', 'to_stop_id': 'B-0', 'trip_id': 'walking', 'agency_name': 'Unknown'}, {'duration': 1800, 'departure_time': 12000, 'arrival_time': 13800, 'day': 'current_day', 'from_stop_id': 'B-0', 'to_stop_id': 'A-0', 'trip_id': 'IE-8-1', 'agency_name': 'Unknown'}, {'duration': 30, 'departure_time': 13800, 'arrival_time': 13830, 'day': 'current_day', 'from_stop_id': 'A-0', 'to_stop_id': 'A-1', 'trip_id': 'walking', 'agency_name': 'Unknown'}, {'duration': 360, 'departure_time': 13920, 'arrival_time': 14280, 'day': 'current_day', 'from_stop_id': 'A-1', 'to_stop_id': '55-1', 'trip_id': '1-1-17', 'agency_name': 'Unknown'}]}",4667.0
165,46,9420,inter,right,334,[175],[56],500,375,500,375,9795,9855.0,12990.0,13050.0,3135.0,4.0,175,56,,,pt,13425.0,4005.0,"{'duration': 3135, 'source_transfer_time': 0, 'waiting_time': 15, 'trip_time': 3120, 'num_transfers': 4, 'departure_time': 9855, 'departure_day': 'current_day', 'arrival_time': 12990, 'arrival_day': 'current_day', 'steps': [{'duration': 450, 'departure_time': 9870, 'arrival_time': 10320, 'day': 'current_day', 'from_stop_id': '175-1', 'to_stop_id': 'B-1', 'trip_id': '3-0-11', 'agency_name': 'Unknown'}, {'duration': 30, 'departure_time': 10320, 'arrival_time': 10350, 'day': 'current_day', 'from_stop_id': 'B-1', 'to_stop_id': 'B-0', 'trip_id': 'walking', 'agency_name': 'Unknown'}, {'duration': 1800, 'departure_time': 10500, 'arrival_time': 12300, 'day': 'current_day', 'from_stop_id': 'B-0', 'to_stop_id': 'A-0', 'trip_id': 'IE-7-1', 'agency_name': 'Unknown'}, {'duration': 30, 'departure_time': 12300, 'arrival_time': 12330, 'day': 'current_day', 'from_stop_id': 'A-0', 'to_stop_id': 'A-1', 'trip_id': 'walking', 'agency_name': 'Unknown'}, {'duration': 270, 'departure_time': 12720, 'arrival_time': 12990, 'day': 'current_day', 'from_stop_id': 'A-1', 'to_stop_id': '56-1', 'trip_id': '1-1-15', 'agency_name': 'Unknown'}]}",4005.0
127,42,12780,inter,right,335,[126],[60],500,375,1000,751,13155,13215.0,17280.0,17340.0,4065.0,4.0,126,60,,,pt,18091.0,5311.0,"{'duration': 4065, 'source_transfer_time': 0, 'waiting_time': 555, 'trip_time': 3510, 'num_transfers': 4, 'departure_time': 13215, 'departure_day': 'current_day', 'arrival_time': 17280, 'arrival_day': 'current_day', 'steps': [{'duration': 450, 'departure_time': 13770, 'arrival_time': 14220, 'day': 'current_day', 'from_stop_id': '126-2', 'to_stop_id': 'B-2', 'trip_id': '4-1-17', 'agency_name': 'Unknown'}, {'duration': 30, 'departure_time': 14220, 'arrival_time': 14250, 'day': 'current_day', 'from_stop_id': 'B-2', 'to_stop_id': 'B-0', 'trip_id': 'walking', 'agency_name': 'Unknown'}, {'duration': 1800, 'departure_time': 15000, 'arrival_time': 16800, 'day': 'current_day', 'from_stop_id': 'B-0', 'to_stop_id': 'A-0', 'trip_id': 'IE-10-1', 'agency_name': 'Unknown'}, {'duration': 30, 'departure_time': 16800, 'arrival_time': 16830, 'day': 'current_day', 'from_stop_id': 'A-0', 'to_stop_id': 'A-1', 'trip_id': 'walking', 'agency_name': 'Unknown'}, {'duration': 360, 'departure_time': 16920, 'arrival_time': 17280, 'day': 'current_day', 'from_stop_id': 'A-1', 'to_stop_id': '60-1', 'trip_id': '1-0-22', 'agency_name': 'Unknown'}]}",5311.0
223,0,3780,inter,right,336,[220],[5; 54],1500,1127,2500,1879,4907,4967.0,8370.0,8430.0,3403.0,4.0,220,54,,,pt,10309.0,6529.0,"{'duration': 3403, 'source_transfer_time': 0, 'waiting_time': 493, 'trip_time': 2910, 'num_transfers': 4, 'departure_time': 4967, 'departure_day': 'current_day', 'arrival_time': 8370, 'arrival_day': 'current_day', 'steps': [{'duration': 360, 'departure_time': 5460, 'arrival_time': 5820, 'day': 'current_day', 'from_stop_id': '220-2', 'to_stop_id': 'B-2', 'trip_id': '4-0-3', 'agency_name': 'Unknown'}, {'duration': 30, 'departure_time': 5820, 'arrival_time': 5850, 'day': 'current_day', 'from_stop_id': 'B-2', 'to_stop_id': 'B-0', 'trip_id': 'walking', 'agency_name': 'Unknown'}, {'duration': 1800, 'departure_time': 6000, 'arrival_time': 7800, 'day': 'current_day', 'from_stop_id': 'B-0', 'to_stop_id': 'A-0', 'trip_id': 'IE-4-1', 'agency_name': 'Unknown'}, {'duration': 30, 'departure_time': 7800, 'arrival_time': 7830, 'day': 'current_day', 'from_stop_id': 'A-0', 'to_stop_id': 'A-1', 'trip_id': 'walking', 'agency_name': 'Unknown'}, {'duration': 450, 'departure_time': 7920, 'arrival_time': 8370, 'day': 'current_day', 'from_stop_id': 'A-1', 'to_stop_id': '54-1', 'trip_id': '1-1-7', 'agency_name': 'Unknown'}]}",6529.0
147,57,5850,inter,right,337,[148],[57],500,375,0,0,6225,6285.0,9900.0,9960.0,3615.0,4.0,148,57,,,pt,9960.0,4110.0,"{'duration': 3615, 'source_transfer_time': 0, 'waiting_time': 465, 'trip_time': 3150, 'num_transfers': 4, 'departure_time': 6285, 'departure_day': 'current_day', 'arrival_time': 9900, 'arrival_day': 'current_day', 'steps': [{'duration': 270, 'departure_time': 6750, 'arrival_time': 7020, 'day': 'current_day', 'from_stop_id': '148-2', 'to_stop_id': 'B-2', 'trip_id': '4-1-5', 'agency_name': 'Unknown'}, {'duration': 30, 'departure_time': 7020, 'arrival_time': 7050, 'day': 'current_day', 'from_stop_id': 'B-2', 'to_stop_id': 'B-0', 'trip_id': 'walking', 'agency_name': 'Unknown'}, {'duration': 1800, 'departure_time': 7500, 'arrival_time': 9300, 'day': 'current_day', 'from_stop_id': 'B-0', 'to_stop_id': 'A-0', 'trip_id': 'IE-5-1', 'agency_name': 'Unknown'}, {'duration': 30, 'departure_time': 9300, 'arrival_time': 9330, 'day': 'current_day', 'from_stop_id': 'A-0', 'to_stop_id': 'A-1', 'trip_id': 'walking', 'agency_name': 'Unknown'}, {'duration': 180, 'departure_time': 9720, 'arrival_time': 9900, 'day': 'current_day', 'from_stop_id': 'A-1', 'to_stop_id': '57-1', 'trip_id': '1-1-10', 'agency_name': 'Unknown'}]}",4110.0
193,61,5490,inter,right,338,[175],[61],1000,751,0,0,6241,6301.0,10170.0,10230.0,3869.0,4.0,175,61,,,pt,10230.0,4740.0,"{'duration': 3869, 'source_transfer_time': 0, 'waiting_time': 569, 'trip_time': 3300, 'num_transfers': 4, 'departure_time': 6301, 'departure_day': 'current_day', 'arrival_time': 10170, 'arrival_day': 'current_day', 'steps': [{'duration': 450, 'departure_time': 6870, 'arrival_time': 7320, 'day': 'current_day', 'from_stop_id': '175-1', 'to_stop_id': 'B-1', 'trip_id': '3-0-6', 'agency_name': 'Unknown'}, {'duration': 30, 'departure_time': 7320, 'arrival_time': 7350, 'day': 'current_day', 'from_stop_id': 'B-1', 'to_stop_id': 'B-0', 'trip_id': 'walking', 'agency_name': 'Unknown'}, {'duration': 1800, 'departure_time': 7500, 'arrival_time': 9300, 'day': 'current_day', 'from_stop_id': 'B-0', 'to_stop_id': 'A-0', 'trip_id': 'IE-5-1', 'agency_name': 'Unknown'}, {'duration': 30, 'departure_time': 9300, 'arrival_time': 9330, 'day': 'current_day', 'from_stop_id': 'A-0', 'to_stop_id': 'A-1', 'trip_id': 'walking', 'agency_name': 'Unknown'}, {'duration': 450, 'departure_time': 9720, 'arrival_time': 10170, 'day': 'current_day', 'from_stop_id': 'A-1', 'to_stop_id': '61-1', 'trip_id': '1-0-10', 'agency_name': 'Unknown'}]}",4740.0
175,31,10440,inter,right,339,[175],[60],0,0,1500,1127,10440,10500.0,14280.0,14340.0,3780.0,4.0,175,60,,,pt,15467.0,5027.0,"{'duration': 3780, 'source_transfer_time': 0, 'waiting_time': 570, 'trip_time': 3210, 'num_transfers': 4, 'departure_time': 10500, 'departure_day': 'current_day', 'arrival_time': 14280, 'arrival_day': 'current_day', 'steps': [{'duration': 450, 'departure_time': 11070, 'arrival_time': 11520, 'day': 'current_day', 'from_stop_id': '175-1', 'to_stop_id': 'B-1', 'trip_id': '3-0-13', 'agency_name': 'Unknown'}, {'duration': 30, 'departure_time': 11520, 'arrival_time': 11550, 'day': 'current_day', 'from_stop_id': 'B-1', 'to_stop_id': 'B-0', 'trip_id': 'walking', 'agency_name': 'Unknown'}, {'duration': 1800, 'departure_time': 12000, 'arrival_time': 13800, 'day': 'current_day', 'from_stop_id': 'B-0', 'to_stop_id': 'A-0', 'trip_id': 'IE-8-1', 'agency_name': 'Unknown'}, {'duration': 30, 'departure_time': 13800, 'arrival_time': 13830, 'day': 'current_day', 'from_stop_id': 'A-0', 'to_stop_id': 'A-1', 'trip_id': 'walking', 'agency_name': 'Unknown'}, {'duration': 360, 'departure_time': 13920, 'arrival_time': 14280, 'day': 'current_day', 'from_stop_id': 'A-1', 'to_stop_id': '60-1', 'trip_id': '1-0-17', 'agency_name': 'Unknown'}]}",5027.0
233,33,9300,inter,right,340,[231],[54],1000,751,1000,751,10051,10111.0,14370.0,14430.0,4259.0,4.0,231,54,,,pt,15181.0,5881.0,"{'duration': 4259, 'source_transfer_time': 0, 'waiting_time': 59, 'trip_time': 4200, 'num_transfers': 4, 'departure_time': 10111, 'departure_day': 'current_day', 'arrival_time': 14370, 'arrival_day': 'current_day', 'steps': [{'duration': 450, 'departure_time': 10170, 'arrival_time': 10620, 'day': 'current_day', 'from_stop_id': '231-2', 'to_stop_id': 'B-2', 'trip_id': '4-0-11', 'agency_name': 'Unknown'}, {'duration': 30, 'departure_time': 10620, 'arrival_time': 10650, 'day': 'current_day', 'from_stop_id': 'B-2', 'to_stop_id': 'B-0', 'trip_id': 'walking', 'agency_name': 'Unknown'}, {'duration': 1800, 'departure_time': 12000, 'arrival_time': 13800, 'day': 'current_day', 'from_stop_id': 'B-0', 'to_stop_id': 'A-0', 'trip_id': 'IE-8-1', 'agency_name': 'Unknown'}, {'duration': 30, 'departure_time': 13800, 'arrival_time': 13830, 'day': 'current_day', 'from_stop_id': 'A-0', 'to_stop_id': 'A-1', 'trip_id': 'walking', 'agency_name': 'Unknown'}, {'duration': 450, 'departure_time': 13920, 'arrival_time': 14370, 'day': 'current_day', 'from_stop_id': 'A-1', 'to_stop_id': '54-1', 'trip_id': '1-1-17', 'agency_name': 'Unknown'}]}",5881.0
125,3,11040,inter,right,341,[126],[5],500,375,1000,751,11415,11475.0,15870.0,15930.0,4395.0,4.0,126,5,,,pt,16681.0,5641.0,"{'duration': 4395, 'source_transfer_time': 0, 'waiting_time': 495, 'trip_time': 3900, 'num_transfers': 4, 'departure_time': 11475, 'departure_day': 'current_day', 'arrival_time': 15870, 'arrival_day': 'current_day', 'steps': [{'duration': 450, 'departure_time': 11970, 'arrival_time': 12420, 'day': 'current_day', 'from_stop_id': '126-2', 'to_stop_id': 'B-2', 'trip_id': '4-1-14', 'agency_name': 'Unknown'}, {'duration': 30, 'departure_time': 12420, 'arrival_time': 12450, 'day': 'current_day', 'from_stop_id': 'B-2', 'to_stop_id': 'B-0', 'trip_id': 'walking', 'agency_name': 'Unknown'}, {'duration': 1800, 'departure_time': 13500, 'arrival_time': 15300, 'day': 'current_day', 'from_stop_id': 'B-0', 'to_stop_id': 'A-0', 'trip_id': 'IE-9-1', 'agency_name': 'Unknown'}, {'duration': 30, 'departure_time': 15300, 'arrival_time': 15330, 'day': 'current_day', 'from_stop_id': 'A-0', 'to_stop_id': 'A-2', 'trip_id': 'walking', 'agency_name': 'Unknown'}, {'duration': 450, 'departure_time': 15420, 'arrival_time': 15870, 'day': 'current_day', 'from_stop_id': 'A-2', 'to_stop_id': '5-2', 'trip_id': '2-0-19', 'agency_name': 'Unknown'}]}",5641.0
140,10,14220,inter,right,342,[137],[5; 61],1500,1127,2500,1879,15347,15407.0,18870.0,18930.0,3463.0,4.0,137,5,,,pt,20809.0,6589.0,"{'duration': 3463, 'source_transfer_time': 0, 'waiting_time': 253, 'trip_time': 3210, 'num_transfers': 4, 'departure_time': 15407, 'departure_day': 'current_day', 'arrival_time': 18870, 'arrival_day': 'current_day', 'steps': [{'duration': 360, 'departure_time': 15660, 'arrival_time': 16020, 'day': 'current_day', 'from_stop_id': '137-2', 'to_stop_id': 'B-2', 'trip_id': '4-1-20', 'agency_name': 'Unknown'}, {'duration': 30, 'departure_time': 16020, 'arrival_time': 16050, 'day': 'current_day', 'from_stop_id': 'B-2', 'to_stop_id': 'B-0', 'trip_id': 'walking', 'agency_name': 'Unknown'}, {'duration': 1800, 'departure_time': 16500, 'arrival_time': 18300, 'day': 'current_day', 'from_stop_id': 'B-0', 'to_stop_id': 'A-0', 'trip_id': 'IE-11-1', 'agency_name': 'Unknown'}, {'duration': 30, 'departure_time': 18300, 'arrival_time': 18330, 'day': 'current_day', 'from_stop_id': 'A-0', 'to_stop_id': 'A-2', 'trip_id': 'walking', 'agency_name': 'Unknown'}, {'duration': 450, 'departure_time': 18420, 'arrival_time': 18870, 'day': 'current_day', 'from_stop_id': 'A-2', 'to_stop_id': '5-2', 'trip_id': '2-0-24', 'agency_name': 'Unknown'}]}",6589.0
139,70,10110,inter,right,343,[137],[60],1000,751,500,375,10861,10921.0,14280.0,14340.0,3359.0,4.0,137,60,,,pt,14715.0,4605.0,"{'duration': 3359, 'source_transfer_time': 0, 'waiting_time': 539, 'trip_time': 2820, 'num_transfers': 4, 'departure_time': 10921, 'departure_day': 'current_day', 'arrival_time': 14280, 'arrival_day': 'current_day', 'steps': [{'duration': 360, 'departure_time': 11460, 'arrival_time': 11820, 'day': 'current_day', 'from_stop_id': '137-2', 'to_stop_id': 'B-2', 'trip_id': '4-1-13', 'agency_name': 'Unknown'}, {'duration': 30, 'departure_time': 11820, 'arrival_time': 11850, 'day': 'current_day', 'from_stop_id': 'B-2', 'to_stop_id': 'B-0', 'trip_id': 'walking', 'agency_name': 'Unknown'}, {'duration': 1800, 'departure_time': 12000, 'arrival_time': 13800, 'day': 'current_day', 'from_stop_id': 'B-0', 'to_stop_id': 'A-0', 'trip_id': 'IE-8-1', 'agency_name': 'Unknown'}, {'duration': 30, 'departure_time': 13800, 'arrival_time': 13830, 'day': 'current_day', 'from_stop_id': 'A-0', 'to_stop_id': 'A-1', 'trip_id': 'walking', 'agency_name': 'Unknown'}, {'duration': 360, 'departure_time': 13920, 'arrival_time': 14280, 'day': 'current_day', 'from_stop_id': 'A-1', 'to_stop_id': '60-1', 'trip_id': '1-0-17', 'agency_name': 'Unknown'}]}",4605.0
227,41,8370,inter,right,344,[231],[59],2000,1503,1000,751,9873,9933.0,14190.0,14250.0,4257.0,4.0,231,59,,,pt,15001.0,6631.0,"{'duration': 4257, 'source_transfer_time': 0, 'waiting_time': 237, 'trip_time': 4020, 'num_transfers': 4, 'departure_time': 9933, 'departure_day': 'current_day', 'arrival_time': 14190, 'arrival_day': 'current_day', 'steps': [{'duration': 450, 'departure_time': 10170, 'arrival_time': 10620, 'day': 'current_day', 'from_stop_id': '231-2', 'to_stop_id': 'B-2', 'trip_id': '4-0-11', 'agency_name': 'Unknown'}, {'duration': 30, 'departure_time': 10620, 'arrival_time': 10650, 'day': 'current_day', 'from_stop_id': 'B-2', 'to_stop_id': 'B-0', 'trip_id': 'walking', 'agency_name': 'Unknown'}, {'duration': 1800, 'departure_time': 12000, 'arrival_time': 13800, 'day': 'current_day', 'from_stop_id': 'B-0', 'to_stop_id': 'A-0', 'trip_id': 'IE-8-1', 'agency_name': 'Unknown'}, {'duration': 30, 'departure_time': 13800, 'arrival_time': 13830, 'day': 'current_day', 'from_stop_id': 'A-0', 'to_stop_id': 'A-1', 'trip_id': 'walking', 'agency_name': 'Unknown'}, {'duration': 270, 'departure_time': 13920, 'arrival_time': 14190, 'day': 'current_day', 'from_stop_id': 'A-1', 'to_stop_id': '59-1', 'trip_id': '1-0-17', 'agency_name': 'Unknown'}]}",6631.0
131,50,9270,inter,right,345,[126; 182],[58],2500,1879,500,375,11149,11209.0,14100.0,14160.0,2891.0,4.0,126,58,,,pt,14535.0,5265.0,"{'duration': 2891, 'source_transfer_time': 0, 'waiting_time': 161, 'trip_time': 2730, 'num_transfers': 4, 'departure_time': 11209, 'departure_day': 'current_day', 'arrival_time': 14100, 'arrival_day': 'current_day', 'steps': [{'duration': 450, 'departure_time': 11370, 'arrival_time': 11820, 'day': 'current_day', 'from_stop_id': '126-2', 'to_stop_id': 'B-2', 'trip_id': '4-1-13', 'agency_name': 'Unknown'}, {'duration': 30, 'departure_time': 11820, 'arrival_time': 11850, 'day': 'current_day', 'from_stop_id': 'B-2', 'to_stop_id': 'B-0', 'trip_id': 'walking', 'agency_name': 'Unknown'}, {'duration': 1800, 'departure_time': 12000, 'arrival_time': 13800, 'day': 'current_day', 'from_stop_id': 'B-0', 'to_stop_id': 'A-0', 'trip_id': 'IE-8-1', 'agency_name': 'Unknown'}, {'duration': 30, 'departure_time': 13800, 'arrival_time': 13830, 'day': 'current_day', 'from_stop_id': 'A-0', 'to_stop_id': 'A-1', 'trip_id': 'walking', 'agency_name': 'Unknown'}, {'duration': 180, 'departure_time': 13920, 'arrival_time': 14100, 'day': 'current_day', 'from_stop_id': 'A-1', 'to_stop_id': '58-1', 'trip_id': '1-0-17', 'agency_name': 'Unknown'}]}",5265.0
157,79,7890,inter,right,346,[159; 178],[58; 77],1000,751,1000,751,8641,8701.0,12600.0,12660.0,3899.0,4.0,159,77,,,pt,13411.0,5521.0,"{'duration': 3899, 'source_transfer_time': 0, 'waiting_time': 539, 'trip_time': 3360, 'num_transfers': 4, 'departure_time': 8701, 'departure_day': 'current_day', 'arrival_time': 12600, 'arrival_day': 'current_day', 'steps': [{'duration': 180, 'departure_time': 9240, 'arrival_time': 9420, 'day': 'current_day', 'from_stop_id': '159-2', 'to_stop_id': 'B-2', 'trip_id': '4-1-9', 'agency_name': 'Unknown'}, {'duration': 30, 'departure_time': 9420, 'arrival_time': 9450, 'day': 'current_day', 'from_stop_id': 'B-2', 'to_stop_id': 'B-0', 'trip_id': 'walking', 'agency_name': 'Unknown'}, {'duration': 1800, 'departure_time': 10500, 'arrival_time': 12300, 'day': 'current_day', 'from_stop_id': 'B-0', 'to_stop_id': 'A-0', 'trip_id': 'IE-7-1', 'agency_name': 'Unknown'}, {'duration': 30, 'departure_time': 12300, 'arrival_time': 12330, 'day': 'current_day', 'from_stop_id': 'A-0', 'to_stop_id': 'A-2', 'trip_id': 'walking', 'agency_name': 'Unknown'}, {'duration': 180, 'departure_time': 12420, 'arrival_time': 12600, 'day': 'current_day', 'from_stop_id': 'A-2', 'to_stop_id': '77-2', 'trip_id': '2-1-14', 'agency_name': 'Unknown'}]}",5521.0
127,60,12330,inter,right,347,[126],[60],500,375,0,0,12705,12765.0,17280.0,17340.0,4515.0,4.0,126,60,,,pt,17340.0,5010.0,"{'duration': 4515, 'source_transfer_time': 0, 'waiting_time': 405, 'trip_time': 4110, 'num_transfers': 4, 'departure_time': 12765, 'departure_day': 'current_day', 'arrival_time': 17280, 'arrival_day': 'current_day', 'steps': [{'duration': 450, 'departure_time': 13170, 'arrival_time': 13620, 'day': 'current_day', 'from_stop_id': '126-2', 'to_stop_id': 'B-2', 'trip_id': '4-1-16', 'agency_name': 'Unknown'}, {'duration': 30, 'departure_time': 13620, 'arrival_time': 13650, 'day': 'current_day', 'from_stop_id': 'B-2', 'to_stop_id': 'B-0', 'trip_id': 'walking', 'agency_name': 'Unknown'}, {'duration': 1800, 'departure_time': 15000, 'arrival_time': 16800, 'day': 'current_day', 'from_stop_id': 'B-0', 'to_stop_id': 'A-0', 'trip_id': 'IE-10-1', 'agency_name': 'Unknown'}, {'duration': 30, 'departure_time': 16800, 'arrival_time': 16830, 'day': 'current_day', 'from_stop_id': 'A-0', 'to_stop_id': 'A-1', 'trip_id': 'walking', 'agency_name': 'Unknown'}, {'duration': 360, 'departure_time': 16920, 'arrival_time': 17280, 'day': 'current_day', 'from_stop_id': 'A-1', 'to_stop_id': '60-1', 'trip_id': '1-0-22', 'agency_name': 'Unknown'}]}",5010.0
224,60,6210,inter,right,348,[181; 220],[60],2000,1503,0,0,7713,7773.0,11280.0,11340.0,3507.0,4.0,181,60,,,pt,11340.0,5130.0,"{'duration': 3507, 'source_transfer_time': 0, 'waiting_time': 387, 'trip_time': 3120, 'num_transfers': 4, 'departure_time': 7773, 'departure_day': 'current_day', 'arrival_time': 11280, 'arrival_day': 'current_day', 'steps': [{'duration': 360, 'departure_time': 8160, 'arrival_time': 8520, 'day': 'current_day', 'from_stop_id': '181-1', 'to_stop_id': 'B-1', 'trip_id': '3-1-8', 'agency_name': 'Unknown'}, {'duration': 30, 'departure_time': 8520, 'arrival_time': 8550, 'day': 'current_day', 'from_stop_id': 'B-1', 'to_stop_id': 'B-0', 'trip_id': 'walking', 'agency_name': 'Unknown'}, {'duration': 1800, 'departure_time': 9000, 'arrival_time': 10800, 'day': 'current_day', 'from_stop_id': 'B-0', 'to_stop_id': 'A-0', 'trip_id': 'IE-6-1', 'agency_name': 'Unknown'}, {'duration': 30, 'departure_time': 10800, 'arrival_time': 10830, 'day': 'current_day', 'from_stop_id': 'A-0', 'to_stop_id': 'A-1', 'trip_id': 'walking', 'agency_name': 'Unknown'}, {'duration': 360, 'departure_time': 10920, 'arrival_time': 11280, 'day': 'current_day', 'from_stop_id': 'A-1', 'to_stop_id': '60-1', 'trip_id': '1-0-12', 'agency_name': 'Unknown'}]}",5130.0
208,28,10620,inter,right,349,[209],[27],500,375,500,375,10995,11055.0,14490.0,14550.0,3435.0,4.0,209,27,,,pt,14925.0,4305.0,"{'duration': 3435, 'source_transfer_time': 0, 'waiting_time': 495, 'trip_time': 2940, 'num_transfers': 4, 'departure_time': 11055, 'departure_day': 'current_day', 'arrival_time': 14490, 'arrival_day': 'current_day', 'steps': [{'duration': 270, 'departure_time': 11550, 'arrival_time': 11820, 'day': 'current_day', 'from_stop_id': '209-2', 'to_stop_id': 'B-2', 'trip_id': '4-0-13', 'agency_name': 'Unknown'}, {'duration': 30, 'departure_time': 11820, 'arrival_time': 11850, 'day': 'current_day', 'from_stop_id': 'B-2', 'to_stop_id': 'B-0', 'trip_id': 'walking', 'agency_name': 'Unknown'}, {'duration': 1800, 'departure_time': 12000, 'arrival_time': 13800, 'day': 'current_day', 'from_stop_id': 'B-0', 'to_stop_id': 'A-0', 'trip_id': 'IE-8-1', 'agency_name': 'Unknown'}, {'duration': 30, 'departure_time': 13800, 'arrival_time': 13830, 'day': 'current_day', 'from_stop_id': 'A-0', 'to_stop_id': 'A-2', 'trip_id': 'walking', 'agency_name': 'Unknown'}, {'duration': 270, 'departure_time': 14220, 'arrival_time': 14490, 'day': 'current_day', 'from_stop_id': 'A-2', 'to_stop_id': '27-2', 'trip_id': '2-0-17', 'agency_name': 'Unknown'}]}",4305.0
137,65,5970,inter,right,350,[137],[57],0,0,500,375,5970,6030.0,9900.0,9960.0,3870.0,4.0,137,57,,,pt,10335.0,4365.0,"{'duration': 3870, 'source_transfer_time': 0, 'waiting_time': 30, 'trip_time': 3840, 'num_transfers': 4, 'departure_time': 6030, 'departure_day': 'current_day', 'arrival_time': 9900, 'arrival_day': 'current_day', 'steps': [{'duration': 360, 'departure_time': 6060, 'arrival_time': 6420, 'day': 'current_day', 'from_stop_id': '137-2', 'to_stop_id': 'B-2', 'trip_id': '4-1-4', 'agency_name': 'Unknown'}, {'duration': 30, 'departure_time': 6420, 'arrival_time': 6450, 'day': 'current_day', 'from_stop_id': 'B-2', 'to_stop_id': 'B-0', 'trip_id': 'walking', 'agency_name': 'Unknown'}, {'duration': 1800, 'departure_time': 7500, 'arrival_time': 9300, 'day': 'current_day', 'from_stop_id': 'B-0', 'to_stop_id': 'A-0', 'trip_id': 'IE-5-1', 'agency_name': 'Unknown'}, {'duration': 30, 'departure_time': 9300, 'arrival_time': 9330, 'day': 'current_day', 'from_stop_id': 'A-0', 'to_stop_id': 'A-1', 'trip_id': 'walking', 'agency_name': 'Unknown'}, {'duration': 180, 'departure_time': 9720, 'arrival_time': 9900, 'day': 'current_day', 'from_stop_id': 'A-1', 'to_stop_id': '57-1', 'trip_id': '1-1-10', 'agency_name': 'Unknown'}]}",4365.0
136,13,6360,inter,right,351,[137],[16],500,375,1500,1127,6735,6795.0,11580.0,11640.0,4785.0,4.0,137,16,,,pt,12767.0,6407.0,"{'duration': 4785, 'source_transfer_time': 0, 'waiting_time': 465, 'trip_time': 4320, 'num_transfers': 4, 'departure_time': 6795, 'departure_day': 'current_day', 'arrival_time': 11580, 'arrival_day': 'current_day', 'steps': [{'duration': 360, 'departure_time': 7260, 'arrival_time': 7620, 'day': 'current_day', 'from_stop_id': '137-2', 'to_stop_id': 'B-2', 'trip_id': '4-1-6', 'agency_name': 'Unknown'}, {'duration': 30, 'departure_time': 7620, 'arrival_time': 7650, 'day': 'current_day', 'from_stop_id': 'B-2', 'to_stop_id': 'B-0', 'trip_id': 'walking', 'agency_name': 'Unknown'}, {'duration': 1800, 'departure_time': 9000, 'arrival_time': 10800, 'day': 'current_day', 'from_stop_id': 'B-0', 'to_stop_id': 'A-0', 'trip_id': 'IE-6-1', 'agency_name': 'Unknown'}, {'duration': 30, 'departure_time': 10800, 'arrival_time': 10830, 'day': 'current_day', 'from_stop_id': 'A-0', 'to_stop_id': 'A-2', 'trip_id': 'walking', 'agency_name': 'Unknown'}, {'duration': 360, 'departure_time': 11220, 'arrival_time': 11580, 'day': 'current_day', 'from_stop_id': 'A-2', 'to_stop_id': '16-2', 'trip_id': '2-0-12', 'agency_name': 'Unknown'}]}",6407.0
209,74,6690,inter,right,352,[209],[56],0,0,1000,751,6690,6750.0,9990.0,10050.0,3240.0,4.0,209,56,,,pt,10801.0,4111.0,"{'duration': 3240, 'source_transfer_time': 0, 'waiting_time': 0, 'trip_time': 3240, 'num_transfers': 4, 'departure_time': 6750, 'departure_day': 'current_day', 'arrival_time': 9990, 'arrival_day': 'current_day', 'steps': [{'duration': 270, 'departure_time': 6750, 'arrival_time': 7020, 'day': 'current_day', 'from_stop_id': '209-2', 'to_stop_id': 'B-2', 'trip_id': '4-0-5', 'agency_name': 'Unknown'}, {'duration': 30, 'departure_time': 7020, 'arrival_time': 7050, 'day': 'current_day', 'from_stop_id': 'B-2', 'to_stop_id': 'B-0', 'trip_id': 'walking', 'agency_name': 'Unknown'}, {'duration': 1800, 'departure_time': 7500, 'arrival_time': 9300, 'day': 'current_day', 'from_stop_id': 'B-0', 'to_stop_id': 'A-0', 'trip_id': 'IE-5-1', 'agency_name': 'Unknown'}, {'duration': 30, 'departure_time': 9300, 'arrival_time': 9330, 'day': 'current_day', 'from_stop_id': 'A-0', 'to_stop_id': 'A-1', 'trip_id': 'walking', 'agency_name': 'Unknown'}, {'duration': 270, 'departure_time': 9720, 'arrival_time': 9990, 'day': 'current_day', 'from_stop_id': 'A-1', 'to_stop_id': '56-1', 'trip_id': '1-1-10', 'agency_name': 'Unknown'}]}",4111.0
215,40,9390,inter,right,353,[175],[38; 58],2000,1503,1000,751,10893,10953.0,14100.0,14160.0,3147.0,4.0,175,58,,,pt,14911.0,5521.0,"{'duration': 3147, 'source_transfer_time': 0, 'waiting_time': 117, 'trip_time': 3030, 'num_transfers': 4, 'departure_time': 10953, 'departure_day': 'current_day', 'arrival_time': 14100, 'arrival_day': 'current_day', 'steps': [{'duration': 450, 'departure_time': 11070, 'arrival_time': 11520, 'day': 'current_day', 'from_stop_id': '175-1', 'to_stop_id': 'B-1', 'trip_id': '3-0-13', 'agency_name': 'Unknown'}, {'duration': 30, 'departure_time': 11520, 'arrival_time': 11550, 'day': 'current_day', 'from_stop_id': 'B-1', 'to_stop_id': 'B-0', 'trip_id': 'walking', 'agency_name': 'Unknown'}, {'duration': 1800, 'departure_time': 12000, 'arrival_time': 13800, 'day': 'current_day', 'from_stop_id': 'B-0', 'to_stop_id': 'A-0', 'trip_id': 'IE-8-1', 'agency_name': 'Unknown'}, {'duration': 30, 'departure_time': 13800, 'arrival_time': 13830, 'day': 'current_day', 'from_stop_id': 'A-0', 'to_stop_id': 'A-1', 'trip_id': 'walking', 'agency_name': 'Unknown'}, {'duration': 180, 'departure_time': 13920, 'arrival_time': 14100, 'day': 'current_day', 'from_stop_id': 'A-1', 'to_stop_id': '58-1', 'trip_id': '1-0-17', 'agency_name': 'Unknown'}]}",5521.0
223,29,9810,inter,right,354,[220],[27],1500,1127,1000,751,10937,10997.0,14490.0,14550.0,3493.0,4.0,220,27,,,pt,15301.0,5491.0,"{'duration': 3493, 'source_transfer_time': 0, 'waiting_time': 463, 'trip_time': 3030, 'num_transfers': 4, 'departure_time': 10997, 'departure_day': 'current_day', 'arrival_time': 14490, 'arrival_day': 'current_day', 'steps': [{'duration': 360, 'departure_time': 11460, 'arrival_time': 11820, 'day': 'current_day', 'from_stop_id': '220-2', 'to_stop_id': 'B-2', 'trip_id': '4-0-13', 'agency_name': 'Unknown'}, {'duration': 30, 'departure_time': 11820, 'arrival_time': 11850, 'day': 'current_day', 'from_stop_id': 'B-2', 'to_stop_id': 'B-0', 'trip_id': 'walking', 'agency_name': 'Unknown'}, {'duration': 1800, 'departure_time': 12000, 'arrival_time': 13800, 'day': 'current_day', 'from_stop_id': 'B-0', 'to_stop_id': 'A-0', 'trip_id': 'IE-8-1', 'agency_name': 'Unknown'}, {'duration': 30, 'departure_time': 13800, 'arrival_time': 13830, 'day': 'current_day', 'from_stop_id': 'A-0', 'to_stop_id': 'A-2', 'trip_id': 'walking', 'agency_name': 'Unknown'}, {'duration': 270, 'departure_time': 14220, 'arrival_time': 14490, 'day': 'current_day', 'from_stop_id': 'A-2', 'to_stop_id': '27-2', 'trip_id': '2-0-17', 'agency_name': 'Unknown'}]}",5491.0
195,1,6810,inter,right,355,[177],[5],1000,751,2000,1503,7561,7621.0,11670.0,11730.0,4049.0,4.0,177,5,,,pt,13233.0,6423.0,"{'duration': 4049, 'source_transfer_time': 0, 'waiting_time': 29, 'trip_time': 4020, 'num_transfers': 4, 'departure_time': 7621, 'departure_day': 'current_day', 'arrival_time': 11670, 'arrival_day': 'current_day', 'steps': [{'duration': 270, 'departure_time': 7650, 'arrival_time': 7920, 'day': 'current_day', 'from_stop_id': '177-1', 'to_stop_id': 'B-1', 'trip_id': '3-0-7', 'agency_name': 'Unknown'}, {'duration': 30, 'departure_time': 7920, 'arrival_time': 7950, 'day': 'current_day', 'from_stop_id': 'B-1', 'to_stop_id': 'B-0', 'trip_id': 'walking', 'agency_name': 'Unknown'}, {'duration': 1800, 'departure_time': 9000, 'arrival_time': 10800, 'day': 'current_day', 'from_stop_id': 'B-0', 'to_stop_id': 'A-0', 'trip_id': 'IE-6-1', 'agency_name': 'Unknown'}, {'duration': 30, 'departure_time': 10800, 'arrival_time': 10830, 'day': 'current_day', 'from_stop_id': 'A-0', 'to_stop_id': 'A-2', 'trip_id': 'walking', 'agency_name': 'Unknown'}, {'duration': 450, 'departure_time': 11220, 'arrival_time': 11670, 'day': 'current_day', 'from_stop_id': 'A-2', 'to_stop_id': '5-2', 'trip_id': '2-0-12', 'agency_name': 'Unknown'}]}",6423.0
132,77,4110,inter,right,356,[175],[77],2000,1503,0,0,5613,5673.0,9600.0,9660.0,3927.0,4.0,175,77,,,pt,9660.0,5550.0,"{'duration': 3927, 'source_transfer_time': 0, 'waiting_time': 597, 'trip_time': 3330, 'num_transfers': 4, 'departure_time': 5673, 'departure_day': 'current_day', 'arrival_time': 9600, 'arrival_day': 'current_day', 'steps': [{'duration': 450, 'departure_time': 6270, 'arrival_time': 6720, 'day': 'current_day', 'from_stop_id': '175-1', 'to_stop_id': 'B-1', 'trip_id': '3-0-5', 'agency_name': 'Unknown'}, {'duration': 30, 'departure_time': 6720, 'arrival_time': 6750, 'day': 'current_day', 'from_stop_id': 'B-1', 'to_stop_id': 'B-0', 'trip_id': 'walking', 'agency_name': 'Unknown'}, {'duration': 1800, 'departure_time': 7500, 'arrival_time': 9300, 'day': 'current_day', 'from_stop_id': 'B-0', 'to_stop_id': 'A-0', 'trip_id': 'IE-5-1', 'agency_name': 'Unknown'}, {'duration': 30, 'departure_time': 9300, 'arrival_time': 9330, 'day': 'current_day', 'from_stop_id': 'A-0', 'to_stop_id': 'A-2', 'trip_id': 'walking', 'agency_name': 'Unknown'}, {'duration': 180, 'departure_time': 9420, 'arrival_time': 9600, 'day': 'current_day', 'from_stop_id': 'A-2', 'to_stop_id': '77-2', 'trip_id': '2-1-9', 'agency_name': 'Unknown'}]}",5550.0
184,53,13170,inter,right,357,[176],[61],500,375,500,375,13545,13605.0,17370.0,17430.0,3765.0,4.0,176,61,,,pt,17805.0,4635.0,"{'duration': 3765, 'source_transfer_time': 0, 'waiting_time': 555, 'trip_time': 3210, 'num_transfers': 4, 'departure_time': 13605, 'departure_day': 'current_day', 'arrival_time': 17370, 'arrival_day': 'current_day', 'steps': [{'duration': 360, 'departure_time': 14160, 'arrival_time': 14520, 'day': 'current_day', 'from_stop_id': '176-1', 'to_stop_id': 'B-1', 'trip_id': '3-0-18', 'agency_name': 'Unknown'}, {'duration': 30, 'departure_time': 14520, 'arrival_time': 14550, 'day': 'current_day', 'from_stop_id': 'B-1', 'to_stop_id': 'B-0', 'trip_id': 'walking', 'agency_name': 'Unknown'}, {'duration': 1800, 'departure_time': 15000, 'arrival_time': 16800, 'day': 'current_day', 'from_stop_id': 'B-0', 'to_stop_id': 'A-0', 'trip_id': 'IE-10-1', 'agency_name': 'Unknown'}, {'duration': 30, 'departure_time': 16800, 'arrival_time': 16830, 'day': 'current_day', 'from_stop_id': 'A-0', 'to_stop_id': 'A-1', 'trip_id': 'walking', 'agency_name': 'Unknown'}, {'duration': 450, 'departure_time': 16920, 'arrival_time': 17370, 'day': 'current_day', 'from_stop_id': 'A-1', 'to_stop_id': '61-1', 'trip_id': '1-0-22', 'agency_name': 'Unknown'}]}",4635.0
183,112,9000,inter,right,358,[175],[110],500,375,1000,751,9375,9435.0,12870.0,12930.0,3435.0,4.0,175,110,,,pt,13681.0,4681.0,"{'duration': 3435, 'source_transfer_time': 0, 'waiting_time': 435, 'trip_time': 3000, 'num_transfers': 4, 'departure_time': 9435, 'departure_day': 'current_day', 'arrival_time': 12870, 'arrival_day': 'current_day', 'steps': [{'duration': 450, 'departure_time': 9870, 'arrival_time': 10320, 'day': 'current_day', 'from_stop_id': '175-1', 'to_stop_id': 'B-1', 'trip_id': '3-0-11', 'agency_name': 'Unknown'}, {'duration': 30, 'departure_time': 10320, 'arrival_time': 10350, 'day': 'current_day', 'from_stop_id': 'B-1', 'to_stop_id': 'B-0', 'trip_id': 'walking', 'agency_name': 'Unknown'}, {'duration': 1800, 'departure_time': 10500, 'arrival_time': 12300, 'day': 'current_day', 'from_stop_id': 'B-0', 'to_stop_id': 'A-0', 'trip_id': 'IE-7-1', 'agency_name': 'Unknown'}, {'duration': 30, 'departure_time': 12300, 'arrival_time': 12330, 'day': 'current_day', 'from_stop_id': 'A-0', 'to_stop_id': 'A-2', 'trip_id': 'walking', 'agency_name': 'Unknown'}, {'duration': 450, 'departure_time': 12420, 'arrival_time': 12870, 'day': 'current_day', 'from_stop_id': 'A-2', 'to_stop_id': '110-2', 'trip_id': '2-1-14', 'agency_name': 'Unknown'}]}",4681.0
198,74,5910,inter,right,359,[198],[56],0,0,1000,751,5910,5970.0,9990.0,10050.0,4020.0,4.0,198,56,,,pt,10801.0,4891.0,"{'duration': 4020, 'source_transfer_time': 0, 'waiting_time': 270, 'trip_time': 3750, 'num_transfers': 4, 'departure_time': 5970, 'departure_day': 'current_day', 'arrival_time': 9990, 'arrival_day': 'current_day', 'steps': [{'duration': 180, 'departure_time': 6240, 'arrival_time': 6420, 'day': 'current_day', 'from_stop_id': '198-2', 'to_stop_id': 'B-2', 'trip_id': '4-0-4', 'agency_name': 'Unknown'}, {'duration': 30, 'departure_time': 6420, 'arrival_time': 6450, 'day': 'current_day', 'from_stop_id': 'B-2', 'to_stop_id': 'B-0', 'trip_id': 'walking', 'agency_name': 'Unknown'}, {'duration': 1800, 'departure_time': 7500, 'arrival_time': 9300, 'day': 'current_day', 'from_stop_id': 'B-0', 'to_stop_id': 'A-0', 'trip_id': 'IE-5-1', 'agency_name': 'Unknown'}, {'duration': 30, 'departure_time': 9300, 'arrival_time': 9330, 'day': 'current_day', 'from_stop_id': 'A-0', 'to_stop_id': 'A-1', 'trip_id': 'walking', 'agency_name': 'Unknown'}, {'duration': 270, 'departure_time': 9720, 'arrival_time': 9990, 'day': 'current_day', 'from_stop_id': 'A-1', 'to_stop_id': '56-1', 'trip_id': '1-1-10', 'agency_name': 'Unknown'}]}",4891.0
185,63,4890,inter,right,360,[177],[55],500,375,500,375,5265,5325.0,10080.0,10140.0,4755.0,4.0,177,55,,,pt,10515.0,5625.0,"{'duration': 4755, 'source_transfer_time': 0, 'waiting_time': 525, 'trip_time': 4230, 'num_transfers': 4, 'departure_time': 5325, 'departure_day': 'current_day', 'arrival_time': 10080, 'arrival_day': 'current_day', 'steps': [{'duration': 270, 'departure_time': 5850, 'arrival_time': 6120, 'day': 'current_day', 'from_stop_id': '177-1', 'to_stop_id': 'B-1', 'trip_id': '3-0-4', 'agency_name': 'Unknown'}, {'duration': 30, 'departure_time': 6120, 'arrival_time': 6150, 'day': 'current_day', 'from_stop_id': 'B-1', 'to_stop_id': 'B-0', 'trip_id': 'walking', 'agency_name': 'Unknown'}, {'duration': 1800, 'departure_time': 7500, 'arrival_time': 9300, 'day': 'current_day', 'from_stop_id': 'B-0', 'to_stop_id': 'A-0', 'trip_id': 'IE-5-1', 'agency_name': 'Unknown'}, {'duration': 30, 'departure_time': 9300, 'arrival_time': 9330, 'day': 'current_day', 'from_stop_id': 'A-0', 'to_stop_id': 'A-1', 'trip_id': 'walking', 'agency_name': 'Unknown'}, {'duration': 360, 'departure_time': 9720, 'arrival_time': 10080, 'day': 'current_day', 'from_stop_id': 'A-1', 'to_stop_id': '55-1', 'trip_id': '1-1-10', 'agency_name': 'Unknown'}]}",5625.0
179,70,13380,inter,right,361,[179],[60],0,0,500,375,13380,13440.0,17280.0,17340.0,3840.0,4.0,179,60,,,pt,17715.0,4335.0,"{'duration': 3840, 'source_transfer_time': 0, 'waiting_time': 300, 'trip_time': 3540, 'num_transfers': 4, 'departure_time': 13440, 'departure_day': 'current_day', 'arrival_time': 17280, 'arrival_day': 'current_day', 'steps': [{'duration': 180, 'departure_time': 13740, 'arrival_time': 13920, 'day': 'current_day', 'from_stop_id': '179-1', 'to_stop_id': 'B-1', 'trip_id': '3-1-17', 'agency_name': 'Unknown'}, {'duration': 30, 'departure_time': 13920, 'arrival_time': 13950, 'day': 'current_day', 'from_stop_id': 'B-1', 'to_stop_id': 'B-0', 'trip_id': 'walking', 'agency_name': 'Unknown'}, {'duration': 1800, 'departure_time': 15000, 'arrival_time': 16800, 'day': 'current_day', 'from_stop_id': 'B-0', 'to_stop_id': 'A-0', 'trip_id': 'IE-10-1', 'agency_name': 'Unknown'}, {'duration': 30, 'departure_time': 16800, 'arrival_time': 16830, 'day': 'current_day', 'from_stop_id': 'A-0', 'to_stop_id': 'A-1', 'trip_id': 'walking', 'agency_name': 'Unknown'}, {'duration': 360, 'departure_time': 16920, 'arrival_time': 17280, 'day': 'current_day', 'from_stop_id': 'A-1', 'to_stop_id': '60-1', 'trip_id': '1-0-22', 'agency_name': 'Unknown'}]}",4335.0
196,45,13080,inter,right,362,[178; 198],[55],1000,751,500,375,13831,13891.0,17280.0,17340.0,3389.0,4.0,178,55,,,pt,17715.0,4635.0,"{'duration': 3389, 'source_transfer_time': 0, 'waiting_time': 449, 'trip_time': 2940, 'num_transfers': 4, 'departure_time': 13891, 'departure_day': 'current_day', 'arrival_time': 17280, 'arrival_day': 'current_day', 'steps': [{'duration': 180, 'departure_time': 14340, 'arrival_time': 14520, 'day': 'current_day', 'from_stop_id': '178-1', 'to_stop_id': 'B-1', 'trip_id': '3-0-18', 'agency_name': 'Unknown'}, {'duration': 30, 'departure_time': 14520, 'arrival_time': 14550, 'day': 'current_day', 'from_stop_id': 'B-1', 'to_stop_id': 'B-0', 'trip_id': 'walking', 'agency_name': 'Unknown'}, {'duration': 1800, 'departure_time': 15000, 'arrival_time': 16800, 'day': 'current_day', 'from_stop_id': 'B-0', 'to_stop_id': 'A-0', 'trip_id': 'IE-10-1', 'agency_name': 'Unknown'}, {'duration': 30, 'departure_time': 16800, 'arrival_time': 16830, 'day': 'current_day', 'from_stop_id': 'A-0', 'to_stop_id': 'A-1', 'trip_id': 'walking', 'agency_name': 'Unknown'}, {'duration': 360, 'departure_time': 16920, 'arrival_time': 17280, 'day': 'current_day', 'from_stop_id': 'A-1', 'to_stop_id': '55-1', 'trip_id': '1-1-22', 'agency_name': 'Unknown'}]}",4635.0
137,58,9810,inter,right,363,[137],[58],0,0,0,0,9810,9870.0,14100.0,14160.0,4230.0,4.0,137,58,,,pt,14160.0,4350.0,"{'duration': 4230, 'source_transfer_time': 0, 'waiting_time': 390, 'trip_time': 3840, 'num_transfers': 4, 'departure_time': 9870, 'departure_day': 'current_day', 'arrival_time': 14100, 'arrival_day': 'current_day', 'steps': [{'duration': 360, 'departure_time': 10260, 'arrival_time': 10620, 'day': 'current_day', 'from_stop_id': '137-2', 'to_stop_id': 'B-2', 'trip_id': '4-1-11', 'agency_name': 'Unknown'}, {'duration': 30, 'departure_time': 10620, 'arrival_time': 10650, 'day': 'current_day', 'from_stop_id': 'B-2', 'to_stop_id': 'B-0', 'trip_id': 'walking', 'agency_name': 'Unknown'}, {'duration': 1800, 'departure_time': 12000, 'arrival_time': 13800, 'day': 'current_day', 'from_stop_id': 'B-0', 'to_stop_id': 'A-0', 'trip_id': 'IE-8-1', 'agency_name': 'Unknown'}, {'duration': 30, 'departure_time': 13800, 'arrival_time': 13830, 'day': 'current_day', 'from_stop_id': 'A-0', 'to_stop_id': 'A-1', 'trip_id': 'walking', 'agency_name': 'Unknown'}, {'duration': 180, 'departure_time': 13920, 'arrival_time': 14100, 'day': 'current_day', 'from_stop_id': 'A-1', 'to_stop_id': '58-1', 'trip_id': '1-0-17', 'agency_name': 'Unknown'}]}",4350.0
232,109,5040,inter,right,364,[231],[110],500,375,500,375,5415,5475.0,9870.0,9930.0,4395.0,4.0,231,110,,,pt,10305.0,5265.0,"{'duration': 4395, 'source_transfer_time': 0, 'waiting_time': 495, 'trip_time': 3900, 'num_transfers': 4, 'departure_time': 5475, 'departure_day': 'current_day', 'arrival_time': 9870, 'arrival_day': 'current_day', 'steps': [{'duration': 450, 'departure_time': 5970, 'arrival_time': 6420, 'day': 'current_day', 'from_stop_id': '231-2', 'to_stop_id': 'B-2', 'trip_id': '4-0-4', 'agency_name': 'Unknown'}, {'duration': 30, 'departure_time': 6420, 'arrival_time': 6450, 'day': 'current_day', 'from_stop_id': 'B-2', 'to_stop_id': 'B-0', 'trip_id': 'walking', 'agency_name': 'Unknown'}, {'duration': 1800, 'departure_time': 7500, 'arrival_time': 9300, 'day': 'current_day', 'from_stop_id': 'B-0', 'to_stop_id': 'A-0', 'trip_id': 'IE-5-1', 'agency_name': 'Unknown'}, {'duration': 30, 'departure_time': 9300, 'arrival_time': 9330, 'day': 'current_day', 'from_stop_id': 'A-0', 'to_stop_id': 'A-2', 'trip_id': 'walking', 'agency_name': 'Unknown'}, {'duration': 450, 'departure_time': 9420, 'arrival_time': 9870, 'day': 'current_day', 'from_stop_id': 'A-2', 'to_stop_id': '110-2', 'trip_id': '2-1-9', 'agency_name': 'Unknown'}]}",5265.0
179,38,6930,inter,right,365,[179],[38],0,0,0,0,6930,6990.0,9600.0,9660.0,2610.0,4.0,179,38,,,pt,9660.0,2730.0,"{'duration': 2610, 'source_transfer_time': 0, 'waiting_time': 150, 'trip_time': 2460, 'num_transfers': 4, 'departure_time': 6990, 'departure_day': 'current_day', 'arrival_time': 9600, 'arrival_day': 'current_day', 'steps': [{'duration': 180, 'departure_time': 7140, 'arrival_time': 7320, 'day': 'current_day', 'from_stop_id': '179-1', 'to_stop_id': 'B-1', 'trip_id': '3-1-6', 'agency_name': 'Unknown'}, {'duration': 30, 'departure_time': 7320, 'arrival_time': 7350, 'day': 'current_day', 'from_stop_id': 'B-1', 'to_stop_id': 'B-0', 'trip_id': 'walking', 'agency_name': 'Unknown'}, {'duration': 1800, 'departure_time': 7500, 'arrival_time': 9300, 'day': 'current_day', 'from_stop_id': 'B-0', 'to_stop_id': 'A-0', 'trip_id': 'IE-5-1', 'agency_name': 'Unknown'}, {'duration': 30, 'departure_time': 9300, 'arrival_time': 9330, 'day': 'current_day', 'from_stop_id': 'A-0', 'to_stop_id': 'A-2', 'trip_id': 'walking', 'agency_name': 'Unknown'}, {'duration': 180, 'departure_time': 9420, 'arrival_time': 9600, 'day': 'current_day', 'from_stop_id': 'A-2', 'to_stop_id': '38-2', 'trip_id': '2-0-9', 'agency_name': 'Unknown'}]}",2730.0
136,102,10650,inter,right,366,[137],[99],500,375,1500,1127,11025,11085.0,14580.0,14640.0,3495.0,4.0,137,99,,,pt,15767.0,5117.0,"{'duration': 3495, 'source_transfer_time': 0, 'waiting_time': 375, 'trip_time': 3120, 'num_transfers': 4, 'departure_time': 11085, 'departure_day': 'current_day', 'arrival_time': 14580, 'arrival_day': 'current_day', 'steps': [{'duration': 360, 'departure_time': 11460, 'arrival_time': 11820, 'day': 'current_day', 'from_stop_id': '137-2', 'to_stop_id': 'B-2', 'trip_id': '4-1-13', 'agency_name': 'Unknown'}, {'duration': 30, 'departure_time': 11820, 'arrival_time': 11850, 'day': 'current_day', 'from_stop_id': 'B-2', 'to_stop_id': 'B-0', 'trip_id': 'walking', 'agency_name': 'Unknown'}, {'duration': 1800, 'departure_time': 12000, 'arrival_time': 13800, 'day': 'current_day', 'from_stop_id': 'B-0', 'to_stop_id': 'A-0', 'trip_id': 'IE-8-1', 'agency_name': 'Unknown'}, {'duration': 30, 'departure_time': 13800, 'arrival_time': 13830, 'day': 'current_day', 'from_stop_id': 'A-0', 'to_stop_id': 'A-2', 'trip_id': 'walking', 'agency_name': 'Unknown'}, {'duration': 360, 'departure_time': 14220, 'arrival_time': 14580, 'day': 'current_day', 'from_stop_id': 'A-2', 'to_stop_id': '99-2', 'trip_id': '2-1-17', 'agency_name': 'Unknown'}]}",5117.0
146,14,7770,inter,right,367,[148],[16],1000,751,1000,751,8521,8581.0,12780.0,12840.0,4199.0,4.0,148,16,,,pt,13591.0,5821.0,"{'duration': 4199, 'source_transfer_time': 0, 'waiting_time': 569, 'trip_time': 3630, 'num_transfers': 4, 'departure_time': 8581, 'departure_day': 'current_day', 'arrival_time': 12780, 'arrival_day': 'current_day', 'steps': [{'duration': 270, 'departure_time': 9150, 'arrival_time': 9420, 'day': 'current_day', 'from_stop_id': '148-2', 'to_stop_id': 'B-2', 'trip_id': '4-1-9', 'agency_name': 'Unknown'}, {'duration': 30, 'departure_time': 9420, 'arrival_time': 9450, 'day': 'current_day', 'from_stop_id': 'B-2', 'to_stop_id': 'B-0', 'trip_id': 'walking', 'agency_name': 'Unknown'}, {'duration': 1800, 'departure_time': 10500, 'arrival_time': 12300, 'day': 'current_day', 'from_stop_id': 'B-0', 'to_stop_id': 'A-0', 'trip_id': 'IE-7-1', 'agency_name': 'Unknown'}, {'duration': 30, 'departure_time': 12300, 'arrival_time': 12330, 'day': 'current_day', 'from_stop_id': 'A-0', 'to_stop_id': 'A-2', 'trip_id': 'walking', 'agency_name': 'Unknown'}, {'duration': 360, 'departure_time': 12420, 'arrival_time': 12780, 'day': 'current_day', 'from_stop_id': 'A-2', 'to_stop_id': '16-2', 'trip_id': '2-0-14', 'agency_name': 'Unknown'}]}",5821.0
139,87,12690,inter,right,368,[137],[88],1000,751,500,375,13441,13501.0,17490.0,17550.0,3989.0,4.0,137,88,,,pt,17925.0,5235.0,"{'duration': 3989, 'source_transfer_time': 0, 'waiting_time': 359, 'trip_time': 3630, 'num_transfers': 4, 'departure_time': 13501, 'departure_day': 'current_day', 'arrival_time': 17490, 'arrival_day': 'current_day', 'steps': [{'duration': 360, 'departure_time': 13860, 'arrival_time': 14220, 'day': 'current_day', 'from_stop_id': '137-2', 'to_stop_id': 'B-2', 'trip_id': '4-1-17', 'agency_name': 'Unknown'}, {'duration': 30, 'departure_time': 14220, 'arrival_time': 14250, 'day': 'current_day', 'from_stop_id': 'B-2', 'to_stop_id': 'B-0', 'trip_id': 'walking', 'agency_name': 'Unknown'}, {'duration': 1800, 'departure_time': 15000, 'arrival_time': 16800, 'day': 'current_day', 'from_stop_id': 'B-0', 'to_stop_id': 'A-0', 'trip_id': 'IE-10-1', 'agency_name': 'Unknown'}, {'duration': 30, 'departure_time': 16800, 'arrival_time': 16830, 'day': 'current_day', 'from_stop_id': 'A-0', 'to_stop_id': 'A-2', 'trip_id': 'walking', 'agency_name': 'Unknown'}, {'duration': 270, 'departure_time': 17220, 'arrival_time': 17490, 'day': 'current_day', 'from_stop_id': 'A-2', 'to_stop_id': '88-2', 'trip_id': '2-1-22', 'agency_name': 'Unknown'}]}",5235.0
227,69,12030,inter,right,369,[231],[59],2000,1503,500,375,13533,13593.0,17190.0,17250.0,3597.0,4.0,231,59,,,pt,17625.0,5595.0,"{'duration': 3597, 'source_transfer_time': 0, 'waiting_time': 177, 'trip_time': 3420, 'num_transfers': 4, 'departure_time': 13593, 'departure_day': 'current_day', 'arrival_time': 17190, 'arrival_day': 'current_day', 'steps': [{'duration': 450, 'departure_time': 13770, 'arrival_time': 14220, 'day': 'current_day', 'from_stop_id': '231-2', 'to_stop_id': 'B-2', 'trip_id': '4-0-17', 'agency_name': 'Unknown'}, {'duration': 30, 'departure_time': 14220, 'arrival_time': 14250, 'day': 'current_day', 'from_stop_id': 'B-2', 'to_stop_id': 'B-0', 'trip_id': 'walking', 'agency_name': 'Unknown'}, {'duration': 1800, 'departure_time': 15000, 'arrival_time': 16800, 'day': 'current_day', 'from_stop_id': 'B-0', 'to_stop_id': 'A-0', 'trip_id': 'IE-10-1', 'agency_name': 'Unknown'}, {'duration': 30, 'departure_time': 16800, 'arrival_time': 16830, 'day': 'current_day', 'from_stop_id': 'A-0', 'to_stop_id': 'A-1', 'trip_id': 'walking', 'agency_name': 'Unknown'}, {'duration': 270, 'departure_time': 16920, 'arrival_time': 17190, 'day': 'current_day', 'from_stop_id': 'A-1', 'to_stop_id': '59-1', 'trip_id': '1-0-22', 'agency_name': 'Unknown'}]}",5595.0
127,12,5670,inter,right,370,[126],[16; 55],500,375,2000,1503,6045,6105.0,9780.0,9840.0,3675.0,4.0,126,16,,,pt,11343.0,5673.0,"{'duration': 3675, 'source_transfer_time': 0, 'waiting_time': 465, 'trip_time': 3210, 'num_transfers': 4, 'departure_time': 6105, 'departure_day': 'current_day', 'arrival_time': 9780, 'arrival_day': 'current_day', 'steps': [{'duration': 450, 'departure_time': 6570, 'arrival_time': 7020, 'day': 'current_day', 'from_stop_id': '126-2', 'to_stop_id': 'B-2', 'trip_id': '4-1-5', 'agency_name': 'Unknown'}, {'duration': 30, 'departure_time': 7020, 'arrival_time': 7050, 'day': 'current_day', 'from_stop_id': 'B-2', 'to_stop_id': 'B-0', 'trip_id': 'walking', 'agency_name': 'Unknown'}, {'duration': 1800, 'departure_time': 7500, 'arrival_time': 9300, 'day': 'current_day', 'from_stop_id': 'B-0', 'to_stop_id': 'A-0', 'trip_id': 'IE-5-1', 'agency_name': 'Unknown'}, {'duration': 30, 'departure_time': 9300, 'arrival_time': 9330, 'day': 'current_day', 'from_stop_id': 'A-0', 'to_stop_id': 'A-2', 'trip_id': 'walking', 'agency_name': 'Unknown'}, {'duration': 360, 'departure_time': 9420, 'arrival_time': 9780, 'day': 'current_day', 'from_stop_id': 'A-2', 'to_stop_id': '16-2', 'trip_id': '2-0-9', 'agency_name': 'Unknown'}]}",5673.0
163,27,5940,inter,right,371,[181],[27],1000,751,0,0,6691,6751.0,9690.0,9750.0,2939.0,4.0,181,27,,,pt,9750.0,3810.0,"{'duration': 2939, 'source_transfer_time': 0, 'waiting_time': 209, 'trip_time': 2730, 'num_transfers': 4, 'departure_time': 6751, 'departure_day': 'current_day', 'arrival_time': 9690, 'arrival_day': 'current_day', 'steps': [{'duration': 360, 'departure_time': 6960, 'arrival_time': 7320, 'day': 'current_day', 'from_stop_id': '181-1', 'to_stop_id': 'B-1', 'trip_id': '3-1-6', 'agency_name': 'Unknown'}, {'duration': 30, 'departure_time': 7320, 'arrival_time': 7350, 'day': 'current_day', 'from_stop_id': 'B-1', 'to_stop_id': 'B-0', 'trip_id': 'walking', 'agency_name': 'Unknown'}, {'duration': 1800, 'departure_time': 7500, 'arrival_time': 9300, 'day': 'current_day', 'from_stop_id': 'B-0', 'to_stop_id': 'A-0', 'trip_id': 'IE-5-1', 'agency_name': 'Unknown'}, {'duration': 30, 'departure_time': 9300, 'arrival_time': 9330, 'day': 'current_day', 'from_stop_id': 'A-0', 'to_stop_id': 'A-2', 'trip_id': 'walking', 'agency_name': 'Unknown'}, {'duration': 270, 'departure_time': 9420, 'arrival_time': 9690, 'day': 'current_day', 'from_stop_id': 'A-2', 'to_stop_id': '27-2', 'trip_id': '2-0-9', 'agency_name': 'Unknown'}]}",3810.0
129,66,9630,inter,right,372,[126],[117; 119],1500,1127,500,375,10757,10817.0,14010.0,14070.0,3193.0,4.0,126,117,,,pt,14445.0,4815.0,"{'duration': 3193, 'source_transfer_time': 0, 'waiting_time': 553, 'trip_time': 2640, 'num_transfers': 4, 'departure_time': 10817, 'departure_day': 'current_day', 'arrival_time': 14010, 'arrival_day': 'current_day', 'steps': [{'duration': 450, 'departure_time': 11370, 'arrival_time': 11820, 'day': 'current_day', 'from_stop_id': '126-2', 'to_stop_id': 'B-2', 'trip_id': '4-1-13', 'agency_name': 'Unknown'}, {'duration': 30, 'departure_time': 11820, 'arrival_time': 11850, 'day': 'current_day', 'from_stop_id': 'B-2', 'to_stop_id': 'B-0', 'trip_id': 'walking', 'agency_name': 'Unknown'}, {'duration': 1800, 'departure_time': 12000, 'arrival_time': 13800, 'day': 'current_day', 'from_stop_id': 'B-0', 'to_stop_id': 'A-0', 'trip_id': 'IE-8-1', 'agency_name': 'Unknown'}, {'duration': 30, 'departure_time': 13800, 'arrival_time': 13830, 'day': 'current_day', 'from_stop_id': 'A-0', 'to_stop_id': 'A-1', 'trip_id': 'walking', 'agency_name': 'Unknown'}, {'duration': 90, 'departure_time': 13920, 'arrival_time': 14010, 'day': 'current_day', 'from_stop_id': 'A-1', 'to_stop_id': '117-1', 'trip_id': '1-1-17', 'agency_name': 'Unknown'}]}",4815.0
202,79,5700,inter,right,373,[181],[58; 77],1000,751,1000,751,6451,6511.0,9600.0,9660.0,3089.0,4.0,181,77,,,pt,10411.0,4711.0,"{'duration': 3089, 'source_transfer_time': 0, 'waiting_time': 449, 'trip_time': 2640, 'num_transfers': 4, 'departure_time': 6511, 'departure_day': 'current_day', 'arrival_time': 9600, 'arrival_day': 'current_day', 'steps': [{'duration': 360, 'departure_time': 6960, 'arrival_time': 7320, 'day': 'current_day', 'from_stop_id': '181-1', 'to_stop_id': 'B-1', 'trip_id': '3-1-6', 'agency_name': 'Unknown'}, {'duration': 30, 'departure_time': 7320, 'arrival_time': 7350, 'day': 'current_day', 'from_stop_id': 'B-1', 'to_stop_id': 'B-0', 'trip_id': 'walking', 'agency_name': 'Unknown'}, {'duration': 1800, 'departure_time': 7500, 'arrival_time': 9300, 'day': 'current_day', 'from_stop_id': 'B-0', 'to_stop_id': 'A-0', 'trip_id': 'IE-5-1', 'agency_name': 'Unknown'}, {'duration': 30, 'departure_time': 9300, 'arrival_time': 9330, 'day': 'current_day', 'from_stop_id': 'A-0', 'to_stop_id': 'A-2', 'trip_id': 'walking', 'agency_name': 'Unknown'}, {'duration': 180, 'departure_time': 9420, 'arrival_time': 9600, 'day': 'current_day', 'from_stop_id': 'A-2', 'to_stop_id': '77-2', 'trip_id': '2-1-9', 'agency_name': 'Unknown'}]}",4711.0
128,94,6990,inter,right,374,[126],[54],1000,751,2000,1503,7741,7801.0,11370.0,11430.0,3569.0,4.0,126,54,,,pt,12933.0,5943.0,"{'duration': 3569, 'source_transfer_time': 0, 'waiting_time': 569, 'trip_time': 3000, 'num_transfers': 4, 'departure_time': 7801, 'departure_day': 'current_day', 'arrival_time': 11370, 'arrival_day': 'current_day', 'steps': [{'duration': 450, 'departure_time': 8370, 'arrival_time': 8820, 'day': 'current_day', 'from_stop_id': '126-2', 'to_stop_id': 'B-2', 'trip_id': '4-1-8', 'agency_name': 'Unknown'}, {'duration': 30, 'departure_time': 8820, 'arrival_time': 8850, 'day': 'current_day', 'from_stop_id': 'B-2', 'to_stop_id': 'B-0', 'trip_id': 'walking', 'agency_name': 'Unknown'}, {'duration': 1800, 'departure_time': 9000, 'arrival_time': 10800, 'day': 'current_day', 'from_stop_id': 'B-0', 'to_stop_id': 'A-0', 'trip_id': 'IE-6-1', 'agency_name': 'Unknown'}, {'duration': 30, 'departure_time': 10800, 'arrival_time': 10830, 'day': 'current_day', 'from_stop_id': 'A-0', 'to_stop_id': 'A-1', 'trip_id': 'walking', 'agency_name': 'Unknown'}, {'duration': 450, 'departure_time': 10920, 'arrival_time': 11370, 'day': 'current_day', 'from_stop_id': 'A-1', 'to_stop_id': '54-1', 'trip_id': '1-1-12', 'agency_name': 'Unknown'}]}",5943.0
212,86,10440,inter,right,375,[180; 209],[88],1500,1127,1000,751,11567,11627.0,15690.0,15750.0,4063.0,4.0,180,88,,,pt,16501.0,6061.0,"{'duration': 4063, 'source_transfer_time': 0, 'waiting_time': 223, 'trip_time': 3840, 'num_transfers': 4, 'departure_time': 11627, 'departure_day': 'current_day', 'arrival_time': 15690, 'arrival_day': 'current_day', 'steps': [{'duration': 270, 'departure_time': 11850, 'arrival_time': 12120, 'day': 'current_day', 'from_stop_id': '180-1', 'to_stop_id': 'B-1', 'trip_id': '3-1-14', 'agency_name': 'Unknown'}, {'duration': 30, 'departure_time': 12120, 'arrival_time': 12150, 'day': 'current_day', 'from_stop_id': 'B-1', 'to_stop_id': 'B-0', 'trip_id': 'walking', 'agency_name': 'Unknown'}, {'duration': 1800, 'departure_time': 13500, 'arrival_time': 15300, 'day': 'current_day', 'from_stop_id': 'B-0', 'to_stop_id': 'A-0', 'trip_id': 'IE-9-1', 'agency_name': 'Unknown'}, {'duration': 30, 'departure_time': 15300, 'arrival_time': 15330, 'day': 'current_day', 'from_stop_id': 'A-0', 'to_stop_id': 'A-2', 'trip_id': 'walking', 'agency_name': 'Unknown'}, {'duration': 270, 'departure_time': 15420, 'arrival_time': 15690, 'day': 'current_day', 'from_stop_id': 'A-2', 'to_stop_id': '88-2', 'trip_id': '2-1-19', 'agency_name': 'Unknown'}]}",6061.0
228,31,7230,inter,right,376,[231],[60],1500,1127,1500,1127,8357,8417.0,13080.0,13140.0,4663.0,4.0,231,60,,,pt,14267.0,7037.0,"{'duration': 4663, 'source_transfer_time': 0, 'waiting_time': 553, 'trip_time': 4110, 'num_transfers': 4, 'departure_time': 8417, 'departure_day': 'current_day', 'arrival_time': 13080, 'arrival_day': 'current_day', 'steps': [{'duration': 450, 'departure_time': 8970, 'arrival_time': 9420, 'day': 'current_day', 'from_stop_id': '231-2', 'to_stop_id': 'B-2', 'trip_id': '4-0-9', 'agency_name': 'Unknown'}, {'duration': 30, 'departure_time': 9420, 'arrival_time': 9450, 'day': 'current_day', 'from_stop_id': 'B-2', 'to_stop_id': 'B-0', 'trip_id': 'walking', 'agency_name': 'Unknown'}, {'duration': 1800, 'departure_time': 10500, 'arrival_time': 12300, 'day': 'current_day', 'from_stop_id': 'B-0', 'to_stop_id': 'A-0', 'trip_id': 'IE-7-1', 'agency_name': 'Unknown'}, {'duration': 30, 'departure_time': 12300, 'arrival_time': 12330, 'day': 'current_day', 'from_stop_id': 'A-0', 'to_stop_id': 'A-1', 'trip_id': 'walking', 'agency_name': 'Unknown'}, {'duration': 360, 'departure_time': 12720, 'arrival_time': 13080, 'day': 'current_day', 'from_stop_id': 'A-1', 'to_stop_id': '60-1', 'trip_id': '1-0-15', 'agency_name': 'Unknown'}]}",7037.0
153,45,3990,inter,right,377,[182],[55],1500,1127,500,375,5117,5177.0,10080.0,10140.0,4903.0,4.0,182,55,,,pt,10515.0,6525.0,"{'duration': 4903, 'source_transfer_time': 0, 'waiting_time': 493, 'trip_time': 4410, 'num_transfers': 4, 'departure_time': 5177, 'departure_day': 'current_day', 'arrival_time': 10080, 'arrival_day': 'current_day', 'steps': [{'duration': 450, 'departure_time': 5670, 'arrival_time': 6120, 'day': 'current_day', 'from_stop_id': '182-1', 'to_stop_id': 'B-1', 'trip_id': '3-1-4', 'agency_name': 'Unknown'}, {'duration': 30, 'departure_time': 6120, 'arrival_time': 6150, 'day': 'current_day', 'from_stop_id': 'B-1', 'to_stop_id': 'B-0', 'trip_id': 'walking', 'agency_name': 'Unknown'}, {'duration': 1800, 'departure_time': 7500, 'arrival_time': 9300, 'day': 'current_day', 'from_stop_id': 'B-0', 'to_stop_id': 'A-0', 'trip_id': 'IE-5-1', 'agency_name': 'Unknown'}, {'duration': 30, 'departure_time': 9300, 'arrival_time': 9330, 'day': 'current_day', 'from_stop_id': 'A-0', 'to_stop_id': 'A-1', 'trip_id': 'walking', 'agency_name': 'Unknown'}, {'duration': 360, 'departure_time': 9720, 'arrival_time': 10080, 'day': 'current_day', 'from_stop_id': 'A-1', 'to_stop_id': '55-1', 'trip_id': '1-1-10', 'agency_name': 'Unknown'}]}",6525.0
158,109,11700,inter,right,378,[159],[110],500,375,500,375,12075,12135.0,15870.0,15930.0,3735.0,4.0,159,110,,,pt,16305.0,4605.0,"{'duration': 3735, 'source_transfer_time': 0, 'waiting_time': 105, 'trip_time': 3630, 'num_transfers': 4, 'departure_time': 12135, 'departure_day': 'current_day', 'arrival_time': 15870, 'arrival_day': 'current_day', 'steps': [{'duration': 180, 'departure_time': 12240, 'arrival_time': 12420, 'day': 'current_day', 'from_stop_id': '159-2', 'to_stop_id': 'B-2', 'trip_id': '4-1-14', 'agency_name': 'Unknown'}, {'duration': 30, 'departure_time': 12420, 'arrival_time': 12450, 'day': 'current_day', 'from_stop_id': 'B-2', 'to_stop_id': 'B-0', 'trip_id': 'walking', 'agency_name': 'Unknown'}, {'duration': 1800, 'departure_time': 13500, 'arrival_time': 15300, 'day': 'current_day', 'from_stop_id': 'B-0', 'to_stop_id': 'A-0', 'trip_id': 'IE-9-1', 'agency_name': 'Unknown'}, {'duration': 30, 'departure_time': 15300, 'arrival_time': 15330, 'day': 'current_day', 'from_stop_id': 'A-0', 'to_stop_id': 'A-2', 'trip_id': 'walking', 'agency_name': 'Unknown'}, {'duration': 450, 'departure_time': 15420, 'arrival_time': 15870, 'day': 'current_day', 'from_stop_id': 'A-2', 'to_stop_id': '110-2', 'trip_id': '2-1-19', 'agency_name': 'Unknown'}]}",4605.0
127,70,11130,inter,right,379,[126],[60],500,375,500,375,11505,11565.0,16080.0,16140.0,4515.0,4.0,126,60,,,pt,16515.0,5385.0,"{'duration': 4515, 'source_transfer_time': 0, 'waiting_time': 405, 'trip_time': 4110, 'num_transfers': 4, 'departure_time': 11565, 'departure_day': 'current_day', 'arrival_time': 16080, 'arrival_day': 'current_day', 'steps': [{'duration': 450, 'departure_time': 11970, 'arrival_time': 12420, 'day': 'current_day', 'from_stop_id': '126-2', 'to_stop_id': 'B-2', 'trip_id': '4-1-14', 'agency_name': 'Unknown'}, {'duration': 30, 'departure_time': 12420, 'arrival_time': 12450, 'day': 'current_day', 'from_stop_id': 'B-2', 'to_stop_id': 'B-0', 'trip_id': 'walking', 'agency_name': 'Unknown'}, {'duration': 1800, 'departure_time': 13500, 'arrival_time': 15300, 'day': 'current_day', 'from_stop_id': 'B-0', 'to_stop_id': 'A-0', 'trip_id': 'IE-9-1', 'agency_name': 'Unknown'}, {'duration': 30, 'departure_time': 15300, 'arrival_time': 15330, 'day': 'current_day', 'from_stop_id': 'A-0', 'to_stop_id': 'A-1', 'trip_id': 'walking', 'agency_name': 'Unknown'}, {'duration': 360, 'departure_time': 15720, 'arrival_time': 16080, 'day': 'current_day', 'from_stop_id': 'A-1', 'to_stop_id': '60-1', 'trip_id': '1-0-20', 'agency_name': 'Unknown'}]}",5385.0
216,48,5460,inter,right,380,[176; 220],[116; 117],2000,1503,500,375,6963,7023.0,11010.0,11070.0,3987.0,4.0,176,117,,,pt,11445.0,5985.0,"{'duration': 3987, 'source_transfer_time': 0, 'waiting_time': 537, 'trip_time': 3450, 'num_transfers': 4, 'departure_time': 7023, 'departure_day': 'current_day', 'arrival_time': 11010, 'arrival_day': 'current_day', 'steps': [{'duration': 360, 'departure_time': 7560, 'arrival_time': 7920, 'day': 'current_day', 'from_stop_id': '176-1', 'to_stop_id': 'B-1', 'trip_id': '3-0-7', 'agency_name': 'Unknown'}, {'duration': 30, 'departure_time': 7920, 'arrival_time': 7950, 'day': 'current_day', 'from_stop_id': 'B-1', 'to_stop_id': 'B-0', 'trip_id': 'walking', 'agency_name': 'Unknown'}, {'duration': 1800, 'departure_time': 9000, 'arrival_time': 10800, 'day': 'current_day', 'from_stop_id': 'B-0', 'to_stop_id': 'A-0', 'trip_id': 'IE-6-1', 'agency_name': 'Unknown'}, {'duration': 30, 'departure_time': 10800, 'arrival_time': 10830, 'day': 'current_day', 'from_stop_id': 'A-0', 'to_stop_id': 'A-1', 'trip_id': 'walking', 'agency_name': 'Unknown'}, {'duration': 90, 'departure_time': 10920, 'arrival_time': 11010, 'day': 'current_day', 'from_stop_id': 'A-1', 'to_stop_id': '117-1', 'trip_id': '1-1-12', 'agency_name': 'Unknown'}]}",5985.0
187,84,3780,inter,right,381,[238; 240],[55],500,375,1500,1127,4155,4215.0,7080.0,7140.0,2865.0,4.0,238,55,,,pt,8267.0,4487.0,"{'duration': 2865, 'source_transfer_time': 0, 'waiting_time': 15, 'trip_time': 2850, 'num_transfers': 4, 'departure_time': 4215, 'departure_day': 'current_day', 'arrival_time': 7080, 'arrival_day': 'current_day', 'steps': [{'duration': 90, 'departure_time': 4230, 'arrival_time': 4320, 'day': 'current_day', 'from_stop_id': '238-1', 'to_stop_id': 'B-1', 'trip_id': '3-0-1', 'agency_name': 'Unknown'}, {'duration': 30, 'departure_time': 4320, 'arrival_time': 4350, 'day': 'current_day', 'from_stop_id': 'B-1', 'to_stop_id': 'B-0', 'trip_id': 'walking', 'agency_name': 'Unknown'}, {'duration': 1800, 'departure_time': 4500, 'arrival_time': 6300, 'day': 'current_day', 'from_stop_id': 'B-0', 'to_stop_id': 'A-0', 'trip_id': 'IE-3-1', 'agency_name': 'Unknown'}, {'duration': 30, 'departure_time': 6300, 'arrival_time': 6330, 'day': 'current_day', 'from_stop_id': 'A-0', 'to_stop_id': 'A-1', 'trip_id': 'walking', 'agency_name': 'Unknown'}, {'duration': 360, 'departure_time': 6720, 'arrival_time': 7080, 'day': 'current_day', 'from_stop_id': 'A-1', 'to_stop_id': '55-1', 'trip_id': '1-1-5', 'agency_name': 'Unknown'}]}",4487.0
172,102,12150,inter,right,382,[180],[99],500,375,1500,1127,12525,12585.0,15780.0,15840.0,3195.0,4.0,180,99,,,pt,16967.0,4817.0,"{'duration': 3195, 'source_transfer_time': 0, 'waiting_time': 465, 'trip_time': 2730, 'num_transfers': 4, 'departure_time': 12585, 'departure_day': 'current_day', 'arrival_time': 15780, 'arrival_day': 'current_day', 'steps': [{'duration': 270, 'departure_time': 13050, 'arrival_time': 13320, 'day': 'current_day', 'from_stop_id': '180-1', 'to_stop_id': 'B-1', 'trip_id': '3-1-16', 'agency_name': 'Unknown'}, {'duration': 30, 'departure_time': 13320, 'arrival_time': 13350, 'day': 'current_day', 'from_stop_id': 'B-1', 'to_stop_id': 'B-0', 'trip_id': 'walking', 'agency_name': 'Unknown'}, {'duration': 1800, 'departure_time': 13500, 'arrival_time': 15300, 'day': 'current_day', 'from_stop_id': 'B-0', 'to_stop_id': 'A-0', 'trip_id': 'IE-9-1', 'agency_name': 'Unknown'}, {'duration': 30, 'departure_time': 15300, 'arrival_time': 15330, 'day': 'current_day', 'from_stop_id': 'A-0', 'to_stop_id': 'A-2', 'trip_id': 'walking', 'agency_name': 'Unknown'}, {'duration': 360, 'departure_time': 15420, 'arrival_time': 15780, 'day': 'current_day', 'from_stop_id': 'A-2', 'to_stop_id': '99-2', 'trip_id': '2-1-19', 'agency_name': 'Unknown'}]}",4817.0
130,27,11370,inter,right,383,[126],[27],2000,1503,0,0,12873,12933.0,17490.0,17550.0,4557.0,4.0,126,27,,,pt,17550.0,6180.0,"{'duration': 4557, 'source_transfer_time': 0, 'waiting_time': 237, 'trip_time': 4320, 'num_transfers': 4, 'departure_time': 12933, 'departure_day': 'current_day', 'arrival_time': 17490, 'arrival_day': 'current_day', 'steps': [{'duration': 450, 'departure_time': 13170, 'arrival_time': 13620, 'day': 'current_day', 'from_stop_id': '126-2', 'to_stop_id': 'B-2', 'trip_id': '4-1-16', 'agency_name': 'Unknown'}, {'duration': 30, 'departure_time': 13620, 'arrival_time': 13650, 'day': 'current_day', 'from_stop_id': 'B-2', 'to_stop_id': 'B-0', 'trip_id': 'walking', 'agency_name': 'Unknown'}, {'duration': 1800, 'departure_time': 15000, 'arrival_time': 16800, 'day': 'current_day', 'from_stop_id': 'B-0', 'to_stop_id': 'A-0', 'trip_id': 'IE-10-1', 'agency_name': 'Unknown'}, {'duration': 30, 'departure_time': 16800, 'arrival_time': 16830, 'day': 'current_day', 'from_stop_id': 'A-0', 'to_stop_id': 'A-2', 'trip_id': 'walking', 'agency_name': 'Unknown'}, {'duration': 270, 'departure_time': 17220, 'arrival_time': 17490, 'day': 'current_day', 'from_stop_id': 'A-2', 'to_stop_id': '27-2', 'trip_id': '2-0-22', 'agency_name': 'Unknown'}]}",6180.0
196,56,8490,inter,right,384,[178; 198],[56],1000,751,0,0,9241,9301.0,12990.0,13050.0,3689.0,4.0,178,56,,,pt,13050.0,4560.0,"{'duration': 3689, 'source_transfer_time': 0, 'waiting_time': 239, 'trip_time': 3450, 'num_transfers': 4, 'departure_time': 9301, 'departure_day': 'current_day', 'arrival_time': 12990, 'arrival_day': 'current_day', 'steps': [{'duration': 180, 'departure_time': 9540, 'arrival_time': 9720, 'day': 'current_day', 'from_stop_id': '178-1', 'to_stop_id': 'B-1', 'trip_id': '3-0-10', 'agency_name': 'Unknown'}, {'duration': 30, 'departure_time': 9720, 'arrival_time': 9750, 'day': 'current_day', 'from_stop_id': 'B-1', 'to_stop_id': 'B-0', 'trip_id': 'walking', 'agency_name': 'Unknown'}, {'duration': 1800, 'departure_time': 10500, 'arrival_time': 12300, 'day': 'current_day', 'from_stop_id': 'B-0', 'to_stop_id': 'A-0', 'trip_id': 'IE-7-1', 'agency_name': 'Unknown'}, {'duration': 30, 'departure_time': 12300, 'arrival_time': 12330, 'day': 'current_day', 'from_stop_id': 'A-0', 'to_stop_id': 'A-1', 'trip_id': 'walking', 'agency_name': 'Unknown'}, {'duration': 270, 'departure_time': 12720, 'arrival_time': 12990, 'day': 'current_day', 'from_stop_id': 'A-1', 'to_stop_id': '56-1', 'trip_id': '1-1-15', 'agency_name': 'Unknown'}]}",4560.0
210,111,5490,inter,right,385,[209],[110],500,375,500,375,5865,5925.0,9870.0,9930.0,3945.0,4.0,209,110,,,pt,10305.0,4815.0,"{'duration': 3945, 'source_transfer_time': 0, 'waiting_time': 225, 'trip_time': 3720, 'num_transfers': 4, 'departure_time': 5925, 'departure_day': 'current_day', 'arrival_time': 9870, 'arrival_day': 'current_day', 'steps': [{'duration': 270, 'departure_time': 6150, 'arrival_time': 6420, 'day': 'current_day', 'from_stop_id': '209-2', 'to_stop_id': 'B-2', 'trip_id': '4-0-4', 'agency_name': 'Unknown'}, {'duration': 30, 'departure_time': 6420, 'arrival_time': 6450, 'day': 'current_day', 'from_stop_id': 'B-2', 'to_stop_id': 'B-0', 'trip_id': 'walking', 'agency_name': 'Unknown'}, {'duration': 1800, 'departure_time': 7500, 'arrival_time': 9300, 'day': 'current_day', 'from_stop_id': 'B-0', 'to_stop_id': 'A-0', 'trip_id': 'IE-5-1', 'agency_name': 'Unknown'}, {'duration': 30, 'departure_time': 9300, 'arrival_time': 9330, 'day': 'current_day', 'from_stop_id': 'A-0', 'to_stop_id': 'A-2', 'trip_id': 'walking', 'agency_name': 'Unknown'}, {'duration': 450, 'departure_time': 9420, 'arrival_time': 9870, 'day': 'current_day', 'from_stop_id': 'A-2', 'to_stop_id': '110-2', 'trip_id': '2-1-9', 'agency_name': 'Unknown'}]}",4815.0
152,111,9030,inter,right,386,[181],[110],1500,1127,500,375,10157,10217.0,14670.0,14730.0,4453.0,4.0,181,110,,,pt,15105.0,6075.0,"{'duration': 4453, 'source_transfer_time': 0, 'waiting_time': 343, 'trip_time': 4110, 'num_transfers': 4, 'departure_time': 10217, 'departure_day': 'current_day', 'arrival_time': 14670, 'arrival_day': 'current_day', 'steps': [{'duration': 360, 'departure_time': 10560, 'arrival_time': 10920, 'day': 'current_day', 'from_stop_id': '181-1', 'to_stop_id': 'B-1', 'trip_id': '3-1-12', 'agency_name': 'Unknown'}, {'duration': 30, 'departure_time': 10920, 'arrival_time': 10950, 'day': 'current_day', 'from_stop_id': 'B-1', 'to_stop_id': 'B-0', 'trip_id': 'walking', 'agency_name': 'Unknown'}, {'duration': 1800, 'departure_time': 12000, 'arrival_time': 13800, 'day': 'current_day', 'from_stop_id': 'B-0', 'to_stop_id': 'A-0', 'trip_id': 'IE-8-1', 'agency_name': 'Unknown'}, {'duration': 30, 'departure_time': 13800, 'arrival_time': 13830, 'day': 'current_day', 'from_stop_id': 'A-0', 'to_stop_id': 'A-2', 'trip_id': 'walking', 'agency_name': 'Unknown'}, {'duration': 450, 'departure_time': 14220, 'arrival_time': 14670, 'day': 'current_day', 'from_stop_id': 'A-2', 'to_stop_id': '110-2', 'trip_id': '2-1-17', 'agency_name': 'Unknown'}]}",6075.0
225,72,12630,inter,right,387,[182],[54],2000,1503,1000,751,14133,14193.0,19170.0,19230.0,4977.0,4.0,182,54,,,pt,19981.0,7351.0,"{'duration': 4977, 'source_transfer_time': 0, 'waiting_time': 477, 'trip_time': 4500, 'num_transfers': 4, 'departure_time': 14193, 'departure_day': 'current_day', 'arrival_time': 19170, 'arrival_day': 'current_day', 'steps': [{'duration': 450, 'departure_time': 14670, 'arrival_time': 15120, 'day': 'current_day', 'from_stop_id': '182-1', 'to_stop_id': 'B-1', 'trip_id': '3-1-19', 'agency_name': 'Unknown'}, {'duration': 30, 'departure_time': 15120, 'arrival_time': 15150, 'day': 'current_day', 'from_stop_id': 'B-1', 'to_stop_id': 'B-0', 'trip_id': 'walking', 'agency_name': 'Unknown'}, {'duration': 1800, 'departure_time': 16500, 'arrival_time': 18300, 'day': 'current_day', 'from_stop_id': 'B-0', 'to_stop_id': 'A-0', 'trip_id': 'IE-11-1', 'agency_name': 'Unknown'}, {'duration': 30, 'departure_time': 18300, 'arrival_time': 18330, 'day': 'current_day', 'from_stop_id': 'A-0', 'to_stop_id': 'A-1', 'trip_id': 'walking', 'agency_name': 'Unknown'}, {'duration': 450, 'departure_time': 18720, 'arrival_time': 19170, 'day': 'current_day', 'from_stop_id': 'A-1', 'to_stop_id': '54-1', 'trip_id': '1-1-25', 'agency_name': 'Unknown'}]}",7351.0
144,53,7680,inter,right,388,[176],[61],1500,1127,500,375,8807,8867.0,13170.0,13230.0,4303.0,4.0,176,61,,,pt,13605.0,5925.0,"{'duration': 4303, 'source_transfer_time': 0, 'waiting_time': 493, 'trip_time': 3810, 'num_transfers': 4, 'departure_time': 8867, 'departure_day': 'current_day', 'arrival_time': 13170, 'arrival_day': 'current_day', 'steps': [{'duration': 360, 'departure_time': 9360, 'arrival_time': 9720, 'day': 'current_day', 'from_stop_id': '176-1', 'to_stop_id': 'B-1', 'trip_id': '3-0-10', 'agency_name': 'Unknown'}, {'duration': 30, 'departure_time': 9720, 'arrival_time': 9750, 'day': 'current_day', 'from_stop_id': 'B-1', 'to_stop_id': 'B-0', 'trip_id': 'walking', 'agency_name': 'Unknown'}, {'duration': 1800, 'departure_time': 10500, 'arrival_time': 12300, 'day': 'current_day', 'from_stop_id': 'B-0', 'to_stop_id': 'A-0', 'trip_id': 'IE-7-1', 'agency_name': 'Unknown'}, {'duration': 30, 'departure_time': 12300, 'arrival_time': 12330, 'day': 'current_day', 'from_stop_id': 'A-0', 'to_stop_id': 'A-1', 'trip_id': 'walking', 'agency_name': 'Unknown'}, {'duration': 450, 'departure_time': 12720, 'arrival_time': 13170, 'day': 'current_day', 'from_stop_id': 'A-1', 'to_stop_id': '61-1', 'trip_id': '1-0-15', 'agency_name': 'Unknown'}]}",5925.0
226,33,9360,inter,right,389,[175; 231],[54],2500,1879,1000,751,11239,11299.0,14370.0,14430.0,3071.0,4.0,231,54,,,pt,15181.0,5821.0,"{'duration': 3071, 'source_transfer_time': 0, 'waiting_time': 71, 'trip_time': 3000, 'num_transfers': 4, 'departure_time': 11299, 'departure_day': 'current_day', 'arrival_time': 14370, 'arrival_day': 'current_day', 'steps': [{'duration': 450, 'departure_time': 11370, 'arrival_time': 11820, 'day': 'current_day', 'from_stop_id': '231-2', 'to_stop_id': 'B-2', 'trip_id': '4-0-13', 'agency_name': 'Unknown'}, {'duration': 30, 'departure_time': 11820, 'arrival_time': 11850, 'day': 'current_day', 'from_stop_id': 'B-2', 'to_stop_id': 'B-0', 'trip_id': 'walking', 'agency_name': 'Unknown'}, {'duration': 1800, 'departure_time': 12000, 'arrival_time': 13800, 'day': 'current_day', 'from_stop_id': 'B-0', 'to_stop_id': 'A-0', 'trip_id': 'IE-8-1', 'agency_name': 'Unknown'}, {'duration': 30, 'departure_time': 13800, 'arrival_time': 13830, 'day': 'current_day', 'from_stop_id': 'A-0', 'to_stop_id': 'A-1', 'trip_id': 'walking', 'agency_name': 'Unknown'}, {'duration': 450, 'departure_time': 13920, 'arrival_time': 14370, 'day': 'current_day', 'from_stop_id': 'A-1', 'to_stop_id': '54-1', 'trip_id': '1-1-17', 'agency_name': 'Unknown'}]}",5821.0
134,13,9390,inter,right,390,[137],[16],1500,1127,1500,1127,10517,10577.0,14580.0,14640.0,4003.0,4.0,137,16,,,pt,15767.0,6377.0,"{'duration': 4003, 'source_transfer_time': 0, 'waiting_time': 283, 'trip_time': 3720, 'num_transfers': 4, 'departure_time': 10577, 'departure_day': 'current_day', 'arrival_time': 14580, 'arrival_day': 'current_day', 'steps': [{'duration': 360, 'departure_time': 10860, 'arrival_time': 11220, 'day': 'current_day', 'from_stop_id': '137-2', 'to_stop_id': 'B-2', 'trip_id': '4-1-12', 'agency_name': 'Unknown'}, {'duration': 30, 'departure_time': 11220, 'arrival_time': 11250, 'day': 'current_day', 'from_stop_id': 'B-2', 'to_stop_id': 'B-0', 'trip_id': 'walking', 'agency_name': 'Unknown'}, {'duration': 1800, 'departure_time': 12000, 'arrival_time': 13800, 'day': 'current_day', 'from_stop_id': 'B-0', 'to_stop_id': 'A-0', 'trip_id': 'IE-8-1', 'agency_name': 'Unknown'}, {'duration': 30, 'departure_time': 13800, 'arrival_time': 13830, 'day': 'current_day', 'from_stop_id': 'A-0', 'to_stop_id': 'A-2', 'trip_id': 'walking', 'agency_name': 'Unknown'}, {'duration': 360, 'departure_time': 14220, 'arrival_time': 14580, 'day': 'current_day', 'from_stop_id': 'A-2', 'to_stop_id': '16-2', 'trip_id': '2-0-17', 'agency_name': 'Unknown'}]}",6377.0
161,25,9570,inter,right,391,[159; 179],[27],1000,751,1000,751,10321,10381.0,14490.0,14550.0,4109.0,4.0,159,27,,,pt,15301.0,5731.0,"{'duration': 4109, 'source_transfer_time': 0, 'waiting_time': 59, 'trip_time': 4050, 'num_transfers': 4, 'departure_time': 10381, 'departure_day': 'current_day', 'arrival_time': 14490, 'arrival_day': 'current_day', 'steps': [{'duration': 180, 'departure_time': 10440, 'arrival_time': 10620, 'day': 'current_day', 'from_stop_id': '159-2', 'to_stop_id': 'B-2', 'trip_id': '4-1-11', 'agency_name': 'Unknown'}, {'duration': 30, 'departure_time': 10620, 'arrival_time': 10650, 'day': 'current_day', 'from_stop_id': 'B-2', 'to_stop_id': 'B-0', 'trip_id': 'walking', 'agency_name': 'Unknown'}, {'duration': 1800, 'departure_time': 12000, 'arrival_time': 13800, 'day': 'current_day', 'from_stop_id': 'B-0', 'to_stop_id': 'A-0', 'trip_id': 'IE-8-1', 'agency_name': 'Unknown'}, {'duration': 30, 'departure_time': 13800, 'arrival_time': 13830, 'day': 'current_day', 'from_stop_id': 'A-0', 'to_stop_id': 'A-2', 'trip_id': 'walking', 'agency_name': 'Unknown'}, {'duration': 270, 'departure_time': 14220, 'arrival_time': 14490, 'day': 'current_day', 'from_stop_id': 'A-2', 'to_stop_id': '27-2', 'trip_id': '2-0-17', 'agency_name': 'Unknown'}]}",5731.0
153,26,8820,inter,right,392,[182],[27],1500,1127,500,375,9947,10007.0,14490.0,14550.0,4483.0,4.0,182,27,,,pt,14925.0,6105.0,"{'duration': 4483, 'source_transfer_time': 0, 'waiting_time': 463, 'trip_time': 4020, 'num_transfers': 4, 'departure_time': 10007, 'departure_day': 'current_day', 'arrival_time': 14490, 'arrival_day': 'current_day', 'steps': [{'duration': 450, 'departure_time': 10470, 'arrival_time': 10920, 'day': 'current_day', 'from_stop_id': '182-1', 'to_stop_id': 'B-1', 'trip_id': '3-1-12', 'agency_name': 'Unknown'}, {'duration': 30, 'departure_time': 10920, 'arrival_time': 10950, 'day': 'current_day', 'from_stop_id': 'B-1', 'to_stop_id': 'B-0', 'trip_id': 'walking', 'agency_name': 'Unknown'}, {'duration': 1800, 'departure_time': 12000, 'arrival_time': 13800, 'day': 'current_day', 'from_stop_id': 'B-0', 'to_stop_id': 'A-0', 'trip_id': 'IE-8-1', 'agency_name': 'Unknown'}, {'duration': 30, 'departure_time': 13800, 'arrival_time': 13830, 'day': 'current_day', 'from_stop_id': 'A-0', 'to_stop_id': 'A-2', 'trip_id': 'walking', 'agency_name': 'Unknown'}, {'duration': 270, 'departure_time': 14220, 'arrival_time': 14490, 'day': 'current_day', 'from_stop_id': 'A-2', 'to_stop_id': '27-2', 'trip_id': '2-0-17', 'agency_name': 'Unknown'}]}",6105.0
228,92,9630,inter,right,393,[231],[60],1500,1127,1500,1127,10757,10817.0,14280.0,14340.0,3463.0,4.0,231,60,,,pt,15467.0,5837.0,"{'duration': 3463, 'source_transfer_time': 0, 'waiting_time': 553, 'trip_time': 2910, 'num_transfers': 4, 'departure_time': 10817, 'departure_day': 'current_day', 'arrival_time': 14280, 'arrival_day': 'current_day', 'steps': [{'duration': 450, 'departure_time': 11370, 'arrival_time': 11820, 'day': 'current_day', 'from_stop_id': '231-2', 'to_stop_id': 'B-2', 'trip_id': '4-0-13', 'agency_name': 'Unknown'}, {'duration': 30, 'departure_time': 11820, 'arrival_time': 11850, 'day': 'current_day', 'from_stop_id': 'B-2', 'to_stop_id': 'B-0', 'trip_id': 'walking', 'agency_name': 'Unknown'}, {'duration': 1800, 'departure_time': 12000, 'arrival_time': 13800, 'day': 'current_day', 'from_stop_id': 'B-0', 'to_stop_id': 'A-0', 'trip_id': 'IE-8-1', 'agency_name': 'Unknown'}, {'duration': 30, 'departure_time': 13800, 'arrival_time': 13830, 'day': 'current_day', 'from_stop_id': 'A-0', 'to_stop_id': 'A-1', 'trip_id': 'walking', 'agency_name': 'Unknown'}, {'duration': 360, 'departure_time': 13920, 'arrival_time': 14280, 'day': 'current_day', 'from_stop_id': 'A-1', 'to_stop_id': '60-1', 'trip_id': '1-0-17', 'agency_name': 'Unknown'}]}",5837.0
218,50,11400,inter,right,394,[220],[58],1000,751,500,375,12151,12211.0,15900.0,15960.0,3689.0,4.0,220,58,,,pt,16335.0,4935.0,"{'duration': 3689, 'source_transfer_time': 0, 'waiting_time': 449, 'trip_time': 3240, 'num_transfers': 4, 'departure_time': 12211, 'departure_day': 'current_day', 'arrival_time': 15900, 'arrival_day': 'current_day', 'steps': [{'duration': 360, 'departure_time': 12660, 'arrival_time': 13020, 'day': 'current_day', 'from_stop_id': '220-2', 'to_stop_id': 'B-2', 'trip_id': '4-0-15', 'agency_name': 'Unknown'}, {'duration': 30, 'departure_time': 13020, 'arrival_time': 13050, 'day': 'current_day', 'from_stop_id': 'B-2', 'to_stop_id': 'B-0', 'trip_id': 'walking', 'agency_name': 'Unknown'}, {'duration': 1800, 'departure_time': 13500, 'arrival_time': 15300, 'day': 'current_day', 'from_stop_id': 'B-0', 'to_stop_id': 'A-0', 'trip_id': 'IE-9-1', 'agency_name': 'Unknown'}, {'duration': 30, 'departure_time': 15300, 'arrival_time': 15330, 'day': 'current_day', 'from_stop_id': 'A-0', 'to_stop_id': 'A-1', 'trip_id': 'walking', 'agency_name': 'Unknown'}, {'duration': 180, 'departure_time': 15720, 'arrival_time': 15900, 'day': 'current_day', 'from_stop_id': 'A-1', 'to_stop_id': '58-1', 'trip_id': '1-0-20', 'agency_name': 'Unknown'}]}",4935.0
145,26,4440,inter,right,395,[148; 177],[27],1500,1127,500,375,5567,5627.0,9690.0,9750.0,4063.0,4.0,148,27,,,pt,10125.0,5685.0,"{'duration': 4063, 'source_transfer_time': 0, 'waiting_time': 523, 'trip_time': 3540, 'num_transfers': 4, 'departure_time': 5627, 'departure_day': 'current_day', 'arrival_time': 9690, 'arrival_day': 'current_day', 'steps': [{'duration': 270, 'departure_time': 6150, 'arrival_time': 6420, 'day': 'current_day', 'from_stop_id': '148-2', 'to_stop_id': 'B-2', 'trip_id': '4-1-4', 'agency_name': 'Unknown'}, {'duration': 30, 'departure_time': 6420, 'arrival_time': 6450, 'day': 'current_day', 'from_stop_id': 'B-2', 'to_stop_id': 'B-0', 'trip_id': 'walking', 'agency_name': 'Unknown'}, {'duration': 1800, 'departure_time': 7500, 'arrival_time': 9300, 'day': 'current_day', 'from_stop_id': 'B-0', 'to_stop_id': 'A-0', 'trip_id': 'IE-5-1', 'agency_name': 'Unknown'}, {'duration': 30, 'departure_time': 9300, 'arrival_time': 9330, 'day': 'current_day', 'from_stop_id': 'A-0', 'to_stop_id': 'A-2', 'trip_id': 'walking', 'agency_name': 'Unknown'}, {'duration': 270, 'departure_time': 9420, 'arrival_time': 9690, 'day': 'current_day', 'from_stop_id': 'A-2', 'to_stop_id': '27-2', 'trip_id': '2-0-9', 'agency_name': 'Unknown'}]}",5685.0
171,107,11400,inter,right,396,[179],[110],500,375,1500,1127,11775,11835.0,15870.0,15930.0,4035.0,4.0,179,110,,,pt,17057.0,5657.0,"{'duration': 4035, 'source_transfer_time': 0, 'waiting_time': 105, 'trip_time': 3930, 'num_transfers': 4, 'departure_time': 11835, 'departure_day': 'current_day', 'arrival_time': 15870, 'arrival_day': 'current_day', 'steps': [{'duration': 180, 'departure_time': 11940, 'arrival_time': 12120, 'day': 'current_day', 'from_stop_id': '179-1', 'to_stop_id': 'B-1', 'trip_id': '3-1-14', 'agency_name': 'Unknown'}, {'duration': 30, 'departure_time': 12120, 'arrival_time': 12150, 'day': 'current_day', 'from_stop_id': 'B-1', 'to_stop_id': 'B-0', 'trip_id': 'walking', 'agency_name': 'Unknown'}, {'duration': 1800, 'departure_time': 13500, 'arrival_time': 15300, 'day': 'current_day', 'from_stop_id': 'B-0', 'to_stop_id': 'A-0', 'trip_id': 'IE-9-1', 'agency_name': 'Unknown'}, {'duration': 30, 'departure_time': 15300, 'arrival_time': 15330, 'day': 'current_day', 'from_stop_id': 'A-0', 'to_stop_id': 'A-2', 'trip_id': 'walking', 'agency_name': 'Unknown'}, {'duration': 450, 'departure_time': 15420, 'arrival_time': 15870, 'day': 'current_day', 'from_stop_id': 'A-2', 'to_stop_id': '110-2', 'trip_id': '2-1-19', 'agency_name': 'Unknown'}]}",5657.0
193,111,4110,inter,right,397,[175],[110],1000,751,500,375,4861,4921.0,8670.0,8730.0,3749.0,4.0,175,110,,,pt,9105.0,4995.0,"{'duration': 3749, 'source_transfer_time': 0, 'waiting_time': 149, 'trip_time': 3600, 'num_transfers': 4, 'departure_time': 4921, 'departure_day': 'current_day', 'arrival_time': 8670, 'arrival_day': 'current_day', 'steps': [{'duration': 450, 'departure_time': 5070, 'arrival_time': 5520, 'day': 'current_day', 'from_stop_id': '175-1', 'to_stop_id': 'B-1', 'trip_id': '3-0-3', 'agency_name': 'Unknown'}, {'duration': 30, 'departure_time': 5520, 'arrival_time': 5550, 'day': 'current_day', 'from_stop_id': 'B-1', 'to_stop_id': 'B-0', 'trip_id': 'walking', 'agency_name': 'Unknown'}, {'duration': 1800, 'departure_time': 6000, 'arrival_time': 7800, 'day': 'current_day', 'from_stop_id': 'B-0', 'to_stop_id': 'A-0', 'trip_id': 'IE-4-1', 'agency_name': 'Unknown'}, {'duration': 30, 'departure_time': 7800, 'arrival_time': 7830, 'day': 'current_day', 'from_stop_id': 'A-0', 'to_stop_id': 'A-2', 'trip_id': 'walking', 'agency_name': 'Unknown'}, {'duration': 450, 'departure_time': 8220, 'arrival_time': 8670, 'day': 'current_day', 'from_stop_id': 'A-2', 'to_stop_id': '110-2', 'trip_id': '2-1-7', 'agency_name': 'Unknown'}]}",4995.0
213,22,12480,inter,right,398,[181],[54],1500,1127,1500,1127,13607,13667.0,17370.0,17430.0,3703.0,4.0,181,54,,,pt,18557.0,6077.0,"{'duration': 3703, 'source_transfer_time': 0, 'waiting_time': 493, 'trip_time': 3210, 'num_transfers': 4, 'departure_time': 13667, 'departure_day': 'current_day', 'arrival_time': 17370, 'arrival_day': 'current_day', 'steps': [{'duration': 360, 'departure_time': 14160, 'arrival_time': 14520, 'day': 'current_day', 'from_stop_id': '181-1', 'to_stop_id': 'B-1', 'trip_id': '3-1-18', 'agency_name': 'Unknown'}, {'duration': 30, 'departure_time': 14520, 'arrival_time': 14550, 'day': 'current_day', 'from_stop_id': 'B-1', 'to_stop_id': 'B-0', 'trip_id': 'walking', 'agency_name': 'Unknown'}, {'duration': 1800, 'departure_time': 15000, 'arrival_time': 16800, 'day': 'current_day', 'from_stop_id': 'B-0', 'to_stop_id': 'A-0', 'trip_id': 'IE-10-1', 'agency_name': 'Unknown'}, {'duration': 30, 'departure_time': 16800, 'arrival_time': 16830, 'day': 'current_day', 'from_stop_id': 'A-0', 'to_stop_id': 'A-1', 'trip_id': 'walking', 'agency_name': 'Unknown'}, {'duration': 450, 'departure_time': 16920, 'arrival_time': 17370, 'day': 'current_day', 'from_stop_id': 'A-1', 'to_stop_id': '54-1', 'trip_id': '1-1-22', 'agency_name': 'Unknown'}]}",6077.0
199,107,9660,inter,right,399,[198],[110],500,375,1500,1127,10035,10095.0,14670.0,14730.0,4575.0,4.0,198,110,,,pt,15857.0,6197.0,"{'duration': 4575, 'source_transfer_time': 0, 'waiting_time': 345, 'trip_time': 4230, 'num_transfers': 4, 'departure_time': 10095, 'departure_day': 'current_day', 'arrival_time': 14670, 'arrival_day': 'current_day', 'steps': [{'duration': 180, 'departure_time': 10440, 'arrival_time': 10620, 'day': 'current_day', 'from_stop_id': '198-2', 'to_stop_id': 'B-2', 'trip_id': '4-0-11', 'agency_name': 'Unknown'}, {'duration': 30, 'departure_time': 10620, 'arrival_time': 10650, 'day': 'current_day', 'from_stop_id': 'B-2', 'to_stop_id': 'B-0', 'trip_id': 'walking', 'agency_name': 'Unknown'}, {'duration': 1800, 'departure_time': 12000, 'arrival_time': 13800, 'day': 'current_day', 'from_stop_id': 'B-0', 'to_stop_id': 'A-0', 'trip_id': 'IE-8-1', 'agency_name': 'Unknown'}, {'duration': 30, 'departure_time': 13800, 'arrival_time': 13830, 'day': 'current_day', 'from_stop_id': 'A-0', 'to_stop_id': 'A-2', 'trip_id': 'walking', 'agency_name': 'Unknown'}, {'duration': 450, 'departure_time': 14220, 'arrival_time': 14670, 'day': 'current_day', 'from_stop_id': 'A-2', 'to_stop_id': '110-2', 'trip_id': '2-1-17', 'agency_name': 'Unknown'}]}",6197.0
160,115,7200,inter,right,400,[159],[61; 110],500,375,2500,1879,7575,7635.0,11370.0,11430.0,3735.0,4.0,159,61,,,pt,13309.0,6109.0,"{'duration': 3735, 'source_transfer_time': 0, 'waiting_time': 405, 'trip_time': 3330, 'num_transfers': 4, 'departure_time': 7635, 'departure_day': 'current_day', 'arrival_time': 11370, 'arrival_day': 'current_day', 'steps': [{'duration': 180, 'departure_time': 8040, 'arrival_time': 8220, 'day': 'current_day', 'from_stop_id': '159-2', 'to_stop_id': 'B-2', 'trip_id': '4-1-7', 'agency_name': 'Unknown'}, {'duration': 30, 'departure_time': 8220, 'arrival_time': 8250, 'day': 'current_day', 'from_stop_id': 'B-2', 'to_stop_id': 'B-0', 'trip_id': 'walking', 'agency_name': 'Unknown'}, {'duration': 1800, 'departure_time': 9000, 'arrival_time': 10800, 'day': 'current_day', 'from_stop_id': 'B-0', 'to_stop_id': 'A-0', 'trip_id': 'IE-6-1', 'agency_name': 'Unknown'}, {'duration': 30, 'departure_time': 10800, 'arrival_time': 10830, 'day': 'current_day', 'from_stop_id': 'A-0', 'to_stop_id': 'A-1', 'trip_id': 'walking', 'agency_name': 'Unknown'}, {'duration': 450, 'departure_time': 10920, 'arrival_time': 11370, 'day': 'current_day', 'from_stop_id': 'A-1', 'to_stop_id': '61-1', 'trip_id': '1-0-12', 'agency_name': 'Unknown'}]}",6109.0
187,63,13350,inter,right,401,[238; 240],[55],500,375,500,375,13725,13785.0,17280.0,17340.0,3495.0,4.0,238,55,,,pt,17715.0,4365.0,"{'duration': 3495, 'source_transfer_time': 0, 'waiting_time': 45, 'trip_time': 3450, 'num_transfers': 4, 'departure_time': 13785, 'departure_day': 'current_day', 'arrival_time': 17280, 'arrival_day': 'current_day', 'steps': [{'duration': 90, 'departure_time': 13830, 'arrival_time': 13920, 'day': 'current_day', 'from_stop_id': '238-1', 'to_stop_id': 'B-1', 'trip_id': '3-0-17', 'agency_name': 'Unknown'}, {'duration': 30, 'departure_time': 13920, 'arrival_time': 13950, 'day': 'current_day', 'from_stop_id': 'B-1', 'to_stop_id': 'B-0', 'trip_id': 'walking', 'agency_name': 'Unknown'}, {'duration': 1800, 'departure_time': 15000, 'arrival_time': 16800, 'day': 'current_day', 'from_stop_id': 'B-0', 'to_stop_id': 'A-0', 'trip_id': 'IE-10-1', 'agency_name': 'Unknown'}, {'duration': 30, 'departure_time': 16800, 'arrival_time': 16830, 'day': 'current_day', 'from_stop_id': 'A-0', 'to_stop_id': 'A-1', 'trip_id': 'walking', 'agency_name': 'Unknown'}, {'duration': 360, 'departure_time': 16920, 'arrival_time': 17280, 'day': 'current_day', 'from_stop_id': 'A-1', 'to_stop_id': '55-1', 'trip_id': '1-1-22', 'agency_name': 'Unknown'}]}",4365.0
198,9,9720,inter,right,402,[198],[5],0,0,2000,1503,9720,9780.0,12870.0,12930.0,3090.0,4.0,198,5,,,pt,14433.0,4713.0,"{'duration': 3090, 'source_transfer_time': 0, 'waiting_time': 60, 'trip_time': 3030, 'num_transfers': 4, 'departure_time': 9780, 'departure_day': 'current_day', 'arrival_time': 12870, 'arrival_day': 'current_day', 'steps': [{'duration': 180, 'departure_time': 9840, 'arrival_time': 10020, 'day': 'current_day', 'from_stop_id': '198-2', 'to_stop_id': 'B-2', 'trip_id': '4-0-10', 'agency_name': 'Unknown'}, {'duration': 30, 'departure_time': 10020, 'arrival_time': 10050, 'day': 'current_day', 'from_stop_id': 'B-2', 'to_stop_id': 'B-0', 'trip_id': 'walking', 'agency_name': 'Unknown'}, {'duration': 1800, 'departure_time': 10500, 'arrival_time': 12300, 'day': 'current_day', 'from_stop_id': 'B-0', 'to_stop_id': 'A-0', 'trip_id': 'IE-7-1', 'agency_name': 'Unknown'}, {'duration': 30, 'departure_time': 12300, 'arrival_time': 12330, 'day': 'current_day', 'from_stop_id': 'A-0', 'to_stop_id': 'A-2', 'trip_id': 'walking', 'agency_name': 'Unknown'}, {'duration': 450, 'departure_time': 12420, 'arrival_time': 12870, 'day': 'current_day', 'from_stop_id': 'A-2', 'to_stop_id': '5-2', 'trip_id': '2-0-14', 'agency_name': 'Unknown'}]}",4713.0
209,44,7620,inter,right,403,[209],[54],0,0,500,375,7620,7680.0,11370.0,11430.0,3690.0,4.0,209,54,,,pt,11805.0,4185.0,"{'duration': 3690, 'source_transfer_time': 0, 'waiting_time': 270, 'trip_time': 3420, 'num_transfers': 4, 'departure_time': 7680, 'departure_day': 'current_day', 'arrival_time': 11370, 'arrival_day': 'current_day', 'steps': [{'duration': 270, 'departure_time': 7950, 'arrival_time': 8220, 'day': 'current_day', 'from_stop_id': '209-2', 'to_stop_id': 'B-2', 'trip_id': '4-0-7', 'agency_name': 'Unknown'}, {'duration': 30, 'departure_time': 8220, 'arrival_time': 8250, 'day': 'current_day', 'from_stop_id': 'B-2', 'to_stop_id': 'B-0', 'trip_id': 'walking', 'agency_name': 'Unknown'}, {'duration': 1800, 'departure_time': 9000, 'arrival_time': 10800, 'day': 'current_day', 'from_stop_id': 'B-0', 'to_stop_id': 'A-0', 'trip_id': 'IE-6-1', 'agency_name': 'Unknown'}, {'duration': 30, 'departure_time': 10800, 'arrival_time': 10830, 'day': 'current_day', 'from_stop_id': 'A-0', 'to_stop_id': 'A-1', 'trip_id': 'walking', 'agency_name': 'Unknown'}, {'duration': 450, 'departure_time': 10920, 'arrival_time': 11370, 'day': 'current_day', 'from_stop_id': 'A-1', 'to_stop_id': '54-1', 'trip_id': '1-1-12', 'agency_name': 'Unknown'}]}",4185.0
207,34,3870,inter,right,404,[209],[55],1000,751,1000,751,4621,4681.0,8280.0,8340.0,3599.0,4.0,209,55,,,pt,9091.0,5221.0,"{'duration': 3599, 'source_transfer_time': 0, 'waiting_time': 269, 'trip_time': 3330, 'num_transfers': 4, 'departure_time': 4681, 'departure_day': 'current_day', 'arrival_time': 8280, 'arrival_day': 'current_day', 'steps': [{'duration': 270, 'departure_time': 4950, 'arrival_time': 5220, 'day': 'current_day', 'from_stop_id': '209-2', 'to_stop_id': 'B-2', 'trip_id': '4-0-2', 'agency_name': 'Unknown'}, {'duration': 30, 'departure_time': 5220, 'arrival_time': 5250, 'day': 'current_day', 'from_stop_id': 'B-2', 'to_stop_id': 'B-0', 'trip_id': 'walking', 'agency_name': 'Unknown'}, {'duration': 1800, 'departure_time': 6000, 'arrival_time': 7800, 'day': 'current_day', 'from_stop_id': 'B-0', 'to_stop_id': 'A-0', 'trip_id': 'IE-4-1', 'agency_name': 'Unknown'}, {'duration': 30, 'departure_time': 7800, 'arrival_time': 7830, 'day': 'current_day', 'from_stop_id': 'A-0', 'to_stop_id': 'A-1', 'trip_id': 'walking', 'agency_name': 'Unknown'}, {'duration': 360, 'departure_time': 7920, 'arrival_time': 8280, 'day': 'current_day', 'from_stop_id': 'A-1', 'to_stop_id': '55-1', 'trip_id': '1-1-7', 'agency_name': 'Unknown'}]}",5221.0
147,61,13770,inter,right,405,[148],[61],500,375,0,0,14145,14205.0,17370.0,17430.0,3165.0,4.0,148,61,,,pt,17430.0,3660.0,"{'duration': 3165, 'source_transfer_time': 0, 'waiting_time': 345, 'trip_time': 2820, 'num_transfers': 4, 'departure_time': 14205, 'departure_day': 'current_day', 'arrival_time': 17370, 'arrival_day': 'current_day', 'steps': [{'duration': 270, 'departure_time': 14550, 'arrival_time': 14820, 'day': 'current_day', 'from_stop_id': '148-2', 'to_stop_id': 'B-2', 'trip_id': '4-1-18', 'agency_name': 'Unknown'}, {'duration': 30, 'departure_time': 14820, 'arrival_time': 14850, 'day': 'current_day', 'from_stop_id': 'B-2', 'to_stop_id': 'B-0', 'trip_id': 'walking', 'agency_name': 'Unknown'}, {'duration': 1800, 'departure_time': 15000, 'arrival_time': 16800, 'day': 'current_day', 'from_stop_id': 'B-0', 'to_stop_id': 'A-0', 'trip_id': 'IE-10-1', 'agency_name': 'Unknown'}, {'duration': 30, 'departure_time': 16800, 'arrival_time': 16830, 'day': 'current_day', 'from_stop_id': 'A-0', 'to_stop_id': 'A-1', 'trip_id': 'walking', 'agency_name': 'Unknown'}, {'duration': 450, 'departure_time': 16920, 'arrival_time': 17370, 'day': 'current_day', 'from_stop_id': 'A-1', 'to_stop_id': '61-1', 'trip_id': '1-0-22', 'agency_name': 'Unknown'}]}",3660.0
167,12,11040,inter,right,406,[177],[16; 55],500,375,2000,1503,11415,11475.0,15780.0,15840.0,4305.0,4.0,177,16,,,pt,17343.0,6303.0,"{'duration': 4305, 'source_transfer_time': 0, 'waiting_time': 375, 'trip_time': 3930, 'num_transfers': 4, 'departure_time': 11475, 'departure_day': 'current_day', 'arrival_time': 15780, 'arrival_day': 'current_day', 'steps': [{'duration': 270, 'departure_time': 11850, 'arrival_time': 12120, 'day': 'current_day', 'from_stop_id': '177-1', 'to_stop_id': 'B-1', 'trip_id': '3-0-14', 'agency_name': 'Unknown'}, {'duration': 30, 'departure_time': 12120, 'arrival_time': 12150, 'day': 'current_day', 'from_stop_id': 'B-1', 'to_stop_id': 'B-0', 'trip_id': 'walking', 'agency_name': 'Unknown'}, {'duration': 1800, 'departure_time': 13500, 'arrival_time': 15300, 'day': 'current_day', 'from_stop_id': 'B-0', 'to_stop_id': 'A-0', 'trip_id': 'IE-9-1', 'agency_name': 'Unknown'}, {'duration': 30, 'departure_time': 15300, 'arrival_time': 15330, 'day': 'current_day', 'from_stop_id': 'A-0', 'to_stop_id': 'A-2', 'trip_id': 'walking', 'agency_name': 'Unknown'}, {'duration': 360, 'departure_time': 15420, 'arrival_time': 15780, 'day': 'current_day', 'from_stop_id': 'A-2', 'to_stop_id': '16-2', 'trip_id': '2-0-19', 'agency_name': 'Unknown'}]}",6303.0
225,36,13830,inter,right,407,[182],[38; 57],2000,1503,1000,751,15333,15393.0,18600.0,18660.0,3207.0,4.0,182,38,,,pt,19411.0,5581.0,"{'duration': 3207, 'source_transfer_time': 0, 'waiting_time': 477, 'trip_time': 2730, 'num_transfers': 4, 'departure_time': 15393, 'departure_day': 'current_day', 'arrival_time': 18600, 'arrival_day': 'current_day', 'steps': [{'duration': 450, 'departure_time': 15870, 'arrival_time': 16320, 'day': 'current_day', 'from_stop_id': '182-1', 'to_stop_id': 'B-1', 'trip_id': '3-1-21', 'agency_name': 'Unknown'}, {'duration': 30, 'departure_time': 16320, 'arrival_time': 16350, 'day': 'current_day', 'from_stop_id': 'B-1', 'to_stop_id': 'B-0', 'trip_id': 'walking', 'agency_name': 'Unknown'}, {'duration': 1800, 'departure_time': 16500, 'arrival_time': 18300, 'day': 'current_day', 'from_stop_id': 'B-0', 'to_stop_id': 'A-0', 'trip_id': 'IE-11-1', 'agency_name': 'Unknown'}, {'duration': 30, 'departure_time': 18300, 'arrival_time': 18330, 'day': 'current_day', 'from_stop_id': 'A-0', 'to_stop_id': 'A-2', 'trip_id': 'walking', 'agency_name': 'Unknown'}, {'duration': 180, 'departure_time': 18420, 'arrival_time': 18600, 'day': 'current_day', 'from_stop_id': 'A-2', 'to_stop_id': '38-2', 'trip_id': '2-0-24', 'agency_name': 'Unknown'}]}",5581.0
159,43,7770,inter,right,408,[159],[61],0,0,1000,751,7770,7830.0,11370.0,11430.0,3540.0,4.0,159,61,,,pt,12181.0,4411.0,"{'duration': 3540, 'source_transfer_time': 0, 'waiting_time': 210, 'trip_time': 3330, 'num_transfers': 4, 'departure_time': 7830, 'departure_day': 'current_day', 'arrival_time': 11370, 'arrival_day': 'current_day', 'steps': [{'duration': 180, 'departure_time': 8040, 'arrival_time': 8220, 'day': 'current_day', 'from_stop_id': '159-2', 'to_stop_id': 'B-2', 'trip_id': '4-1-7', 'agency_name': 'Unknown'}, {'duration': 30, 'departure_time': 8220, 'arrival_time': 8250, 'day': 'current_day', 'from_stop_id': 'B-2', 'to_stop_id': 'B-0', 'trip_id': 'walking', 'agency_name': 'Unknown'}, {'duration': 1800, 'departure_time': 9000, 'arrival_time': 10800, 'day': 'current_day', 'from_stop_id': 'B-0', 'to_stop_id': 'A-0', 'trip_id': 'IE-6-1', 'agency_name': 'Unknown'}, {'duration': 30, 'departure_time': 10800, 'arrival_time': 10830, 'day': 'current_day', 'from_stop_id': 'A-0', 'to_stop_id': 'A-1', 'trip_id': 'walking', 'agency_name': 'Unknown'}, {'duration': 450, 'departure_time': 10920, 'arrival_time': 11370, 'day': 'current_day', 'from_stop_id': 'A-1', 'to_stop_id': '61-1', 'trip_id': '1-0-12', 'agency_name': 'Unknown'}]}",4411.0
151,54,5550,inter,right,409,[148; 180],[54],1500,1127,0,0,6677,6737.0,10170.0,10230.0,3433.0,4.0,148,54,,,pt,10230.0,4680.0,"{'duration': 3433, 'source_transfer_time': 0, 'waiting_time': 13, 'trip_time': 3420, 'num_transfers': 4, 'departure_time': 6737, 'departure_day': 'current_day', 'arrival_time': 10170, 'arrival_day': 'current_day', 'steps': [{'duration': 270, 'departure_time': 6750, 'arrival_time': 7020, 'day': 'current_day', 'from_stop_id': '148-2', 'to_stop_id': 'B-2', 'trip_id': '4-1-5', 'agency_name': 'Unknown'}, {'duration': 30, 'departure_time': 7020, 'arrival_time': 7050, 'day': 'current_day', 'from_stop_id': 'B-2', 'to_stop_id': 'B-0', 'trip_id': 'walking', 'agency_name': 'Unknown'}, {'duration': 1800, 'departure_time': 7500, 'arrival_time': 9300, 'day': 'current_day', 'from_stop_id': 'B-0', 'to_stop_id': 'A-0', 'trip_id': 'IE-5-1', 'agency_name': 'Unknown'}, {'duration': 30, 'departure_time': 9300, 'arrival_time': 9330, 'day': 'current_day', 'from_stop_id': 'A-0', 'to_stop_id': 'A-1', 'trip_id': 'walking', 'agency_name': 'Unknown'}, {'duration': 450, 'departure_time': 9720, 'arrival_time': 10170, 'day': 'current_day', 'from_stop_id': 'A-1', 'to_stop_id': '54-1', 'trip_id': '1-1-10', 'agency_name': 'Unknown'}]}",4680.0
153,20,6000,inter,right,410,[182],[16; 60],1500,1127,2000,1503,7127,7187.0,11280.0,11340.0,4093.0,4.0,182,60,,,pt,12843.0,6843.0,"{'duration': 4093, 'source_transfer_time': 0, 'waiting_time': 283, 'trip_time': 3810, 'num_transfers': 4, 'departure_time': 7187, 'departure_day': 'current_day', 'arrival_time': 11280, 'arrival_day': 'current_day', 'steps': [{'duration': 450, 'departure_time': 7470, 'arrival_time': 7920, 'day': 'current_day', 'from_stop_id': '182-1', 'to_stop_id': 'B-1', 'trip_id': '3-1-7', 'agency_name': 'Unknown'}, {'duration': 30, 'departure_time': 7920, 'arrival_time': 7950, 'day': 'current_day', 'from_stop_id': 'B-1', 'to_stop_id': 'B-0', 'trip_id': 'walking', 'agency_name': 'Unknown'}, {'duration': 1800, 'departure_time': 9000, 'arrival_time': 10800, 'day': 'current_day', 'from_stop_id': 'B-0', 'to_stop_id': 'A-0', 'trip_id': 'IE-6-1', 'agency_name': 'Unknown'}, {'duration': 30, 'departure_time': 10800, 'arrival_time': 10830, 'day': 'current_day', 'from_stop_id': 'A-0', 'to_stop_id': 'A-1', 'trip_id': 'walking', 'agency_name': 'Unknown'}, {'duration': 360, 'departure_time': 10920, 'arrival_time': 11280, 'day': 'current_day', 'from_stop_id': 'A-1', 'to_stop_id': '60-1', 'trip_id': '1-0-12', 'agency_name': 'Unknown'}]}",6843.0
129,111,11700,inter,right,411,[126],[110],1500,1127,500,375,12827,12887.0,17670.0,17730.0,4783.0,4.0,126,110,,,pt,18105.0,6405.0,"{'duration': 4783, 'source_transfer_time': 0, 'waiting_time': 283, 'trip_time': 4500, 'num_transfers': 4, 'departure_time': 12887, 'departure_day': 'current_day', 'arrival_time': 17670, 'arrival_day': 'current_day', 'steps': [{'duration': 450, 'departure_time': 13170, 'arrival_time': 13620, 'day': 'current_day', 'from_stop_id': '126-2', 'to_stop_id': 'B-2', 'trip_id': '4-1-16', 'agency_name': 'Unknown'}, {'duration': 30, 'departure_time': 13620, 'arrival_time': 13650, 'day': 'current_day', 'from_stop_id': 'B-2', 'to_stop_id': 'B-0', 'trip_id': 'walking', 'agency_name': 'Unknown'}, {'duration': 1800, 'departure_time': 15000, 'arrival_time': 16800, 'day': 'current_day', 'from_stop_id': 'B-0', 'to_stop_id': 'A-0', 'trip_id': 'IE-10-1', 'agency_name': 'Unknown'}, {'duration': 30, 'departure_time': 16800, 'arrival_time': 16830, 'day': 'current_day', 'from_stop_id': 'A-0', 'to_stop_id': 'A-2', 'trip_id': 'walking', 'agency_name': 'Unknown'}, {'duration': 450, 'departure_time': 17220, 'arrival_time': 17670, 'day': 'current_day', 'from_stop_id': 'A-2', 'to_stop_id': '110-2', 'trip_id': '2-1-22', 'agency_name': 'Unknown'}]}",6405.0
172,35,13590,inter,right,412,[180],[56],500,375,1000,751,13965,14025.0,17190.0,17250.0,3165.0,4.0,180,56,,,pt,18001.0,4411.0,"{'duration': 3165, 'source_transfer_time': 0, 'waiting_time': 225, 'trip_time': 2940, 'num_transfers': 4, 'departure_time': 14025, 'departure_day': 'current_day', 'arrival_time': 17190, 'arrival_day': 'current_day', 'steps': [{'duration': 270, 'departure_time': 14250, 'arrival_time': 14520, 'day': 'current_day', 'from_stop_id': '180-1', 'to_stop_id': 'B-1', 'trip_id': '3-1-18', 'agency_name': 'Unknown'}, {'duration': 30, 'departure_time': 14520, 'arrival_time': 14550, 'day': 'current_day', 'from_stop_id': 'B-1', 'to_stop_id': 'B-0', 'trip_id': 'walking', 'agency_name': 'Unknown'}, {'duration': 1800, 'departure_time': 15000, 'arrival_time': 16800, 'day': 'current_day', 'from_stop_id': 'B-0', 'to_stop_id': 'A-0', 'trip_id': 'IE-10-1', 'agency_name': 'Unknown'}, {'duration': 30, 'departure_time': 16800, 'arrival_time': 16830, 'day': 'current_day', 'from_stop_id': 'A-0', 'to_stop_id': 'A-1', 'trip_id': 'walking', 'agency_name': 'Unknown'}, {'duration': 270, 'departure_time': 16920, 'arrival_time': 17190, 'day': 'current_day', 'from_stop_id': 'A-1', 'to_stop_id': '56-1', 'trip_id': '1-1-22', 'agency_name': 'Unknown'}]}",4411.0
180,4,11880,inter,right,413,[180],[5],0,0,500,375,11880,11940.0,15870.0,15930.0,3930.0,4.0,180,5,,,pt,16305.0,4425.0,"{'duration': 3930, 'source_transfer_time': 0, 'waiting_time': 510, 'trip_time': 3420, 'num_transfers': 4, 'departure_time': 11940, 'departure_day': 'current_day', 'arrival_time': 15870, 'arrival_day': 'current_day', 'steps': [{'duration': 270, 'departure_time': 12450, 'arrival_time': 12720, 'day': 'current_day', 'from_stop_id': '180-1', 'to_stop_id': 'B-1', 'trip_id': '3-1-15', 'agency_name': 'Unknown'}, {'duration': 30, 'departure_time': 12720, 'arrival_time': 12750, 'day': 'current_day', 'from_stop_id': 'B-1', 'to_stop_id': 'B-0', 'trip_id': 'walking', 'agency_name': 'Unknown'}, {'duration': 1800, 'departure_time': 13500, 'arrival_time': 15300, 'day': 'current_day', 'from_stop_id': 'B-0', 'to_stop_id': 'A-0', 'trip_id': 'IE-9-1', 'agency_name': 'Unknown'}, {'duration': 30, 'departure_time': 15300, 'arrival_time': 15330, 'day': 'current_day', 'from_stop_id': 'A-0', 'to_stop_id': 'A-2', 'trip_id': 'walking', 'agency_name': 'Unknown'}, {'duration': 450, 'departure_time': 15420, 'arrival_time': 15870, 'day': 'current_day', 'from_stop_id': 'A-2', 'to_stop_id': '5-2', 'trip_id': '2-0-19', 'agency_name': 'Unknown'}]}",4425.0
217,26,4500,inter,right,414,[220],[27],1500,1127,500,375,5627,5687.0,9690.0,9750.0,4003.0,4.0,220,27,,,pt,10125.0,5625.0,"{'duration': 4003, 'source_transfer_time': 0, 'waiting_time': 373, 'trip_time': 3630, 'num_transfers': 4, 'departure_time': 5687, 'departure_day': 'current_day', 'arrival_time': 9690, 'arrival_day': 'current_day', 'steps': [{'duration': 360, 'departure_time': 6060, 'arrival_time': 6420, 'day': 'current_day', 'from_stop_id': '220-2', 'to_stop_id': 'B-2', 'trip_id': '4-0-4', 'agency_name': 'Unknown'}, {'duration': 30, 'departure_time': 6420, 'arrival_time': 6450, 'day': 'current_day', 'from_stop_id': 'B-2', 'to_stop_id': 'B-0', 'trip_id': 'walking', 'agency_name': 'Unknown'}, {'duration': 1800, 'departure_time': 7500, 'arrival_time': 9300, 'day': 'current_day', 'from_stop_id': 'B-0', 'to_stop_id': 'A-0', 'trip_id': 'IE-5-1', 'agency_name': 'Unknown'}, {'duration': 30, 'departure_time': 9300, 'arrival_time': 9330, 'day': 'current_day', 'from_stop_id': 'A-0', 'to_stop_id': 'A-2', 'trip_id': 'walking', 'agency_name': 'Unknown'}, {'duration': 270, 'departure_time': 9420, 'arrival_time': 9690, 'day': 'current_day', 'from_stop_id': 'A-2', 'to_stop_id': '27-2', 'trip_id': '2-0-9', 'agency_name': 'Unknown'}]}",5625.0
211,59,5160,inter,right,415,[209],[59],1000,751,0,0,5911,5971.0,9990.0,10050.0,4019.0,4.0,209,59,,,pt,10050.0,4890.0,"{'duration': 4019, 'source_transfer_time': 0, 'waiting_time': 179, 'trip_time': 3840, 'num_transfers': 4, 'departure_time': 5971, 'departure_day': 'current_day', 'arrival_time': 9990, 'arrival_day': 'current_day', 'steps': [{'duration': 270, 'departure_time': 6150, 'arrival_time': 6420, 'day': 'current_day', 'from_stop_id': '209-2', 'to_stop_id': 'B-2', 'trip_id': '4-0-4', 'agency_name': 'Unknown'}, {'duration': 30, 'departure_time': 6420, 'arrival_time': 6450, 'day': 'current_day', 'from_stop_id': 'B-2', 'to_stop_id': 'B-0', 'trip_id': 'walking', 'agency_name': 'Unknown'}, {'duration': 1800, 'departure_time': 7500, 'arrival_time': 9300, 'day': 'current_day', 'from_stop_id': 'B-0', 'to_stop_id': 'A-0', 'trip_id': 'IE-5-1', 'agency_name': 'Unknown'}, {'duration': 30, 'departure_time': 9300, 'arrival_time': 9330, 'day': 'current_day', 'from_stop_id': 'A-0', 'to_stop_id': 'A-1', 'trip_id': 'walking', 'agency_name': 'Unknown'}, {'duration': 270, 'departure_time': 9720, 'arrival_time': 9990, 'day': 'current_day', 'from_stop_id': 'A-1', 'to_stop_id': '59-1', 'trip_id': '1-0-10', 'agency_name': 'Unknown'}]}",4890.0
149,71,9660,inter,right,416,[148],[61],500,375,500,375,10035,10095.0,14370.0,14430.0,4275.0,4.0,148,61,,,pt,14805.0,5145.0,"{'duration': 4275, 'source_transfer_time': 0, 'waiting_time': 255, 'trip_time': 4020, 'num_transfers': 4, 'departure_time': 10095, 'departure_day': 'current_day', 'arrival_time': 14370, 'arrival_day': 'current_day', 'steps': [{'duration': 270, 'departure_time': 10350, 'arrival_time': 10620, 'day': 'current_day', 'from_stop_id': '148-2', 'to_stop_id': 'B-2', 'trip_id': '4-1-11', 'agency_name': 'Unknown'}, {'duration': 30, 'departure_time': 10620, 'arrival_time': 10650, 'day': 'current_day', 'from_stop_id': 'B-2', 'to_stop_id': 'B-0', 'trip_id': 'walking', 'agency_name': 'Unknown'}, {'duration': 1800, 'departure_time': 12000, 'arrival_time': 13800, 'day': 'current_day', 'from_stop_id': 'B-0', 'to_stop_id': 'A-0', 'trip_id': 'IE-8-1', 'agency_name': 'Unknown'}, {'duration': 30, 'departure_time': 13800, 'arrival_time': 13830, 'day': 'current_day', 'from_stop_id': 'A-0', 'to_stop_id': 'A-1', 'trip_id': 'walking', 'agency_name': 'Unknown'}, {'duration': 450, 'departure_time': 13920, 'arrival_time': 14370, 'day': 'current_day', 'from_stop_id': 'A-1', 'to_stop_id': '61-1', 'trip_id': '1-0-17', 'agency_name': 'Unknown'}]}",5145.0
211,29,3750,inter,right,417,[209],[27],1000,751,1000,751,4501,4561.0,8490.0,8550.0,3929.0,4.0,209,27,,,pt,9301.0,5551.0,"{'duration': 3929, 'source_transfer_time': 0, 'waiting_time': 389, 'trip_time': 3540, 'num_transfers': 4, 'departure_time': 4561, 'departure_day': 'current_day', 'arrival_time': 8490, 'arrival_day': 'current_day', 'steps': [{'duration': 270, 'departure_time': 4950, 'arrival_time': 5220, 'day': 'current_day', 'from_stop_id': '209-2', 'to_stop_id': 'B-2', 'trip_id': '4-0-2', 'agency_name': 'Unknown'}, {'duration': 30, 'departure_time': 5220, 'arrival_time': 5250, 'day': 'current_day', 'from_stop_id': 'B-2', 'to_stop_id': 'B-0', 'trip_id': 'walking', 'agency_name': 'Unknown'}, {'duration': 1800, 'departure_time': 6000, 'arrival_time': 7800, 'day': 'current_day', 'from_stop_id': 'B-0', 'to_stop_id': 'A-0', 'trip_id': 'IE-4-1', 'agency_name': 'Unknown'}, {'duration': 30, 'departure_time': 7800, 'arrival_time': 7830, 'day': 'current_day', 'from_stop_id': 'A-0', 'to_stop_id': 'A-2', 'trip_id': 'walking', 'agency_name': 'Unknown'}, {'duration': 270, 'departure_time': 8220, 'arrival_time': 8490, 'day': 'current_day', 'from_stop_id': 'A-2', 'to_stop_id': '27-2', 'trip_id': '2-0-7', 'agency_name': 'Unknown'}]}",5551.0
188,91,13620,inter,right,418,[239; 240],[59; 88],500,375,1500,1127,13995,14055.0,17190.0,17250.0,3135.0,4.0,239,59,,,pt,18377.0,4757.0,"{'duration': 3135, 'source_transfer_time': 0, 'waiting_time': 375, 'trip_time': 2760, 'num_transfers': 4, 'departure_time': 14055, 'departure_day': 'current_day', 'arrival_time': 17190, 'arrival_day': 'current_day', 'steps': [{'duration': 90, 'departure_time': 14430, 'arrival_time': 14520, 'day': 'current_day', 'from_stop_id': '239-1', 'to_stop_id': 'B-1', 'trip_id': '3-1-18', 'agency_name': 'Unknown'}, {'duration': 30, 'departure_time': 14520, 'arrival_time': 14550, 'day': 'current_day', 'from_stop_id': 'B-1', 'to_stop_id': 'B-0', 'trip_id': 'walking', 'agency_name': 'Unknown'}, {'duration': 1800, 'departure_time': 15000, 'arrival_time': 16800, 'day': 'current_day', 'from_stop_id': 'B-0', 'to_stop_id': 'A-0', 'trip_id': 'IE-10-1', 'agency_name': 'Unknown'}, {'duration': 30, 'departure_time': 16800, 'arrival_time': 16830, 'day': 'current_day', 'from_stop_id': 'A-0', 'to_stop_id': 'A-1', 'trip_id': 'walking', 'agency_name': 'Unknown'}, {'duration': 270, 'departure_time': 16920, 'arrival_time': 17190, 'day': 'current_day', 'from_stop_id': 'A-1', 'to_stop_id': '59-1', 'trip_id': '1-0-22', 'agency_name': 'Unknown'}]}",4757.0
181,106,4110,inter,right,419,[181],[110],0,0,2000,1503,4110,4170.0,8670.0,8730.0,4500.0,4.0,181,110,,,pt,10233.0,6123.0,"{'duration': 4500, 'source_transfer_time': 0, 'waiting_time': 390, 'trip_time': 4110, 'num_transfers': 4, 'departure_time': 4170, 'departure_day': 'current_day', 'arrival_time': 8670, 'arrival_day': 'current_day', 'steps': [{'duration': 360, 'departure_time': 4560, 'arrival_time': 4920, 'day': 'current_day', 'from_stop_id': '181-1', 'to_stop_id': 'B-1', 'trip_id': '3-1-2', 'agency_name': 'Unknown'}, {'duration': 30, 'departure_time': 4920, 'arrival_time': 4950, 'day': 'current_day', 'from_stop_id': 'B-1', 'to_stop_id': 'B-0', 'trip_id': 'walking', 'agency_name': 'Unknown'}, {'duration': 1800, 'departure_time': 6000, 'arrival_time': 7800, 'day': 'current_day', 'from_stop_id': 'B-0', 'to_stop_id': 'A-0', 'trip_id': 'IE-4-1', 'agency_name': 'Unknown'}, {'duration': 30, 'departure_time': 7800, 'arrival_time': 7830, 'day': 'current_day', 'from_stop_id': 'A-0', 'to_stop_id': 'A-2', 'trip_id': 'walking', 'agency_name': 'Unknown'}, {'duration': 450, 'departure_time': 8220, 'arrival_time': 8670, 'day': 'current_day', 'from_stop_id': 'A-2', 'to_stop_id': '110-2', 'trip_id': '2-1-7', 'agency_name': 'Unknown'}]}",6123.0
150,70,13860,inter,right,420,[148],[60],1000,751,500,375,14611,14671.0,19080.0,19140.0,4409.0,4.0,148,60,,,pt,19515.0,5655.0,"{'duration': 4409, 'source_transfer_time': 0, 'waiting_time': 479, 'trip_time': 3930, 'num_transfers': 4, 'departure_time': 14671, 'departure_day': 'current_day', 'arrival_time': 19080, 'arrival_day': 'current_day', 'steps': [{'duration': 270, 'departure_time': 15150, 'arrival_time': 15420, 'day': 'current_day', 'from_stop_id': '148-2', 'to_stop_id': 'B-2', 'trip_id': '4-1-19', 'agency_name': 'Unknown'}, {'duration': 30, 'departure_time': 15420, 'arrival_time': 15450, 'day': 'current_day', 'from_stop_id': 'B-2', 'to_stop_id': 'B-0', 'trip_id': 'walking', 'agency_name': 'Unknown'}, {'duration': 1800, 'departure_time': 16500, 'arrival_time': 18300, 'day': 'current_day', 'from_stop_id': 'B-0', 'to_stop_id': 'A-0', 'trip_id': 'IE-11-1', 'agency_name': 'Unknown'}, {'duration': 30, 'departure_time': 18300, 'arrival_time': 18330, 'day': 'current_day', 'from_stop_id': 'A-0', 'to_stop_id': 'A-1', 'trip_id': 'walking', 'agency_name': 'Unknown'}, {'duration': 360, 'departure_time': 18720, 'arrival_time': 19080, 'day': 'current_day', 'from_stop_id': 'A-1', 'to_stop_id': '60-1', 'trip_id': '1-0-25', 'agency_name': 'Unknown'}]}",5655.0
170,24,4770,inter,right,421,[237; 239],[27; 56],500,375,1500,1127,5145,5205.0,8190.0,8250.0,2985.0,4.0,237,56,,,pt,9377.0,4607.0,"{'duration': 2985, 'source_transfer_time': 0, 'waiting_time': 525, 'trip_time': 2460, 'num_transfers': 4, 'departure_time': 5205, 'departure_day': 'current_day', 'arrival_time': 8190, 'arrival_day': 'current_day', 'steps': [{'duration': 90, 'departure_time': 5730, 'arrival_time': 5820, 'day': 'current_day', 'from_stop_id': '237-2', 'to_stop_id': 'B-2', 'trip_id': '4-1-3', 'agency_name': 'Unknown'}, {'duration': 30, 'departure_time': 5820, 'arrival_time': 5850, 'day': 'current_day', 'from_stop_id': 'B-2', 'to_stop_id': 'B-0', 'trip_id': 'walking', 'agency_name': 'Unknown'}, {'duration': 1800, 'departure_time': 6000, 'arrival_time': 7800, 'day': 'current_day', 'from_stop_id': 'B-0', 'to_stop_id': 'A-0', 'trip_id': 'IE-4-1', 'agency_name': 'Unknown'}, {'duration': 30, 'departure_time': 7800, 'arrival_time': 7830, 'day': 'current_day', 'from_stop_id': 'A-0', 'to_stop_id': 'A-1', 'trip_id': 'walking', 'agency_name': 'Unknown'}, {'duration': 270, 'departure_time': 7920, 'arrival_time': 8190, 'day': 'current_day', 'from_stop_id': 'A-1', 'to_stop_id': '56-1', 'trip_id': '1-1-7', 'agency_name': 'Unknown'}]}",4607.0
142,6,5670,inter,right,422,[182],[5],2000,1503,500,375,7173,7233.0,11670.0,11730.0,4437.0,4.0,182,5,,,pt,12105.0,6435.0,"{'duration': 4437, 'source_transfer_time': 0, 'waiting_time': 237, 'trip_time': 4200, 'num_transfers': 4, 'departure_time': 7233, 'departure_day': 'current_day', 'arrival_time': 11670, 'arrival_day': 'current_day', 'steps': [{'duration': 450, 'departure_time': 7470, 'arrival_time': 7920, 'day': 'current_day', 'from_stop_id': '182-1', 'to_stop_id': 'B-1', 'trip_id': '3-1-7', 'agency_name': 'Unknown'}, {'duration': 30, 'departure_time': 7920, 'arrival_time': 7950, 'day': 'current_day', 'from_stop_id': 'B-1', 'to_stop_id': 'B-0', 'trip_id': 'walking', 'agency_name': 'Unknown'}, {'duration': 1800, 'departure_time': 9000, 'arrival_time': 10800, 'day': 'current_day', 'from_stop_id': 'B-0', 'to_stop_id': 'A-0', 'trip_id': 'IE-6-1', 'agency_name': 'Unknown'}, {'duration': 30, 'departure_time': 10800, 'arrival_time': 10830, 'day': 'current_day', 'from_stop_id': 'A-0', 'to_stop_id': 'A-2', 'trip_id': 'walking', 'agency_name': 'Unknown'}, {'duration': 450, 'departure_time': 11220, 'arrival_time': 11670, 'day': 'current_day', 'from_stop_id': 'A-2', 'to_stop_id': '5-2', 'trip_id': '2-0-12', 'agency_name': 'Unknown'}]}",6435.0
178,55,9120,inter,right,423,[178],[55],0,0,0,0,9120,9180.0,13080.0,13140.0,3900.0,4.0,178,55,,,pt,13140.0,4020.0,"{'duration': 3900, 'source_transfer_time': 0, 'waiting_time': 360, 'trip_time': 3540, 'num_transfers': 4, 'departure_time': 9180, 'departure_day': 'current_day', 'arrival_time': 13080, 'arrival_day': 'current_day', 'steps': [{'duration': 180, 'departure_time': 9540, 'arrival_time': 9720, 'day': 'current_day', 'from_stop_id': '178-1', 'to_stop_id': 'B-1', 'trip_id': '3-0-10', 'agency_name': 'Unknown'}, {'duration': 30, 'departure_time': 9720, 'arrival_time': 9750, 'day': 'current_day', 'from_stop_id': 'B-1', 'to_stop_id': 'B-0', 'trip_id': 'walking', 'agency_name': 'Unknown'}, {'duration': 1800, 'departure_time': 10500, 'arrival_time': 12300, 'day': 'current_day', 'from_stop_id': 'B-0', 'to_stop_id': 'A-0', 'trip_id': 'IE-7-1', 'agency_name': 'Unknown'}, {'duration': 30, 'departure_time': 12300, 'arrival_time': 12330, 'day': 'current_day', 'from_stop_id': 'A-0', 'to_stop_id': 'A-1', 'trip_id': 'walking', 'agency_name': 'Unknown'}, {'duration': 360, 'departure_time': 12720, 'arrival_time': 13080, 'day': 'current_day', 'from_stop_id': 'A-1', 'to_stop_id': '55-1', 'trip_id': '1-1-15', 'agency_name': 'Unknown'}]}",4020.0
126,68,6600,inter,right,424,[126],[58],0,0,500,375,6600,6660.0,11100.0,11160.0,4440.0,4.0,126,58,,,pt,11535.0,4935.0,"{'duration': 4440, 'source_transfer_time': 0, 'waiting_time': 510, 'trip_time': 3930, 'num_transfers': 4, 'departure_time': 6660, 'departure_day': 'current_day', 'arrival_time': 11100, 'arrival_day': 'current_day', 'steps': [{'duration': 450, 'departure_time': 7170, 'arrival_time': 7620, 'day': 'current_day', 'from_stop_id': '126-2', 'to_stop_id': 'B-2', 'trip_id': '4-1-6', 'agency_name': 'Unknown'}, {'duration': 30, 'departure_time': 7620, 'arrival_time': 7650, 'day': 'current_day', 'from_stop_id': 'B-2', 'to_stop_id': 'B-0', 'trip_id': 'walking', 'agency_name': 'Unknown'}, {'duration': 1800, 'departure_time': 9000, 'arrival_time': 10800, 'day': 'current_day', 'from_stop_id': 'B-0', 'to_stop_id': 'A-0', 'trip_id': 'IE-6-1', 'agency_name': 'Unknown'}, {'duration': 30, 'departure_time': 10800, 'arrival_time': 10830, 'day': 'current_day', 'from_stop_id': 'A-0', 'to_stop_id': 'A-1', 'trip_id': 'walking', 'agency_name': 'Unknown'}, {'duration': 180, 'departure_time': 10920, 'arrival_time': 11100, 'day': 'current_day', 'from_stop_id': 'A-1', 'to_stop_id': '58-1', 'trip_id': '1-0-12', 'agency_name': 'Unknown'}]}",4935.0
191,30,12930,inter,right,425,[181],[27; 59],500,375,1500,1127,13305,13365.0,17190.0,17250.0,3825.0,4.0,181,59,,,pt,18377.0,5447.0,"{'duration': 3825, 'source_transfer_time': 0, 'waiting_time': 195, 'trip_time': 3630, 'num_transfers': 4, 'departure_time': 13365, 'departure_day': 'current_day', 'arrival_time': 17190, 'arrival_day': 'current_day', 'steps': [{'duration': 360, 'departure_time': 13560, 'arrival_time': 13920, 'day': 'current_day', 'from_stop_id': '181-1', 'to_stop_id': 'B-1', 'trip_id': '3-1-17', 'agency_name': 'Unknown'}, {'duration': 30, 'departure_time': 13920, 'arrival_time': 13950, 'day': 'current_day', 'from_stop_id': 'B-1', 'to_stop_id': 'B-0', 'trip_id': 'walking', 'agency_name': 'Unknown'}, {'duration': 1800, 'departure_time': 15000, 'arrival_time': 16800, 'day': 'current_day', 'from_stop_id': 'B-0', 'to_stop_id': 'A-0', 'trip_id': 'IE-10-1', 'agency_name': 'Unknown'}, {'duration': 30, 'departure_time': 16800, 'arrival_time': 16830, 'day': 'current_day', 'from_stop_id': 'A-0', 'to_stop_id': 'A-1', 'trip_id': 'walking', 'agency_name': 'Unknown'}, {'duration': 270, 'departure_time': 16920, 'arrival_time': 17190, 'day': 'current_day', 'from_stop_id': 'A-1', 'to_stop_id': '59-1', 'trip_id': '1-0-22', 'agency_name': 'Unknown'}]}",5447.0
129,35,12840,inter,right,426,[126],[56],1500,1127,1000,751,13967,14027.0,17190.0,17250.0,3163.0,4.0,126,56,,,pt,18001.0,5161.0,"{'duration': 3163, 'source_transfer_time': 0, 'waiting_time': 343, 'trip_time': 2820, 'num_transfers': 4, 'departure_time': 14027, 'departure_day': 'current_day', 'arrival_time': 17190, 'arrival_day': 'current_day', 'steps': [{'duration': 450, 'departure_time': 14370, 'arrival_time': 14820, 'day': 'current_day', 'from_stop_id': '126-2', 'to_stop_id': 'B-2', 'trip_id': '4-1-18', 'agency_name': 'Unknown'}, {'duration': 30, 'departure_time': 14820, 'arrival_time': 14850, 'day': 'current_day', 'from_stop_id': 'B-2', 'to_stop_id': 'B-0', 'trip_id': 'walking', 'agency_name': 'Unknown'}, {'duration': 1800, 'departure_time': 15000, 'arrival_time': 16800, 'day': 'current_day', 'from_stop_id': 'B-0', 'to_stop_id': 'A-0', 'trip_id': 'IE-10-1', 'agency_name': 'Unknown'}, {'duration': 30, 'departure_time': 16800, 'arrival_time': 16830, 'day': 'current_day', 'from_stop_id': 'A-0', 'to_stop_id': 'A-1', 'trip_id': 'walking', 'agency_name': 'Unknown'}, {'duration': 270, 'departure_time': 16920, 'arrival_time': 17190, 'day': 'current_day', 'from_stop_id': 'A-1', 'to_stop_id': '56-1', 'trip_id': '1-1-22', 'agency_name': 'Unknown'}]}",5161.0
210,32,14340,inter,right,427,[209],[61],500,375,1500,1127,14715,14775.0,19170.0,19230.0,4395.0,4.0,209,61,,,pt,20357.0,6017.0,"{'duration': 4395, 'source_transfer_time': 0, 'waiting_time': 375, 'trip_time': 4020, 'num_transfers': 4, 'departure_time': 14775, 'departure_day': 'current_day', 'arrival_time': 19170, 'arrival_day': 'current_day', 'steps': [{'duration': 270, 'departure_time': 15150, 'arrival_time': 15420, 'day': 'current_day', 'from_stop_id': '209-2', 'to_stop_id': 'B-2', 'trip_id': '4-0-19', 'agency_name': 'Unknown'}, {'duration': 30, 'departure_time': 15420, 'arrival_time': 15450, 'day': 'current_day', 'from_stop_id': 'B-2', 'to_stop_id': 'B-0', 'trip_id': 'walking', 'agency_name': 'Unknown'}, {'duration': 1800, 'departure_time': 16500, 'arrival_time': 18300, 'day': 'current_day', 'from_stop_id': 'B-0', 'to_stop_id': 'A-0', 'trip_id': 'IE-11-1', 'agency_name': 'Unknown'}, {'duration': 30, 'departure_time': 18300, 'arrival_time': 18330, 'day': 'current_day', 'from_stop_id': 'A-0', 'to_stop_id': 'A-1', 'trip_id': 'walking', 'agency_name': 'Unknown'}, {'duration': 450, 'departure_time': 18720, 'arrival_time': 19170, 'day': 'current_day', 'from_stop_id': 'A-1', 'to_stop_id': '61-1', 'trip_id': '1-0-25', 'agency_name': 'Unknown'}]}",6017.0
166,39,14340,inter,right,428,[176],[38],500,375,500,375,14715,14775.0,18600.0,18660.0,3825.0,4.0,176,38,,,pt,19035.0,4695.0,"{'duration': 3825, 'source_transfer_time': 0, 'waiting_time': 585, 'trip_time': 3240, 'num_transfers': 4, 'departure_time': 14775, 'departure_day': 'current_day', 'arrival_time': 18600, 'arrival_day': 'current_day', 'steps': [{'duration': 360, 'departure_time': 15360, 'arrival_time': 15720, 'day': 'current_day', 'from_stop_id': '176-1', 'to_stop_id': 'B-1', 'trip_id': '3-0-20', 'agency_name': 'Unknown'}, {'duration': 30, 'departure_time': 15720, 'arrival_time': 15750, 'day': 'current_day', 'from_stop_id': 'B-1', 'to_stop_id': 'B-0', 'trip_id': 'walking', 'agency_name': 'Unknown'}, {'duration': 1800, 'departure_time': 16500, 'arrival_time': 18300, 'day': 'current_day', 'from_stop_id': 'B-0', 'to_stop_id': 'A-0', 'trip_id': 'IE-11-1', 'agency_name': 'Unknown'}, {'duration': 30, 'departure_time': 18300, 'arrival_time': 18330, 'day': 'current_day', 'from_stop_id': 'A-0', 'to_stop_id': 'A-2', 'trip_id': 'walking', 'agency_name': 'Unknown'}, {'duration': 180, 'departure_time': 18420, 'arrival_time': 18600, 'day': 'current_day', 'from_stop_id': 'A-2', 'to_stop_id': '38-2', 'trip_id': '2-0-24', 'agency_name': 'Unknown'}]}",4695.0
207,11,7860,inter,right,429,[209],[54],1000,751,2000,1503,8611,8671.0,13170.0,13230.0,4499.0,4.0,209,54,,,pt,14733.0,6873.0,"{'duration': 4499, 'source_transfer_time': 0, 'waiting_time': 479, 'trip_time': 4020, 'num_transfers': 4, 'departure_time': 8671, 'departure_day': 'current_day', 'arrival_time': 13170, 'arrival_day': 'current_day', 'steps': [{'duration': 270, 'departure_time': 9150, 'arrival_time': 9420, 'day': 'current_day', 'from_stop_id': '209-2', 'to_stop_id': 'B-2', 'trip_id': '4-0-9', 'agency_name': 'Unknown'}, {'duration': 30, 'departure_time': 9420, 'arrival_time': 9450, 'day': 'current_day', 'from_stop_id': 'B-2', 'to_stop_id': 'B-0', 'trip_id': 'walking', 'agency_name': 'Unknown'}, {'duration': 1800, 'departure_time': 10500, 'arrival_time': 12300, 'day': 'current_day', 'from_stop_id': 'B-0', 'to_stop_id': 'A-0', 'trip_id': 'IE-7-1', 'agency_name': 'Unknown'}, {'duration': 30, 'departure_time': 12300, 'arrival_time': 12330, 'day': 'current_day', 'from_stop_id': 'A-0', 'to_stop_id': 'A-1', 'trip_id': 'walking', 'agency_name': 'Unknown'}, {'duration': 450, 'departure_time': 12720, 'arrival_time': 13170, 'day': 'current_day', 'from_stop_id': 'A-1', 'to_stop_id': '54-1', 'trip_id': '1-1-15', 'agency_name': 'Unknown'}]}",6873.0
227,56,7830,inter,right,430,[231],[56],2000,1503,0,0,9333,9393.0,12990.0,13050.0,3597.0,4.0,231,56,,,pt,13050.0,5220.0,"{'duration': 3597, 'source_transfer_time': 0, 'waiting_time': 177, 'trip_time': 3420, 'num_transfers': 4, 'departure_time': 9393, 'departure_day': 'current_day', 'arrival_time': 12990, 'arrival_day': 'current_day', 'steps': [{'duration': 450, 'departure_time': 9570, 'arrival_time': 10020, 'day': 'current_day', 'from_stop_id': '231-2', 'to_stop_id': 'B-2', 'trip_id': '4-0-10', 'agency_name': 'Unknown'}, {'duration': 30, 'departure_time': 10020, 'arrival_time': 10050, 'day': 'current_day', 'from_stop_id': 'B-2', 'to_stop_id': 'B-0', 'trip_id': 'walking', 'agency_name': 'Unknown'}, {'duration': 1800, 'departure_time': 10500, 'arrival_time': 12300, 'day': 'current_day', 'from_stop_id': 'B-0', 'to_stop_id': 'A-0', 'trip_id': 'IE-7-1', 'agency_name': 'Unknown'}, {'duration': 30, 'departure_time': 12300, 'arrival_time': 12330, 'day': 'current_day', 'from_stop_id': 'A-0', 'to_stop_id': 'A-1', 'trip_id': 'walking', 'agency_name': 'Unknown'}, {'duration': 270, 'departure_time': 12720, 'arrival_time': 12990, 'day': 'current_day', 'from_stop_id': 'A-1', 'to_stop_id': '56-1', 'trip_id': '1-1-15', 'agency_name': 'Unknown'}]}",5220.0
160,34,5040,inter,right,431,[159],[55],500,375,1000,751,5415,5475.0,8280.0,8340.0,2805.0,4.0,159,55,,,pt,9091.0,4051.0,"{'duration': 2805, 'source_transfer_time': 0, 'waiting_time': 165, 'trip_time': 2640, 'num_transfers': 4, 'departure_time': 5475, 'departure_day': 'current_day', 'arrival_time': 8280, 'arrival_day': 'current_day', 'steps': [{'duration': 180, 'departure_time': 5640, 'arrival_time': 5820, 'day': 'current_day', 'from_stop_id': '159-2', 'to_stop_id': 'B-2', 'trip_id': '4-1-3', 'agency_name': 'Unknown'}, {'duration': 30, 'departure_time': 5820, 'arrival_time': 5850, 'day': 'current_day', 'from_stop_id': 'B-2', 'to_stop_id': 'B-0', 'trip_id': 'walking', 'agency_name': 'Unknown'}, {'duration': 1800, 'departure_time': 6000, 'arrival_time': 7800, 'day': 'current_day', 'from_stop_id': 'B-0', 'to_stop_id': 'A-0', 'trip_id': 'IE-4-1', 'agency_name': 'Unknown'}, {'duration': 30, 'departure_time': 7800, 'arrival_time': 7830, 'day': 'current_day', 'from_stop_id': 'A-0', 'to_stop_id': 'A-1', 'trip_id': 'walking', 'agency_name': 'Unknown'}, {'duration': 360, 'departure_time': 7920, 'arrival_time': 8280, 'day': 'current_day', 'from_stop_id': 'A-1', 'to_stop_id': '55-1', 'trip_id': '1-1-7', 'agency_name': 'Unknown'}]}",4051.0
169,85,11400,inter,right,432,[237; 238],[56; 88],500,375,1500,1127,11775,11835.0,15690.0,15750.0,3855.0,4.0,237,88,,,pt,16877.0,5477.0,"{'duration': 3855, 'source_transfer_time': 0, 'waiting_time': 495, 'trip_time': 3360, 'num_transfers': 4, 'departure_time': 11835, 'departure_day': 'current_day', 'arrival_time': 15690, 'arrival_day': 'current_day', 'steps': [{'duration': 90, 'departure_time': 12330, 'arrival_time': 12420, 'day': 'current_day', 'from_stop_id': '237-2', 'to_stop_id': 'B-2', 'trip_id': '4-1-14', 'agency_name': 'Unknown'}, {'duration': 30, 'departure_time': 12420, 'arrival_time': 12450, 'day': 'current_day', 'from_stop_id': 'B-2', 'to_stop_id': 'B-0', 'trip_id': 'walking', 'agency_name': 'Unknown'}, {'duration': 1800, 'departure_time': 13500, 'arrival_time': 15300, 'day': 'current_day', 'from_stop_id': 'B-0', 'to_stop_id': 'A-0', 'trip_id': 'IE-9-1', 'agency_name': 'Unknown'}, {'duration': 30, 'departure_time': 15300, 'arrival_time': 15330, 'day': 'current_day', 'from_stop_id': 'A-0', 'to_stop_id': 'A-2', 'trip_id': 'walking', 'agency_name': 'Unknown'}, {'duration': 270, 'departure_time': 15420, 'arrival_time': 15690, 'day': 'current_day', 'from_stop_id': 'A-2', 'to_stop_id': '88-2', 'trip_id': '2-1-19', 'agency_name': 'Unknown'}]}",5477.0
189,45,13500,inter,right,433,[179],[55],500,375,500,375,13875,13935.0,17280.0,17340.0,3345.0,4.0,179,55,,,pt,17715.0,4215.0,"{'duration': 3345, 'source_transfer_time': 0, 'waiting_time': 405, 'trip_time': 2940, 'num_transfers': 4, 'departure_time': 13935, 'departure_day': 'current_day', 'arrival_time': 17280, 'arrival_day': 'current_day', 'steps': [{'duration': 180, 'departure_time': 14340, 'arrival_time': 14520, 'day': 'current_day', 'from_stop_id': '179-1', 'to_stop_id': 'B-1', 'trip_id': '3-1-18', 'agency_name': 'Unknown'}, {'duration': 30, 'departure_time': 14520, 'arrival_time': 14550, 'day': 'current_day', 'from_stop_id': 'B-1', 'to_stop_id': 'B-0', 'trip_id': 'walking', 'agency_name': 'Unknown'}, {'duration': 1800, 'departure_time': 15000, 'arrival_time': 16800, 'day': 'current_day', 'from_stop_id': 'B-0', 'to_stop_id': 'A-0', 'trip_id': 'IE-10-1', 'agency_name': 'Unknown'}, {'duration': 30, 'departure_time': 16800, 'arrival_time': 16830, 'day': 'current_day', 'from_stop_id': 'A-0', 'to_stop_id': 'A-1', 'trip_id': 'walking', 'agency_name': 'Unknown'}, {'duration': 360, 'departure_time': 16920, 'arrival_time': 17280, 'day': 'current_day', 'from_stop_id': 'A-1', 'to_stop_id': '55-1', 'trip_id': '1-1-22', 'agency_name': 'Unknown'}]}",4215.0
220,74,12540,inter,right,434,[220],[56],0,0,1000,751,12540,12600.0,15990.0,16050.0,3390.0,4.0,220,56,,,pt,16801.0,4261.0,"{'duration': 3390, 'source_transfer_time': 0, 'waiting_time': 60, 'trip_time': 3330, 'num_transfers': 4, 'departure_time': 12600, 'departure_day': 'current_day', 'arrival_time': 15990, 'arrival_day': 'current_day', 'steps': [{'duration': 360, 'departure_time': 12660, 'arrival_time': 13020, 'day': 'current_day', 'from_stop_id': '220-2', 'to_stop_id': 'B-2', 'trip_id': '4-0-15', 'agency_name': 'Unknown'}, {'duration': 30, 'departure_time': 13020, 'arrival_time': 13050, 'day': 'current_day', 'from_stop_id': 'B-2', 'to_stop_id': 'B-0', 'trip_id': 'walking', 'agency_name': 'Unknown'}, {'duration': 1800, 'departure_time': 13500, 'arrival_time': 15300, 'day': 'current_day', 'from_stop_id': 'B-0', 'to_stop_id': 'A-0', 'trip_id': 'IE-9-1', 'agency_name': 'Unknown'}, {'duration': 30, 'departure_time': 15300, 'arrival_time': 15330, 'day': 'current_day', 'from_stop_id': 'A-0', 'to_stop_id': 'A-1', 'trip_id': 'walking', 'agency_name': 'Unknown'}, {'duration': 270, 'departure_time': 15720, 'arrival_time': 15990, 'day': 'current_day', 'from_stop_id': 'A-1', 'to_stop_id': '56-1', 'trip_id': '1-1-20', 'agency_name': 'Unknown'}]}",4261.0
139,19,5430,inter,right,435,[137],[16],1000,751,1500,1127,6181,6241.0,9780.0,9840.0,3539.0,4.0,137,16,,,pt,10967.0,5537.0,"{'duration': 3539, 'source_transfer_time': 0, 'waiting_time': 419, 'trip_time': 3120, 'num_transfers': 4, 'departure_time': 6241, 'departure_day': 'current_day', 'arrival_time': 9780, 'arrival_day': 'current_day', 'steps': [{'duration': 360, 'departure_time': 6660, 'arrival_time': 7020, 'day': 'current_day', 'from_stop_id': '137-2', 'to_stop_id': 'B-2', 'trip_id': '4-1-5', 'agency_name': 'Unknown'}, {'duration': 30, 'departure_time': 7020, 'arrival_time': 7050, 'day': 'current_day', 'from_stop_id': 'B-2', 'to_stop_id': 'B-0', 'trip_id': 'walking', 'agency_name': 'Unknown'}, {'duration': 1800, 'departure_time': 7500, 'arrival_time': 9300, 'day': 'current_day', 'from_stop_id': 'B-0', 'to_stop_id': 'A-0', 'trip_id': 'IE-5-1', 'agency_name': 'Unknown'}, {'duration': 30, 'departure_time': 9300, 'arrival_time': 9330, 'day': 'current_day', 'from_stop_id': 'A-0', 'to_stop_id': 'A-2', 'trip_id': 'walking', 'agency_name': 'Unknown'}, {'duration': 360, 'departure_time': 9420, 'arrival_time': 9780, 'day': 'current_day', 'from_stop_id': 'A-2', 'to_stop_id': '16-2', 'trip_id': '2-0-9', 'agency_name': 'Unknown'}]}",5537.0
223,86,10200,inter,right,436,[220],[88],1500,1127,1000,751,11327,11387.0,14490.0,14550.0,3103.0,4.0,220,88,,,pt,15301.0,5101.0,"{'duration': 3103, 'source_transfer_time': 0, 'waiting_time': 73, 'trip_time': 3030, 'num_transfers': 4, 'departure_time': 11387, 'departure_day': 'current_day', 'arrival_time': 14490, 'arrival_day': 'current_day', 'steps': [{'duration': 360, 'departure_time': 11460, 'arrival_time': 11820, 'day': 'current_day', 'from_stop_id': '220-2', 'to_stop_id': 'B-2', 'trip_id': '4-0-13', 'agency_name': 'Unknown'}, {'duration': 30, 'departure_time': 11820, 'arrival_time': 11850, 'day': 'current_day', 'from_stop_id': 'B-2', 'to_stop_id': 'B-0', 'trip_id': 'walking', 'agency_name': 'Unknown'}, {'duration': 1800, 'departure_time': 12000, 'arrival_time': 13800, 'day': 'current_day', 'from_stop_id': 'B-0', 'to_stop_id': 'A-0', 'trip_id': 'IE-8-1', 'agency_name': 'Unknown'}, {'duration': 30, 'departure_time': 13800, 'arrival_time': 13830, 'day': 'current_day', 'from_stop_id': 'A-0', 'to_stop_id': 'A-2', 'trip_id': 'walking', 'agency_name': 'Unknown'}, {'duration': 270, 'departure_time': 14220, 'arrival_time': 14490, 'day': 'current_day', 'from_stop_id': 'A-2', 'to_stop_id': '88-2', 'trip_id': '2-1-17', 'agency_name': 'Unknown'}]}",5101.0
216,27,13200,inter,right,437,[176; 220],[27],2000,1503,0,0,14703,14763.0,18690.0,18750.0,3927.0,4.0,176,27,,,pt,18750.0,5550.0,"{'duration': 3927, 'source_transfer_time': 0, 'waiting_time': 597, 'trip_time': 3330, 'num_transfers': 4, 'departure_time': 14763, 'departure_day': 'current_day', 'arrival_time': 18690, 'arrival_day': 'current_day', 'steps': [{'duration': 360, 'departure_time': 15360, 'arrival_time': 15720, 'day': 'current_day', 'from_stop_id': '176-1', 'to_stop_id': 'B-1', 'trip_id': '3-0-20', 'agency_name': 'Unknown'}, {'duration': 30, 'departure_time': 15720, 'arrival_time': 15750, 'day': 'current_day', 'from_stop_id': 'B-1', 'to_stop_id': 'B-0', 'trip_id': 'walking', 'agency_name': 'Unknown'}, {'duration': 1800, 'departure_time': 16500, 'arrival_time': 18300, 'day': 'current_day', 'from_stop_id': 'B-0', 'to_stop_id': 'A-0', 'trip_id': 'IE-11-1', 'agency_name': 'Unknown'}, {'duration': 30, 'departure_time': 18300, 'arrival_time': 18330, 'day': 'current_day', 'from_stop_id': 'A-0', 'to_stop_id': 'A-2', 'trip_id': 'walking', 'agency_name': 'Unknown'}, {'duration': 270, 'departure_time': 18420, 'arrival_time': 18690, 'day': 'current_day', 'from_stop_id': 'A-2', 'to_stop_id': '27-2', 'trip_id': '2-0-24', 'agency_name': 'Unknown'}]}",5550.0
148,0,9150,inter,right,438,[148],[5; 54],0,0,2500,1879,9150,9210.0,12870.0,12930.0,3660.0,4.0,148,5,,,pt,14809.0,5659.0,"{'duration': 3660, 'source_transfer_time': 0, 'waiting_time': 540, 'trip_time': 3120, 'num_transfers': 4, 'departure_time': 9210, 'departure_day': 'current_day', 'arrival_time': 12870, 'arrival_day': 'current_day', 'steps': [{'duration': 270, 'departure_time': 9750, 'arrival_time': 10020, 'day': 'current_day', 'from_stop_id': '148-2', 'to_stop_id': 'B-2', 'trip_id': '4-1-10', 'agency_name': 'Unknown'}, {'duration': 30, 'departure_time': 10020, 'arrival_time': 10050, 'day': 'current_day', 'from_stop_id': 'B-2', 'to_stop_id': 'B-0', 'trip_id': 'walking', 'agency_name': 'Unknown'}, {'duration': 1800, 'departure_time': 10500, 'arrival_time': 12300, 'day': 'current_day', 'from_stop_id': 'B-0', 'to_stop_id': 'A-0', 'trip_id': 'IE-7-1', 'agency_name': 'Unknown'}, {'duration': 30, 'departure_time': 12300, 'arrival_time': 12330, 'day': 'current_day', 'from_stop_id': 'A-0', 'to_stop_id': 'A-2', 'trip_id': 'walking', 'agency_name': 'Unknown'}, {'duration': 450, 'departure_time': 12420, 'arrival_time': 12870, 'day': 'current_day', 'from_stop_id': 'A-2', 'to_stop_id': '5-2', 'trip_id': '2-0-14', 'agency_name': 'Unknown'}]}",5659.0
163,41,9540,inter,right,439,[181],[59],1000,751,1000,751,10291,10351.0,14190.0,14250.0,3839.0,4.0,181,59,,,pt,15001.0,5461.0,"{'duration': 3839, 'source_transfer_time': 0, 'waiting_time': 209, 'trip_time': 3630, 'num_transfers': 4, 'departure_time': 10351, 'departure_day': 'current_day', 'arrival_time': 14190, 'arrival_day': 'current_day', 'steps': [{'duration': 360, 'departure_time': 10560, 'arrival_time': 10920, 'day': 'current_day', 'from_stop_id': '181-1', 'to_stop_id': 'B-1', 'trip_id': '3-1-12', 'agency_name': 'Unknown'}, {'duration': 30, 'departure_time': 10920, 'arrival_time': 10950, 'day': 'current_day', 'from_stop_id': 'B-1', 'to_stop_id': 'B-0', 'trip_id': 'walking', 'agency_name': 'Unknown'}, {'duration': 1800, 'departure_time': 12000, 'arrival_time': 13800, 'day': 'current_day', 'from_stop_id': 'B-0', 'to_stop_id': 'A-0', 'trip_id': 'IE-8-1', 'agency_name': 'Unknown'}, {'duration': 30, 'departure_time': 13800, 'arrival_time': 13830, 'day': 'current_day', 'from_stop_id': 'A-0', 'to_stop_id': 'A-1', 'trip_id': 'walking', 'agency_name': 'Unknown'}, {'duration': 270, 'departure_time': 13920, 'arrival_time': 14190, 'day': 'current_day', 'from_stop_id': 'A-1', 'to_stop_id': '59-1', 'trip_id': '1-0-17', 'agency_name': 'Unknown'}]}",5461.0
190,27,8820,inter,right,440,[180],[27],500,375,0,0,9195,9255.0,12690.0,12750.0,3435.0,4.0,180,27,,,pt,12750.0,3930.0,"{'duration': 3435, 'source_transfer_time': 0, 'waiting_time': 195, 'trip_time': 3240, 'num_transfers': 4, 'departure_time': 9255, 'departure_day': 'current_day', 'arrival_time': 12690, 'arrival_day': 'current_day', 'steps': [{'duration': 270, 'departure_time': 9450, 'arrival_time': 9720, 'day': 'current_day', 'from_stop_id': '180-1', 'to_stop_id': 'B-1', 'trip_id': '3-1-10', 'agency_name': 'Unknown'}, {'duration': 30, 'departure_time': 9720, 'arrival_time': 9750, 'day': 'current_day', 'from_stop_id': 'B-1', 'to_stop_id': 'B-0', 'trip_id': 'walking', 'agency_name': 'Unknown'}, {'duration': 1800, 'departure_time': 10500, 'arrival_time': 12300, 'day': 'current_day', 'from_stop_id': 'B-0', 'to_stop_id': 'A-0', 'trip_id': 'IE-7-1', 'agency_name': 'Unknown'}, {'duration': 30, 'departure_time': 12300, 'arrival_time': 12330, 'day': 'current_day', 'from_stop_id': 'A-0', 'to_stop_id': 'A-2', 'trip_id': 'walking', 'agency_name': 'Unknown'}, {'duration': 270, 'departure_time': 12420, 'arrival_time': 12690, 'day': 'current_day', 'from_stop_id': 'A-2', 'to_stop_id': '27-2', 'trip_id': '2-0-14', 'agency_name': 'Unknown'}]}",3930.0
218,5,5910,inter,right,441,[220],[5],1000,751,0,0,6661,6721.0,11670.0,11730.0,4949.0,4.0,220,5,,,pt,11730.0,5820.0,"{'duration': 4949, 'source_transfer_time': 0, 'waiting_time': 539, 'trip_time': 4410, 'num_transfers': 4, 'departure_time': 6721, 'departure_day': 'current_day', 'arrival_time': 11670, 'arrival_day': 'current_day', 'steps': [{'duration': 360, 'departure_time': 7260, 'arrival_time': 7620, 'day': 'current_day', 'from_stop_id': '220-2', 'to_stop_id': 'B-2', 'trip_id': '4-0-6', 'agency_name': 'Unknown'}, {'duration': 30, 'departure_time': 7620, 'arrival_time': 7650, 'day': 'current_day', 'from_stop_id': 'B-2', 'to_stop_id': 'B-0', 'trip_id': 'walking', 'agency_name': 'Unknown'}, {'duration': 1800, 'departure_time': 9000, 'arrival_time': 10800, 'day': 'current_day', 'from_stop_id': 'B-0', 'to_stop_id': 'A-0', 'trip_id': 'IE-6-1', 'agency_name': 'Unknown'}, {'duration': 30, 'departure_time': 10800, 'arrival_time': 10830, 'day': 'current_day', 'from_stop_id': 'A-0', 'to_stop_id': 'A-2', 'trip_id': 'walking', 'agency_name': 'Unknown'}, {'duration': 450, 'departure_time': 11220, 'arrival_time': 11670, 'day': 'current_day', 'from_stop_id': 'A-2', 'to_stop_id': '5-2', 'trip_id': '2-0-12', 'agency_name': 'Unknown'}]}",5820.0
152,28,10140,inter,right,442,[181],[27],1500,1127,500,375,11267,11327.0,15690.0,15750.0,4363.0,4.0,181,27,,,pt,16125.0,5985.0,"{'duration': 4363, 'source_transfer_time': 0, 'waiting_time': 433, 'trip_time': 3930, 'num_transfers': 4, 'departure_time': 11327, 'departure_day': 'current_day', 'arrival_time': 15690, 'arrival_day': 'current_day', 'steps': [{'duration': 360, 'departure_time': 11760, 'arrival_time': 12120, 'day': 'current_day', 'from_stop_id': '181-1', 'to_stop_id': 'B-1', 'trip_id': '3-1-14', 'agency_name': 'Unknown'}, {'duration': 30, 'departure_time': 12120, 'arrival_time': 12150, 'day': 'current_day', 'from_stop_id': 'B-1', 'to_stop_id': 'B-0', 'trip_id': 'walking', 'agency_name': 'Unknown'}, {'duration': 1800, 'departure_time': 13500, 'arrival_time': 15300, 'day': 'current_day', 'from_stop_id': 'B-0', 'to_stop_id': 'A-0', 'trip_id': 'IE-9-1', 'agency_name': 'Unknown'}, {'duration': 30, 'departure_time': 15300, 'arrival_time': 15330, 'day': 'current_day', 'from_stop_id': 'A-0', 'to_stop_id': 'A-2', 'trip_id': 'walking', 'agency_name': 'Unknown'}, {'duration': 270, 'departure_time': 15420, 'arrival_time': 15690, 'day': 'current_day', 'from_stop_id': 'A-2', 'to_stop_id': '27-2', 'trip_id': '2-0-19', 'agency_name': 'Unknown'}]}",5985.0
232,26,6300,inter,right,443,[231],[27],500,375,500,375,6675,6735.0,11490.0,11550.0,4755.0,4.0,231,27,,,pt,11925.0,5625.0,"{'duration': 4755, 'source_transfer_time': 0, 'waiting_time': 435, 'trip_time': 4320, 'num_transfers': 4, 'departure_time': 6735, 'departure_day': 'current_day', 'arrival_time': 11490, 'arrival_day': 'current_day', 'steps': [{'duration': 450, 'departure_time': 7170, 'arrival_time': 7620, 'day': 'current_day', 'from_stop_id': '231-2', 'to_stop_id': 'B-2', 'trip_id': '4-0-6', 'agency_name': 'Unknown'}, {'duration': 30, 'departure_time': 7620, 'arrival_time': 7650, 'day': 'current_day', 'from_stop_id': 'B-2', 'to_stop_id': 'B-0', 'trip_id': 'walking', 'agency_name': 'Unknown'}, {'duration': 1800, 'departure_time': 9000, 'arrival_time': 10800, 'day': 'current_day', 'from_stop_id': 'B-0', 'to_stop_id': 'A-0', 'trip_id': 'IE-6-1', 'agency_name': 'Unknown'}, {'duration': 30, 'departure_time': 10800, 'arrival_time': 10830, 'day': 'current_day', 'from_stop_id': 'A-0', 'to_stop_id': 'A-2', 'trip_id': 'walking', 'agency_name': 'Unknown'}, {'duration': 270, 'departure_time': 11220, 'arrival_time': 11490, 'day': 'current_day', 'from_stop_id': 'A-2', 'to_stop_id': '27-2', 'trip_id': '2-0-12', 'agency_name': 'Unknown'}]}",5625.0
214,107,10770,inter,right,444,[182],[110],1500,1127,1500,1127,11897,11957.0,15870.0,15930.0,3913.0,4.0,182,110,,,pt,17057.0,6287.0,"{'duration': 3913, 'source_transfer_time': 0, 'waiting_time': 313, 'trip_time': 3600, 'num_transfers': 4, 'departure_time': 11957, 'departure_day': 'current_day', 'arrival_time': 15870, 'arrival_day': 'current_day', 'steps': [{'duration': 450, 'departure_time': 12270, 'arrival_time': 12720, 'day': 'current_day', 'from_stop_id': '182-1', 'to_stop_id': 'B-1', 'trip_id': '3-1-15', 'agency_name': 'Unknown'}, {'duration': 30, 'departure_time': 12720, 'arrival_time': 12750, 'day': 'current_day', 'from_stop_id': 'B-1', 'to_stop_id': 'B-0', 'trip_id': 'walking', 'agency_name': 'Unknown'}, {'duration': 1800, 'departure_time': 13500, 'arrival_time': 15300, 'day': 'current_day', 'from_stop_id': 'B-0', 'to_stop_id': 'A-0', 'trip_id': 'IE-9-1', 'agency_name': 'Unknown'}, {'duration': 30, 'departure_time': 15300, 'arrival_time': 15330, 'day': 'current_day', 'from_stop_id': 'A-0', 'to_stop_id': 'A-2', 'trip_id': 'walking', 'agency_name': 'Unknown'}, {'duration': 450, 'departure_time': 15420, 'arrival_time': 15870, 'day': 'current_day', 'from_stop_id': 'A-2', 'to_stop_id': '110-2', 'trip_id': '2-1-19', 'agency_name': 'Unknown'}]}",6287.0
130,2,12840,inter,right,445,[126],[5],2000,1503,1500,1127,14343,14403.0,18870.0,18930.0,4467.0,4.0,126,5,,,pt,20057.0,7217.0,"{'duration': 4467, 'source_transfer_time': 0, 'waiting_time': 567, 'trip_time': 3900, 'num_transfers': 4, 'departure_time': 14403, 'departure_day': 'current_day', 'arrival_time': 18870, 'arrival_day': 'current_day', 'steps': [{'duration': 450, 'departure_time': 14970, 'arrival_time': 15420, 'day': 'current_day', 'from_stop_id': '126-2', 'to_stop_id': 'B-2', 'trip_id': '4-1-19', 'agency_name': 'Unknown'}, {'duration': 30, 'departure_time': 15420, 'arrival_time': 15450, 'day': 'current_day', 'from_stop_id': 'B-2', 'to_stop_id': 'B-0', 'trip_id': 'walking', 'agency_name': 'Unknown'}, {'duration': 1800, 'departure_time': 16500, 'arrival_time': 18300, 'day': 'current_day', 'from_stop_id': 'B-0', 'to_stop_id': 'A-0', 'trip_id': 'IE-11-1', 'agency_name': 'Unknown'}, {'duration': 30, 'departure_time': 18300, 'arrival_time': 18330, 'day': 'current_day', 'from_stop_id': 'A-0', 'to_stop_id': 'A-2', 'trip_id': 'walking', 'agency_name': 'Unknown'}, {'duration': 450, 'departure_time': 18420, 'arrival_time': 18870, 'day': 'current_day', 'from_stop_id': 'A-2', 'to_stop_id': '5-2', 'trip_id': '2-0-24', 'agency_name': 'Unknown'}]}",7217.0
143,74,12420,inter,right,446,[175],[56],1500,1127,1000,751,13547,13607.0,17190.0,17250.0,3583.0,4.0,175,56,,,pt,18001.0,5581.0,"{'duration': 3583, 'source_transfer_time': 0, 'waiting_time': 463, 'trip_time': 3120, 'num_transfers': 4, 'departure_time': 13607, 'departure_day': 'current_day', 'arrival_time': 17190, 'arrival_day': 'current_day', 'steps': [{'duration': 450, 'departure_time': 14070, 'arrival_time': 14520, 'day': 'current_day', 'from_stop_id': '175-1', 'to_stop_id': 'B-1', 'trip_id': '3-0-18', 'agency_name': 'Unknown'}, {'duration': 30, 'departure_time': 14520, 'arrival_time': 14550, 'day': 'current_day', 'from_stop_id': 'B-1', 'to_stop_id': 'B-0', 'trip_id': 'walking', 'agency_name': 'Unknown'}, {'duration': 1800, 'departure_time': 15000, 'arrival_time': 16800, 'day': 'current_day', 'from_stop_id': 'B-0', 'to_stop_id': 'A-0', 'trip_id': 'IE-10-1', 'agency_name': 'Unknown'}, {'duration': 30, 'departure_time': 16800, 'arrival_time': 16830, 'day': 'current_day', 'from_stop_id': 'A-0', 'to_stop_id': 'A-1', 'trip_id': 'walking', 'agency_name': 'Unknown'}, {'duration': 270, 'departure_time': 16920, 'arrival_time': 17190, 'day': 'current_day', 'from_stop_id': 'A-1', 'to_stop_id': '56-1', 'trip_id': '1-1-22', 'agency_name': 'Unknown'}]}",5581.0
147,93,13860,inter,right,447,[148],[61],500,375,1500,1127,14235,14295.0,17370.0,17430.0,3075.0,4.0,148,61,,,pt,18557.0,4697.0,"{'duration': 3075, 'source_transfer_time': 0, 'waiting_time': 255, 'trip_time': 2820, 'num_transfers': 4, 'departure_time': 14295, 'departure_day': 'current_day', 'arrival_time': 17370, 'arrival_day': 'current_day', 'steps': [{'duration': 270, 'departure_time': 14550, 'arrival_time': 14820, 'day': 'current_day', 'from_stop_id': '148-2', 'to_stop_id': 'B-2', 'trip_id': '4-1-18', 'agency_name': 'Unknown'}, {'duration': 30, 'departure_time': 14820, 'arrival_time': 14850, 'day': 'current_day', 'from_stop_id': 'B-2', 'to_stop_id': 'B-0', 'trip_id': 'walking', 'agency_name': 'Unknown'}, {'duration': 1800, 'departure_time': 15000, 'arrival_time': 16800, 'day': 'current_day', 'from_stop_id': 'B-0', 'to_stop_id': 'A-0', 'trip_id': 'IE-10-1', 'agency_name': 'Unknown'}, {'duration': 30, 'departure_time': 16800, 'arrival_time': 16830, 'day': 'current_day', 'from_stop_id': 'A-0', 'to_stop_id': 'A-1', 'trip_id': 'walking', 'agency_name': 'Unknown'}, {'duration': 450, 'departure_time': 16920, 'arrival_time': 17370, 'day': 'current_day', 'from_stop_id': 'A-1', 'to_stop_id': '61-1', 'trip_id': '1-0-22', 'agency_name': 'Unknown'}]}",4697.0
221,78,3690,inter,right,448,[220],[77],500,375,500,375,4065,4125.0,8400.0,8460.0,4275.0,4.0,220,77,,,pt,8835.0,5145.0,"{'duration': 4275, 'source_transfer_time': 0, 'waiting_time': 135, 'trip_time': 4140, 'num_transfers': 4, 'departure_time': 4125, 'departure_day': 'current_day', 'arrival_time': 8400, 'arrival_day': 'current_day', 'steps': [{'duration': 360, 'departure_time': 4260, 'arrival_time': 4620, 'day': 'current_day', 'from_stop_id': '220-2', 'to_stop_id': 'B-2', 'trip_id': '4-0-1', 'agency_name': 'Unknown'}, {'duration': 30, 'departure_time': 4620, 'arrival_time': 4650, 'day': 'current_day', 'from_stop_id': 'B-2', 'to_stop_id': 'B-0', 'trip_id': 'walking', 'agency_name': 'Unknown'}, {'duration': 1800, 'departure_time': 6000, 'arrival_time': 7800, 'day': 'current_day', 'from_stop_id': 'B-0', 'to_stop_id': 'A-0', 'trip_id': 'IE-4-1', 'agency_name': 'Unknown'}, {'duration': 30, 'departure_time': 7800, 'arrival_time': 7830, 'day': 'current_day', 'from_stop_id': 'A-0', 'to_stop_id': 'A-2', 'trip_id': 'walking', 'agency_name': 'Unknown'}, {'duration': 180, 'departure_time': 8220, 'arrival_time': 8400, 'day': 'current_day', 'from_stop_id': 'A-2', 'to_stop_id': '77-2', 'trip_id': '2-1-7', 'agency_name': 'Unknown'}]}",5145.0
157,3,3690,inter,right,449,[159; 178],[5],1000,751,1000,751,4441,4501.0,8670.0,8730.0,4169.0,4.0,159,5,,,pt,9481.0,5791.0,"{'duration': 4169, 'source_transfer_time': 0, 'waiting_time': 539, 'trip_time': 3630, 'num_transfers': 4, 'departure_time': 4501, 'departure_day': 'current_day', 'arrival_time': 8670, 'arrival_day': 'current_day', 'steps': [{'duration': 180, 'departure_time': 5040, 'arrival_time': 5220, 'day': 'current_day', 'from_stop_id': '159-2', 'to_stop_id': 'B-2', 'trip_id': '4-1-2', 'agency_name': 'Unknown'}, {'duration': 30, 'departure_time': 5220, 'arrival_time': 5250, 'day': 'current_day', 'from_stop_id': 'B-2', 'to_stop_id': 'B-0', 'trip_id': 'walking', 'agency_name': 'Unknown'}, {'duration': 1800, 'departure_time': 6000, 'arrival_time': 7800, 'day': 'current_day', 'from_stop_id': 'B-0', 'to_stop_id': 'A-0', 'trip_id': 'IE-4-1', 'agency_name': 'Unknown'}, {'duration': 30, 'departure_time': 7800, 'arrival_time': 7830, 'day': 'current_day', 'from_stop_id': 'A-0', 'to_stop_id': 'A-2', 'trip_id': 'walking', 'agency_name': 'Unknown'}, {'duration': 450, 'departure_time': 8220, 'arrival_time': 8670, 'day': 'current_day', 'from_stop_id': 'A-2', 'to_stop_id': '5-2', 'trip_id': '2-0-7', 'agency_name': 'Unknown'}]}",5791.0
226,9,6210,inter,right,450,[175; 231],[5],2500,1879,2000,1503,8089,8149.0,11670.0,11730.0,3521.0,4.0,231,5,,,pt,13233.0,7023.0,"{'duration': 3521, 'source_transfer_time': 0, 'waiting_time': 221, 'trip_time': 3300, 'num_transfers': 4, 'departure_time': 8149, 'departure_day': 'current_day', 'arrival_time': 11670, 'arrival_day': 'current_day', 'steps': [{'duration': 450, 'departure_time': 8370, 'arrival_time': 8820, 'day': 'current_day', 'from_stop_id': '231-2', 'to_stop_id': 'B-2', 'trip_id': '4-0-8', 'agency_name': 'Unknown'}, {'duration': 30, 'departure_time': 8820, 'arrival_time': 8850, 'day': 'current_day', 'from_stop_id': 'B-2', 'to_stop_id': 'B-0', 'trip_id': 'walking', 'agency_name': 'Unknown'}, {'duration': 1800, 'departure_time': 9000, 'arrival_time': 10800, 'day': 'current_day', 'from_stop_id': 'B-0', 'to_stop_id': 'A-0', 'trip_id': 'IE-6-1', 'agency_name': 'Unknown'}, {'duration': 30, 'departure_time': 10800, 'arrival_time': 10830, 'day': 'current_day', 'from_stop_id': 'A-0', 'to_stop_id': 'A-2', 'trip_id': 'walking', 'agency_name': 'Unknown'}, {'duration': 450, 'departure_time': 11220, 'arrival_time': 11670, 'day': 'current_day', 'from_stop_id': 'A-2', 'to_stop_id': '5-2', 'trip_id': '2-0-12', 'agency_name': 'Unknown'}]}",7023.0
236,38,13170,inter,right,451,[182; 231],[38],2500,1879,0,0,15049,15109.0,18600.0,18660.0,3491.0,4.0,182,38,,,pt,18660.0,5490.0,"{'duration': 3491, 'source_transfer_time': 0, 'waiting_time': 161, 'trip_time': 3330, 'num_transfers': 4, 'departure_time': 15109, 'departure_day': 'current_day', 'arrival_time': 18600, 'arrival_day': 'current_day', 'steps': [{'duration': 450, 'departure_time': 15270, 'arrival_time': 15720, 'day': 'current_day', 'from_stop_id': '182-1', 'to_stop_id': 'B-1', 'trip_id': '3-1-20', 'agency_name': 'Unknown'}, {'duration': 30, 'departure_time': 15720, 'arrival_time': 15750, 'day': 'current_day', 'from_stop_id': 'B-1', 'to_stop_id': 'B-0', 'trip_id': 'walking', 'agency_name': 'Unknown'}, {'duration': 1800, 'departure_time': 16500, 'arrival_time': 18300, 'day': 'current_day', 'from_stop_id': 'B-0', 'to_stop_id': 'A-0', 'trip_id': 'IE-11-1', 'agency_name': 'Unknown'}, {'duration': 30, 'departure_time': 18300, 'arrival_time': 18330, 'day': 'current_day', 'from_stop_id': 'A-0', 'to_stop_id': 'A-2', 'trip_id': 'walking', 'agency_name': 'Unknown'}, {'duration': 180, 'departure_time': 18420, 'arrival_time': 18600, 'day': 'current_day', 'from_stop_id': 'A-2', 'to_stop_id': '38-2', 'trip_id': '2-0-24', 'agency_name': 'Unknown'}]}",5490.0
191,21,4200,inter,right,452,[181],[61],500,375,2000,1503,4575,4635.0,8370.0,8430.0,3735.0,4.0,181,61,,,pt,9933.0,5733.0,"{'duration': 3735, 'source_transfer_time': 0, 'waiting_time': 525, 'trip_time': 3210, 'num_transfers': 4, 'departure_time': 4635, 'departure_day': 'current_day', 'arrival_time': 8370, 'arrival_day': 'current_day', 'steps': [{'duration': 360, 'departure_time': 5160, 'arrival_time': 5520, 'day': 'current_day', 'from_stop_id': '181-1', 'to_stop_id': 'B-1', 'trip_id': '3-1-3', 'agency_name': 'Unknown'}, {'duration': 30, 'departure_time': 5520, 'arrival_time': 5550, 'day': 'current_day', 'from_stop_id': 'B-1', 'to_stop_id': 'B-0', 'trip_id': 'walking', 'agency_name': 'Unknown'}, {'duration': 1800, 'departure_time': 6000, 'arrival_time': 7800, 'day': 'current_day', 'from_stop_id': 'B-0', 'to_stop_id': 'A-0', 'trip_id': 'IE-4-1', 'agency_name': 'Unknown'}, {'duration': 30, 'departure_time': 7800, 'arrival_time': 7830, 'day': 'current_day', 'from_stop_id': 'A-0', 'to_stop_id': 'A-1', 'trip_id': 'walking', 'agency_name': 'Unknown'}, {'duration': 450, 'departure_time': 7920, 'arrival_time': 8370, 'day': 'current_day', 'from_stop_id': 'A-1', 'to_stop_id': '61-1', 'trip_id': '1-0-7', 'agency_name': 'Unknown'}]}",5733.0
206,44,11160,inter,right,453,[177; 209],[54],1500,1127,500,375,12287,12347.0,16170.0,16230.0,3823.0,4.0,177,54,,,pt,16605.0,5445.0,"{'duration': 3823, 'source_transfer_time': 0, 'waiting_time': 103, 'trip_time': 3720, 'num_transfers': 4, 'departure_time': 12347, 'departure_day': 'current_day', 'arrival_time': 16170, 'arrival_day': 'current_day', 'steps': [{'duration': 270, 'departure_time': 12450, 'arrival_time': 12720, 'day': 'current_day', 'from_stop_id': '177-1', 'to_stop_id': 'B-1', 'trip_id': '3-0-15', 'agency_name': 'Unknown'}, {'duration': 30, 'departure_time': 12720, 'arrival_time': 12750, 'day': 'current_day', 'from_stop_id': 'B-1', 'to_stop_id': 'B-0', 'trip_id': 'walking', 'agency_name': 'Unknown'}, {'duration': 1800, 'departure_time': 13500, 'arrival_time': 15300, 'day': 'current_day', 'from_stop_id': 'B-0', 'to_stop_id': 'A-0', 'trip_id': 'IE-9-1', 'agency_name': 'Unknown'}, {'duration': 30, 'departure_time': 15300, 'arrival_time': 15330, 'day': 'current_day', 'from_stop_id': 'A-0', 'to_stop_id': 'A-1', 'trip_id': 'walking', 'agency_name': 'Unknown'}, {'duration': 450, 'departure_time': 15720, 'arrival_time': 16170, 'day': 'current_day', 'from_stop_id': 'A-1', 'to_stop_id': '54-1', 'trip_id': '1-1-20', 'agency_name': 'Unknown'}]}",5445.0
195,115,10050,inter,right,454,[177],[61; 110],1000,751,2500,1879,10801,10861.0,14370.0,14430.0,3509.0,4.0,177,61,,,pt,16309.0,6259.0,"{'duration': 3509, 'source_transfer_time': 0, 'waiting_time': 389, 'trip_time': 3120, 'num_transfers': 4, 'departure_time': 10861, 'departure_day': 'current_day', 'arrival_time': 14370, 'arrival_day': 'current_day', 'steps': [{'duration': 270, 'departure_time': 11250, 'arrival_time': 11520, 'day': 'current_day', 'from_stop_id': '177-1', 'to_stop_id': 'B-1', 'trip_id': '3-0-13', 'agency_name': 'Unknown'}, {'duration': 30, 'departure_time': 11520, 'arrival_time': 11550, 'day': 'current_day', 'from_stop_id': 'B-1', 'to_stop_id': 'B-0', 'trip_id': 'walking', 'agency_name': 'Unknown'}, {'duration': 1800, 'departure_time': 12000, 'arrival_time': 13800, 'day': 'current_day', 'from_stop_id': 'B-0', 'to_stop_id': 'A-0', 'trip_id': 'IE-8-1', 'agency_name': 'Unknown'}, {'duration': 30, 'departure_time': 13800, 'arrival_time': 13830, 'day': 'current_day', 'from_stop_id': 'A-0', 'to_stop_id': 'A-1', 'trip_id': 'walking', 'agency_name': 'Unknown'}, {'duration': 450, 'departure_time': 13920, 'arrival_time': 14370, 'day': 'current_day', 'from_stop_id': 'A-1', 'to_stop_id': '61-1', 'trip_id': '1-0-17', 'agency_name': 'Unknown'}]}",6259.0
158,38,6150,inter,right,455,[159],[38],500,375,0,0,6525,6585.0,9600.0,9660.0,3015.0,4.0,159,38,,,pt,9660.0,3510.0,"{'duration': 3015, 'source_transfer_time': 0, 'waiting_time': 255, 'trip_time': 2760, 'num_transfers': 4, 'departure_time': 6585, 'departure_day': 'current_day', 'arrival_time': 9600, 'arrival_day': 'current_day', 'steps': [{'duration': 180, 'departure_time': 6840, 'arrival_time': 7020, 'day': 'current_day', 'from_stop_id': '159-2', 'to_stop_id': 'B-2', 'trip_id': '4-1-5', 'agency_name': 'Unknown'}, {'duration': 30, 'departure_time': 7020, 'arrival_time': 7050, 'day': 'current_day', 'from_stop_id': 'B-2', 'to_stop_id': 'B-0', 'trip_id': 'walking', 'agency_name': 'Unknown'}, {'duration': 1800, 'departure_time': 7500, 'arrival_time': 9300, 'day': 'current_day', 'from_stop_id': 'B-0', 'to_stop_id': 'A-0', 'trip_id': 'IE-5-1', 'agency_name': 'Unknown'}, {'duration': 30, 'departure_time': 9300, 'arrival_time': 9330, 'day': 'current_day', 'from_stop_id': 'A-0', 'to_stop_id': 'A-2', 'trip_id': 'walking', 'agency_name': 'Unknown'}, {'duration': 180, 'departure_time': 9420, 'arrival_time': 9600, 'day': 'current_day', 'from_stop_id': 'A-2', 'to_stop_id': '38-2', 'trip_id': '2-0-9', 'agency_name': 'Unknown'}]}",3510.0
122,89,13350,inter,right,456,[126],[88],2000,1503,500,375,14853,14913.0,18690.0,18750.0,3777.0,4.0,126,88,,,pt,19125.0,5775.0,"{'duration': 3777, 'source_transfer_time': 0, 'waiting_time': 57, 'trip_time': 3720, 'num_transfers': 4, 'departure_time': 14913, 'departure_day': 'current_day', 'arrival_time': 18690, 'arrival_day': 'current_day', 'steps': [{'duration': 450, 'departure_time': 14970, 'arrival_time': 15420, 'day': 'current_day', 'from_stop_id': '126-2', 'to_stop_id': 'B-2', 'trip_id': '4-1-19', 'agency_name': 'Unknown'}, {'duration': 30, 'departure_time': 15420, 'arrival_time': 15450, 'day': 'current_day', 'from_stop_id': 'B-2', 'to_stop_id': 'B-0', 'trip_id': 'walking', 'agency_name': 'Unknown'}, {'duration': 1800, 'departure_time': 16500, 'arrival_time': 18300, 'day': 'current_day', 'from_stop_id': 'B-0', 'to_stop_id': 'A-0', 'trip_id': 'IE-11-1', 'agency_name': 'Unknown'}, {'duration': 30, 'departure_time': 18300, 'arrival_time': 18330, 'day': 'current_day', 'from_stop_id': 'A-0', 'to_stop_id': 'A-2', 'trip_id': 'walking', 'agency_name': 'Unknown'}, {'duration': 270, 'departure_time': 18420, 'arrival_time': 18690, 'day': 'current_day', 'from_stop_id': 'A-2', 'to_stop_id': '88-2', 'trip_id': '2-1-24', 'agency_name': 'Unknown'}]}",5775.0
131,25,13890,inter,right,457,[126; 182],[27],2500,1879,1000,751,15769,15829.0,18690.0,18750.0,2861.0,4.0,182,27,,,pt,19501.0,5611.0,"{'duration': 2861, 'source_transfer_time': 0, 'waiting_time': 41, 'trip_time': 2820, 'num_transfers': 4, 'departure_time': 15829, 'departure_day': 'current_day', 'arrival_time': 18690, 'arrival_day': 'current_day', 'steps': [{'duration': 450, 'departure_time': 15870, 'arrival_time': 16320, 'day': 'current_day', 'from_stop_id': '182-1', 'to_stop_id': 'B-1', 'trip_id': '3-1-21', 'agency_name': 'Unknown'}, {'duration': 30, 'departure_time': 16320, 'arrival_time': 16350, 'day': 'current_day', 'from_stop_id': 'B-1', 'to_stop_id': 'B-0', 'trip_id': 'walking', 'agency_name': 'Unknown'}, {'duration': 1800, 'departure_time': 16500, 'arrival_time': 18300, 'day': 'current_day', 'from_stop_id': 'B-0', 'to_stop_id': 'A-0', 'trip_id': 'IE-11-1', 'agency_name': 'Unknown'}, {'duration': 30, 'departure_time': 18300, 'arrival_time': 18330, 'day': 'current_day', 'from_stop_id': 'A-0', 'to_stop_id': 'A-2', 'trip_id': 'walking', 'agency_name': 'Unknown'}, {'duration': 270, 'departure_time': 18420, 'arrival_time': 18690, 'day': 'current_day', 'from_stop_id': 'A-2', 'to_stop_id': '27-2', 'trip_id': '2-0-24', 'agency_name': 'Unknown'}]}",5611.0
209,72,6000,inter,right,458,[209],[54],0,0,1000,751,6000,6060.0,10170.0,10230.0,4110.0,4.0,209,54,,,pt,10981.0,4981.0,"{'duration': 4110, 'source_transfer_time': 0, 'waiting_time': 90, 'trip_time': 4020, 'num_transfers': 4, 'departure_time': 6060, 'departure_day': 'current_day', 'arrival_time': 10170, 'arrival_day': 'current_day', 'steps': [{'duration': 270, 'departure_time': 6150, 'arrival_time': 6420, 'day': 'current_day', 'from_stop_id': '209-2', 'to_stop_id': 'B-2', 'trip_id': '4-0-4', 'agency_name': 'Unknown'}, {'duration': 30, 'departure_time': 6420, 'arrival_time': 6450, 'day': 'current_day', 'from_stop_id': 'B-2', 'to_stop_id': 'B-0', 'trip_id': 'walking', 'agency_name': 'Unknown'}, {'duration': 1800, 'departure_time': 7500, 'arrival_time': 9300, 'day': 'current_day', 'from_stop_id': 'B-0', 'to_stop_id': 'A-0', 'trip_id': 'IE-5-1', 'agency_name': 'Unknown'}, {'duration': 30, 'departure_time': 9300, 'arrival_time': 9330, 'day': 'current_day', 'from_stop_id': 'A-0', 'to_stop_id': 'A-1', 'trip_id': 'walking', 'agency_name': 'Unknown'}, {'duration': 450, 'departure_time': 9720, 'arrival_time': 10170, 'day': 'current_day', 'from_stop_id': 'A-1', 'to_stop_id': '54-1', 'trip_id': '1-1-10', 'agency_name': 'Unknown'}]}",4981.0
125,10,14040,inter,right,459,[126],[5; 61],500,375,2500,1879,14415,14475.0,18870.0,18930.0,4395.0,4.0,126,5,,,pt,20809.0,6769.0,"{'duration': 4395, 'source_transfer_time': 0, 'waiting_time': 495, 'trip_time': 3900, 'num_transfers': 4, 'departure_time': 14475, 'departure_day': 'current_day', 'arrival_time': 18870, 'arrival_day': 'current_day', 'steps': [{'duration': 450, 'departure_time': 14970, 'arrival_time': 15420, 'day': 'current_day', 'from_stop_id': '126-2', 'to_stop_id': 'B-2', 'trip_id': '4-1-19', 'agency_name': 'Unknown'}, {'duration': 30, 'departure_time': 15420, 'arrival_time': 15450, 'day': 'current_day', 'from_stop_id': 'B-2', 'to_stop_id': 'B-0', 'trip_id': 'walking', 'agency_name': 'Unknown'}, {'duration': 1800, 'departure_time': 16500, 'arrival_time': 18300, 'day': 'current_day', 'from_stop_id': 'B-0', 'to_stop_id': 'A-0', 'trip_id': 'IE-11-1', 'agency_name': 'Unknown'}, {'duration': 30, 'departure_time': 18300, 'arrival_time': 18330, 'day': 'current_day', 'from_stop_id': 'A-0', 'to_stop_id': 'A-2', 'trip_id': 'walking', 'agency_name': 'Unknown'}, {'duration': 450, 'departure_time': 18420, 'arrival_time': 18870, 'day': 'current_day', 'from_stop_id': 'A-2', 'to_stop_id': '5-2', 'trip_id': '2-0-24', 'agency_name': 'Unknown'}]}",6769.0
220,111,5880,inter,right,460,[220],[110],0,0,500,375,5880,5940.0,9870.0,9930.0,3930.0,4.0,220,110,,,pt,10305.0,4425.0,"{'duration': 3930, 'source_transfer_time': 0, 'waiting_time': 120, 'trip_time': 3810, 'num_transfers': 4, 'departure_time': 5940, 'departure_day': 'current_day', 'arrival_time': 9870, 'arrival_day': 'current_day', 'steps': [{'duration': 360, 'departure_time': 6060, 'arrival_time': 6420, 'day': 'current_day', 'from_stop_id': '220-2', 'to_stop_id': 'B-2', 'trip_id': '4-0-4', 'agency_name': 'Unknown'}, {'duration': 30, 'departure_time': 6420, 'arrival_time': 6450, 'day': 'current_day', 'from_stop_id': 'B-2', 'to_stop_id': 'B-0', 'trip_id': 'walking', 'agency_name': 'Unknown'}, {'duration': 1800, 'departure_time': 7500, 'arrival_time': 9300, 'day': 'current_day', 'from_stop_id': 'B-0', 'to_stop_id': 'A-0', 'trip_id': 'IE-5-1', 'agency_name': 'Unknown'}, {'duration': 30, 'departure_time': 9300, 'arrival_time': 9330, 'day': 'current_day', 'from_stop_id': 'A-0', 'to_stop_id': 'A-2', 'trip_id': 'walking', 'agency_name': 'Unknown'}, {'duration': 450, 'departure_time': 9420, 'arrival_time': 9870, 'day': 'current_day', 'from_stop_id': 'A-2', 'to_stop_id': '110-2', 'trip_id': '2-1-9', 'agency_name': 'Unknown'}]}",4425.0
205,21,4530,inter,right,461,[176],[61],1500,1127,2000,1503,5657,5717.0,10170.0,10230.0,4453.0,4.0,176,61,,,pt,11733.0,7203.0,"{'duration': 4453, 'source_transfer_time': 0, 'waiting_time': 43, 'trip_time': 4410, 'num_transfers': 4, 'departure_time': 5717, 'departure_day': 'current_day', 'arrival_time': 10170, 'arrival_day': 'current_day', 'steps': [{'duration': 360, 'departure_time': 5760, 'arrival_time': 6120, 'day': 'current_day', 'from_stop_id': '176-1', 'to_stop_id': 'B-1', 'trip_id': '3-0-4', 'agency_name': 'Unknown'}, {'duration': 30, 'departure_time': 6120, 'arrival_time': 6150, 'day': 'current_day', 'from_stop_id': 'B-1', 'to_stop_id': 'B-0', 'trip_id': 'walking', 'agency_name': 'Unknown'}, {'duration': 1800, 'departure_time': 7500, 'arrival_time': 9300, 'day': 'current_day', 'from_stop_id': 'B-0', 'to_stop_id': 'A-0', 'trip_id': 'IE-5-1', 'agency_name': 'Unknown'}, {'duration': 30, 'departure_time': 9300, 'arrival_time': 9330, 'day': 'current_day', 'from_stop_id': 'A-0', 'to_stop_id': 'A-1', 'trip_id': 'walking', 'agency_name': 'Unknown'}, {'duration': 450, 'departure_time': 9720, 'arrival_time': 10170, 'day': 'current_day', 'from_stop_id': 'A-1', 'to_stop_id': '61-1', 'trip_id': '1-0-10', 'agency_name': 'Unknown'}]}",7203.0
194,65,4200,inter,right,462,[176],[57],1000,751,500,375,4951,5011.0,8100.0,8160.0,3089.0,4.0,176,57,,,pt,8535.0,4335.0,"{'duration': 3089, 'source_transfer_time': 0, 'waiting_time': 149, 'trip_time': 2940, 'num_transfers': 4, 'departure_time': 5011, 'departure_day': 'current_day', 'arrival_time': 8100, 'arrival_day': 'current_day', 'steps': [{'duration': 360, 'departure_time': 5160, 'arrival_time': 5520, 'day': 'current_day', 'from_stop_id': '176-1', 'to_stop_id': 'B-1', 'trip_id': '3-0-3', 'agency_name': 'Unknown'}, {'duration': 30, 'departure_time': 5520, 'arrival_time': 5550, 'day': 'current_day', 'from_stop_id': 'B-1', 'to_stop_id': 'B-0', 'trip_id': 'walking', 'agency_name': 'Unknown'}, {'duration': 1800, 'departure_time': 6000, 'arrival_time': 7800, 'day': 'current_day', 'from_stop_id': 'B-0', 'to_stop_id': 'A-0', 'trip_id': 'IE-4-1', 'agency_name': 'Unknown'}, {'duration': 30, 'departure_time': 7800, 'arrival_time': 7830, 'day': 'current_day', 'from_stop_id': 'A-0', 'to_stop_id': 'A-1', 'trip_id': 'walking', 'agency_name': 'Unknown'}, {'duration': 180, 'departure_time': 7920, 'arrival_time': 8100, 'day': 'current_day', 'from_stop_id': 'A-1', 'to_stop_id': '57-1', 'trip_id': '1-1-7', 'agency_name': 'Unknown'}]}",4335.0
183,53,8340,inter,right,463,[175],[61],500,375,500,375,8715,8775.0,13170.0,13230.0,4395.0,4.0,175,61,,,pt,13605.0,5265.0,"{'duration': 4395, 'source_transfer_time': 0, 'waiting_time': 495, 'trip_time': 3900, 'num_transfers': 4, 'departure_time': 8775, 'departure_day': 'current_day', 'arrival_time': 13170, 'arrival_day': 'current_day', 'steps': [{'duration': 450, 'departure_time': 9270, 'arrival_time': 9720, 'day': 'current_day', 'from_stop_id': '175-1', 'to_stop_id': 'B-1', 'trip_id': '3-0-10', 'agency_name': 'Unknown'}, {'duration': 30, 'departure_time': 9720, 'arrival_time': 9750, 'day': 'current_day', 'from_stop_id': 'B-1', 'to_stop_id': 'B-0', 'trip_id': 'walking', 'agency_name': 'Unknown'}, {'duration': 1800, 'departure_time': 10500, 'arrival_time': 12300, 'day': 'current_day', 'from_stop_id': 'B-0', 'to_stop_id': 'A-0', 'trip_id': 'IE-7-1', 'agency_name': 'Unknown'}, {'duration': 30, 'departure_time': 12300, 'arrival_time': 12330, 'day': 'current_day', 'from_stop_id': 'A-0', 'to_stop_id': 'A-1', 'trip_id': 'walking', 'agency_name': 'Unknown'}, {'duration': 450, 'departure_time': 12720, 'arrival_time': 13170, 'day': 'current_day', 'from_stop_id': 'A-1', 'to_stop_id': '61-1', 'trip_id': '1-0-15', 'agency_name': 'Unknown'}]}",5265.0
141,84,14070,inter,right,464,[137; 181],[55],2000,1503,1500,1127,15573,15633.0,19080.0,19140.0,3447.0,4.0,137,55,,,pt,20267.0,6197.0,"{'duration': 3447, 'source_transfer_time': 0, 'waiting_time': 27, 'trip_time': 3420, 'num_transfers': 4, 'departure_time': 15633, 'departure_day': 'current_day', 'arrival_time': 19080, 'arrival_day': 'current_day', 'steps': [{'duration': 360, 'departure_time': 15660, 'arrival_time': 16020, 'day': 'current_day', 'from_stop_id': '137-2', 'to_stop_id': 'B-2', 'trip_id': '4-1-20', 'agency_name': 'Unknown'}, {'duration': 30, 'departure_time': 16020, 'arrival_time': 16050, 'day': 'current_day', 'from_stop_id': 'B-2', 'to_stop_id': 'B-0', 'trip_id': 'walking', 'agency_name': 'Unknown'}, {'duration': 1800, 'departure_time': 16500, 'arrival_time': 18300, 'day': 'current_day', 'from_stop_id': 'B-0', 'to_stop_id': 'A-0', 'trip_id': 'IE-11-1', 'agency_name': 'Unknown'}, {'duration': 30, 'departure_time': 18300, 'arrival_time': 18330, 'day': 'current_day', 'from_stop_id': 'A-0', 'to_stop_id': 'A-1', 'trip_id': 'walking', 'agency_name': 'Unknown'}, {'duration': 360, 'departure_time': 18720, 'arrival_time': 19080, 'day': 'current_day', 'from_stop_id': 'A-1', 'to_stop_id': '55-1', 'trip_id': '1-1-25', 'agency_name': 'Unknown'}]}",6197.0
230,93,7620,inter,right,465,[231],[61],500,375,1500,1127,7995,8055.0,11370.0,11430.0,3315.0,4.0,231,61,,,pt,12557.0,4937.0,"{'duration': 3315, 'source_transfer_time': 0, 'waiting_time': 315, 'trip_time': 3000, 'num_transfers': 4, 'departure_time': 8055, 'departure_day': 'current_day', 'arrival_time': 11370, 'arrival_day': 'current_day', 'steps': [{'duration': 450, 'departure_time': 8370, 'arrival_time': 8820, 'day': 'current_day', 'from_stop_id': '231-2', 'to_stop_id': 'B-2', 'trip_id': '4-0-8', 'agency_name': 'Unknown'}, {'duration': 30, 'departure_time': 8820, 'arrival_time': 8850, 'day': 'current_day', 'from_stop_id': 'B-2', 'to_stop_id': 'B-0', 'trip_id': 'walking', 'agency_name': 'Unknown'}, {'duration': 1800, 'departure_time': 9000, 'arrival_time': 10800, 'day': 'current_day', 'from_stop_id': 'B-0', 'to_stop_id': 'A-0', 'trip_id': 'IE-6-1', 'agency_name': 'Unknown'}, {'duration': 30, 'departure_time': 10800, 'arrival_time': 10830, 'day': 'current_day', 'from_stop_id': 'A-0', 'to_stop_id': 'A-1', 'trip_id': 'walking', 'agency_name': 'Unknown'}, {'duration': 450, 'departure_time': 10920, 'arrival_time': 11370, 'day': 'current_day', 'from_stop_id': 'A-1', 'to_stop_id': '61-1', 'trip_id': '1-0-12', 'agency_name': 'Unknown'}]}",4937.0
125,72,12570,inter,right,466,[126],[54],500,375,1000,751,12945,13005.0,17370.0,17430.0,4365.0,4.0,126,54,,,pt,18181.0,5611.0,"{'duration': 4365, 'source_transfer_time': 0, 'waiting_time': 165, 'trip_time': 4200, 'num_transfers': 4, 'departure_time': 13005, 'departure_day': 'current_day', 'arrival_time': 17370, 'arrival_day': 'current_day', 'steps': [{'duration': 450, 'departure_time': 13170, 'arrival_time': 13620, 'day': 'current_day', 'from_stop_id': '126-2', 'to_stop_id': 'B-2', 'trip_id': '4-1-16', 'agency_name': 'Unknown'}, {'duration': 30, 'departure_time': 13620, 'arrival_time': 13650, 'day': 'current_day', 'from_stop_id': 'B-2', 'to_stop_id': 'B-0', 'trip_id': 'walking', 'agency_name': 'Unknown'}, {'duration': 1800, 'departure_time': 15000, 'arrival_time': 16800, 'day': 'current_day', 'from_stop_id': 'B-0', 'to_stop_id': 'A-0', 'trip_id': 'IE-10-1', 'agency_name': 'Unknown'}, {'duration': 30, 'departure_time': 16800, 'arrival_time': 16830, 'day': 'current_day', 'from_stop_id': 'A-0', 'to_stop_id': 'A-1', 'trip_id': 'walking', 'agency_name': 'Unknown'}, {'duration': 450, 'departure_time': 16920, 'arrival_time': 17370, 'day': 'current_day', 'from_stop_id': 'A-1', 'to_stop_id': '54-1', 'trip_id': '1-1-22', 'agency_name': 'Unknown'}]}",5611.0
181,35,6120,inter,right,467,[181],[56],0,0,1000,751,6120,6180.0,9990.0,10050.0,3810.0,4.0,181,56,,,pt,10801.0,4681.0,"{'duration': 3810, 'source_transfer_time': 0, 'waiting_time': 180, 'trip_time': 3630, 'num_transfers': 4, 'departure_time': 6180, 'departure_day': 'current_day', 'arrival_time': 9990, 'arrival_day': 'current_day', 'steps': [{'duration': 360, 'departure_time': 6360, 'arrival_time': 6720, 'day': 'current_day', 'from_stop_id': '181-1', 'to_stop_id': 'B-1', 'trip_id': '3-1-5', 'agency_name': 'Unknown'}, {'duration': 30, 'departure_time': 6720, 'arrival_time': 6750, 'day': 'current_day', 'from_stop_id': 'B-1', 'to_stop_id': 'B-0', 'trip_id': 'walking', 'agency_name': 'Unknown'}, {'duration': 1800, 'departure_time': 7500, 'arrival_time': 9300, 'day': 'current_day', 'from_stop_id': 'B-0', 'to_stop_id': 'A-0', 'trip_id': 'IE-5-1', 'agency_name': 'Unknown'}, {'duration': 30, 'departure_time': 9300, 'arrival_time': 9330, 'day': 'current_day', 'from_stop_id': 'A-0', 'to_stop_id': 'A-1', 'trip_id': 'walking', 'agency_name': 'Unknown'}, {'duration': 270, 'departure_time': 9720, 'arrival_time': 9990, 'day': 'current_day', 'from_stop_id': 'A-1', 'to_stop_id': '56-1', 'trip_id': '1-1-10', 'agency_name': 'Unknown'}]}",4681.0
229,6,9600,inter,right,468,[231],[5],1000,751,500,375,10351,10411.0,14670.0,14730.0,4259.0,4.0,231,5,,,pt,15105.0,5505.0,"{'duration': 4259, 'source_transfer_time': 0, 'waiting_time': 359, 'trip_time': 3900, 'num_transfers': 4, 'departure_time': 10411, 'departure_day': 'current_day', 'arrival_time': 14670, 'arrival_day': 'current_day', 'steps': [{'duration': 450, 'departure_time': 10770, 'arrival_time': 11220, 'day': 'current_day', 'from_stop_id': '231-2', 'to_stop_id': 'B-2', 'trip_id': '4-0-12', 'agency_name': 'Unknown'}, {'duration': 30, 'departure_time': 11220, 'arrival_time': 11250, 'day': 'current_day', 'from_stop_id': 'B-2', 'to_stop_id': 'B-0', 'trip_id': 'walking', 'agency_name': 'Unknown'}, {'duration': 1800, 'departure_time': 12000, 'arrival_time': 13800, 'day': 'current_day', 'from_stop_id': 'B-0', 'to_stop_id': 'A-0', 'trip_id': 'IE-8-1', 'agency_name': 'Unknown'}, {'duration': 30, 'departure_time': 13800, 'arrival_time': 13830, 'day': 'current_day', 'from_stop_id': 'A-0', 'to_stop_id': 'A-2', 'trip_id': 'walking', 'agency_name': 'Unknown'}, {'duration': 450, 'departure_time': 14220, 'arrival_time': 14670, 'day': 'current_day', 'from_stop_id': 'A-2', 'to_stop_id': '5-2', 'trip_id': '2-0-17', 'agency_name': 'Unknown'}]}",5505.0
149,55,12060,inter,right,469,[148],[55],500,375,0,0,12435,12495.0,16080.0,16140.0,3585.0,4.0,148,55,,,pt,16140.0,4080.0,"{'duration': 3585, 'source_transfer_time': 0, 'waiting_time': 255, 'trip_time': 3330, 'num_transfers': 4, 'departure_time': 12495, 'departure_day': 'current_day', 'arrival_time': 16080, 'arrival_day': 'current_day', 'steps': [{'duration': 270, 'departure_time': 12750, 'arrival_time': 13020, 'day': 'current_day', 'from_stop_id': '148-2', 'to_stop_id': 'B-2', 'trip_id': '4-1-15', 'agency_name': 'Unknown'}, {'duration': 30, 'departure_time': 13020, 'arrival_time': 13050, 'day': 'current_day', 'from_stop_id': 'B-2', 'to_stop_id': 'B-0', 'trip_id': 'walking', 'agency_name': 'Unknown'}, {'duration': 1800, 'departure_time': 13500, 'arrival_time': 15300, 'day': 'current_day', 'from_stop_id': 'B-0', 'to_stop_id': 'A-0', 'trip_id': 'IE-9-1', 'agency_name': 'Unknown'}, {'duration': 30, 'departure_time': 15300, 'arrival_time': 15330, 'day': 'current_day', 'from_stop_id': 'A-0', 'to_stop_id': 'A-1', 'trip_id': 'walking', 'agency_name': 'Unknown'}, {'duration': 360, 'departure_time': 15720, 'arrival_time': 16080, 'day': 'current_day', 'from_stop_id': 'A-1', 'to_stop_id': '55-1', 'trip_id': '1-1-20', 'agency_name': 'Unknown'}]}",4080.0
159,77,10500,inter,right,470,[159],[77],0,0,0,0,10500,10560.0,14400.0,14460.0,3840.0,4.0,159,77,,,pt,14460.0,3960.0,"{'duration': 3840, 'source_transfer_time': 0, 'waiting_time': 480, 'trip_time': 3360, 'num_transfers': 4, 'departure_time': 10560, 'departure_day': 'current_day', 'arrival_time': 14400, 'arrival_day': 'current_day', 'steps': [{'duration': 180, 'departure_time': 11040, 'arrival_time': 11220, 'day': 'current_day', 'from_stop_id': '159-2', 'to_stop_id': 'B-2', 'trip_id': '4-1-12', 'agency_name': 'Unknown'}, {'duration': 30, 'departure_time': 11220, 'arrival_time': 11250, 'day': 'current_day', 'from_stop_id': 'B-2', 'to_stop_id': 'B-0', 'trip_id': 'walking', 'agency_name': 'Unknown'}, {'duration': 1800, 'departure_time': 12000, 'arrival_time': 13800, 'day': 'current_day', 'from_stop_id': 'B-0', 'to_stop_id': 'A-0', 'trip_id': 'IE-8-1', 'agency_name': 'Unknown'}, {'duration': 30, 'departure_time': 13800, 'arrival_time': 13830, 'day': 'current_day', 'from_stop_id': 'A-0', 'to_stop_id': 'A-2', 'trip_id': 'walking', 'agency_name': 'Unknown'}, {'duration': 180, 'departure_time': 14220, 'arrival_time': 14400, 'day': 'current_day', 'from_stop_id': 'A-2', 'to_stop_id': '77-2', 'trip_id': '2-1-17', 'agency_name': 'Unknown'}]}",3960.0
147,66,9210,inter,right,471,[148],[117; 119],500,375,500,375,9585,9645.0,12510.0,12570.0,2865.0,4.0,148,119,,,pt,12945.0,3735.0,"{'duration': 2865, 'source_transfer_time': 0, 'waiting_time': 105, 'trip_time': 2760, 'num_transfers': 4, 'departure_time': 9645, 'departure_day': 'current_day', 'arrival_time': 12510, 'arrival_day': 'current_day', 'steps': [{'duration': 270, 'departure_time': 9750, 'arrival_time': 10020, 'day': 'current_day', 'from_stop_id': '148-2', 'to_stop_id': 'B-2', 'trip_id': '4-1-10', 'agency_name': 'Unknown'}, {'duration': 30, 'departure_time': 10020, 'arrival_time': 10050, 'day': 'current_day', 'from_stop_id': 'B-2', 'to_stop_id': 'B-0', 'trip_id': 'walking', 'agency_name': 'Unknown'}, {'duration': 1800, 'departure_time': 10500, 'arrival_time': 12300, 'day': 'current_day', 'from_stop_id': 'B-0', 'to_stop_id': 'A-0', 'trip_id': 'IE-7-1', 'agency_name': 'Unknown'}, {'duration': 30, 'departure_time': 12300, 'arrival_time': 12330, 'day': 'current_day', 'from_stop_id': 'A-0', 'to_stop_id': 'A-2', 'trip_id': 'walking', 'agency_name': 'Unknown'}, {'duration': 90, 'departure_time': 12420, 'arrival_time': 12510, 'day': 'current_day', 'from_stop_id': 'A-2', 'to_stop_id': '119-2', 'trip_id': '2-1-14', 'agency_name': 'Unknown'}]}",3735.0
234,54,11730,inter,right,472,[231],[54],1500,1127,0,0,12857,12917.0,17370.0,17430.0,4453.0,4.0,231,54,,,pt,17430.0,5700.0,"{'duration': 4453, 'source_transfer_time': 0, 'waiting_time': 253, 'trip_time': 4200, 'num_transfers': 4, 'departure_time': 12917, 'departure_day': 'current_day', 'arrival_time': 17370, 'arrival_day': 'current_day', 'steps': [{'duration': 450, 'departure_time': 13170, 'arrival_time': 13620, 'day': 'current_day', 'from_stop_id': '231-2', 'to_stop_id': 'B-2', 'trip_id': '4-0-16', 'agency_name': 'Unknown'}, {'duration': 30, 'departure_time': 13620, 'arrival_time': 13650, 'day': 'current_day', 'from_stop_id': 'B-2', 'to_stop_id': 'B-0', 'trip_id': 'walking', 'agency_name': 'Unknown'}, {'duration': 1800, 'departure_time': 15000, 'arrival_time': 16800, 'day': 'current_day', 'from_stop_id': 'B-0', 'to_stop_id': 'A-0', 'trip_id': 'IE-10-1', 'agency_name': 'Unknown'}, {'duration': 30, 'departure_time': 16800, 'arrival_time': 16830, 'day': 'current_day', 'from_stop_id': 'A-0', 'to_stop_id': 'A-1', 'trip_id': 'walking', 'agency_name': 'Unknown'}, {'duration': 450, 'departure_time': 16920, 'arrival_time': 17370, 'day': 'current_day', 'from_stop_id': 'A-1', 'to_stop_id': '54-1', 'trip_id': '1-1-22', 'agency_name': 'Unknown'}]}",5700.0
208,17,4260,inter,right,473,[209],[16],500,375,500,375,4635,4695.0,8580.0,8640.0,3885.0,4.0,209,16,,,pt,9015.0,4755.0,"{'duration': 3885, 'source_transfer_time': 0, 'waiting_time': 255, 'trip_time': 3630, 'num_transfers': 4, 'departure_time': 4695, 'departure_day': 'current_day', 'arrival_time': 8580, 'arrival_day': 'current_day', 'steps': [{'duration': 270, 'departure_time': 4950, 'arrival_time': 5220, 'day': 'current_day', 'from_stop_id': '209-2', 'to_stop_id': 'B-2', 'trip_id': '4-0-2', 'agency_name': 'Unknown'}, {'duration': 30, 'departure_time': 5220, 'arrival_time': 5250, 'day': 'current_day', 'from_stop_id': 'B-2', 'to_stop_id': 'B-0', 'trip_id': 'walking', 'agency_name': 'Unknown'}, {'duration': 1800, 'departure_time': 6000, 'arrival_time': 7800, 'day': 'current_day', 'from_stop_id': 'B-0', 'to_stop_id': 'A-0', 'trip_id': 'IE-4-1', 'agency_name': 'Unknown'}, {'duration': 30, 'departure_time': 7800, 'arrival_time': 7830, 'day': 'current_day', 'from_stop_id': 'A-0', 'to_stop_id': 'A-2', 'trip_id': 'walking', 'agency_name': 'Unknown'}, {'duration': 360, 'departure_time': 8220, 'arrival_time': 8580, 'day': 'current_day', 'from_stop_id': 'A-2', 'to_stop_id': '16-2', 'trip_id': '2-0-7', 'agency_name': 'Unknown'}]}",4755.0
189,110,4890,inter,right,474,[179],[110],500,375,0,0,5265,5325.0,8670.0,8730.0,3345.0,4.0,179,110,,,pt,8730.0,3840.0,"{'duration': 3345, 'source_transfer_time': 0, 'waiting_time': 15, 'trip_time': 3330, 'num_transfers': 4, 'departure_time': 5325, 'departure_day': 'current_day', 'arrival_time': 8670, 'arrival_day': 'current_day', 'steps': [{'duration': 180, 'departure_time': 5340, 'arrival_time': 5520, 'day': 'current_day', 'from_stop_id': '179-1', 'to_stop_id': 'B-1', 'trip_id': '3-1-3', 'agency_name': 'Unknown'}, {'duration': 30, 'departure_time': 5520, 'arrival_time': 5550, 'day': 'current_day', 'from_stop_id': 'B-1', 'to_stop_id': 'B-0', 'trip_id': 'walking', 'agency_name': 'Unknown'}, {'duration': 1800, 'departure_time': 6000, 'arrival_time': 7800, 'day': 'current_day', 'from_stop_id': 'B-0', 'to_stop_id': 'A-0', 'trip_id': 'IE-4-1', 'agency_name': 'Unknown'}, {'duration': 30, 'departure_time': 7800, 'arrival_time': 7830, 'day': 'current_day', 'from_stop_id': 'A-0', 'to_stop_id': 'A-2', 'trip_id': 'walking', 'agency_name': 'Unknown'}, {'duration': 450, 'departure_time': 8220, 'arrival_time': 8670, 'day': 'current_day', 'from_stop_id': 'A-2', 'to_stop_id': '110-2', 'trip_id': '2-1-7', 'agency_name': 'Unknown'}]}",3840.0
224,106,10080,inter,right,475,[181; 220],[110],2000,1503,2000,1503,11583,11643.0,15870.0,15930.0,4227.0,4.0,181,110,,,pt,17433.0,7353.0,"{'duration': 4227, 'source_transfer_time': 0, 'waiting_time': 117, 'trip_time': 4110, 'num_transfers': 4, 'departure_time': 11643, 'departure_day': 'current_day', 'arrival_time': 15870, 'arrival_day': 'current_day', 'steps': [{'duration': 360, 'departure_time': 11760, 'arrival_time': 12120, 'day': 'current_day', 'from_stop_id': '181-1', 'to_stop_id': 'B-1', 'trip_id': '3-1-14', 'agency_name': 'Unknown'}, {'duration': 30, 'departure_time': 12120, 'arrival_time': 12150, 'day': 'current_day', 'from_stop_id': 'B-1', 'to_stop_id': 'B-0', 'trip_id': 'walking', 'agency_name': 'Unknown'}, {'duration': 1800, 'departure_time': 13500, 'arrival_time': 15300, 'day': 'current_day', 'from_stop_id': 'B-0', 'to_stop_id': 'A-0', 'trip_id': 'IE-9-1', 'agency_name': 'Unknown'}, {'duration': 30, 'departure_time': 15300, 'arrival_time': 15330, 'day': 'current_day', 'from_stop_id': 'A-0', 'to_stop_id': 'A-2', 'trip_id': 'walking', 'agency_name': 'Unknown'}, {'duration': 450, 'departure_time': 15420, 'arrival_time': 15870, 'day': 'current_day', 'from_stop_id': 'A-2', 'to_stop_id': '110-2', 'trip_id': '2-1-19', 'agency_name': 'Unknown'}]}",7353.0
148,110,13200,inter,right,476,[148],[110],0,0,0,0,13200,13260.0,17670.0,17730.0,4410.0,4.0,148,110,,,pt,17730.0,4530.0,"{'duration': 4410, 'source_transfer_time': 0, 'waiting_time': 90, 'trip_time': 4320, 'num_transfers': 4, 'departure_time': 13260, 'departure_day': 'current_day', 'arrival_time': 17670, 'arrival_day': 'current_day', 'steps': [{'duration': 270, 'departure_time': 13350, 'arrival_time': 13620, 'day': 'current_day', 'from_stop_id': '148-2', 'to_stop_id': 'B-2', 'trip_id': '4-1-16', 'agency_name': 'Unknown'}, {'duration': 30, 'departure_time': 13620, 'arrival_time': 13650, 'day': 'current_day', 'from_stop_id': 'B-2', 'to_stop_id': 'B-0', 'trip_id': 'walking', 'agency_name': 'Unknown'}, {'duration': 1800, 'departure_time': 15000, 'arrival_time': 16800, 'day': 'current_day', 'from_stop_id': 'B-0', 'to_stop_id': 'A-0', 'trip_id': 'IE-10-1', 'agency_name': 'Unknown'}, {'duration': 30, 'departure_time': 16800, 'arrival_time': 16830, 'day': 'current_day', 'from_stop_id': 'A-0', 'to_stop_id': 'A-2', 'trip_id': 'walking', 'agency_name': 'Unknown'}, {'duration': 450, 'departure_time': 17220, 'arrival_time': 17670, 'day': 'current_day', 'from_stop_id': 'A-2', 'to_stop_id': '110-2', 'trip_id': '2-1-22', 'agency_name': 'Unknown'}]}",4530.0
141,29,13140,inter,right,477,[137; 181],[27],2000,1503,1000,751,14643,14703.0,18690.0,18750.0,3987.0,4.0,137,27,,,pt,19501.0,6361.0,"{'duration': 3987, 'source_transfer_time': 0, 'waiting_time': 357, 'trip_time': 3630, 'num_transfers': 4, 'departure_time': 14703, 'departure_day': 'current_day', 'arrival_time': 18690, 'arrival_day': 'current_day', 'steps': [{'duration': 360, 'departure_time': 15060, 'arrival_time': 15420, 'day': 'current_day', 'from_stop_id': '137-2', 'to_stop_id': 'B-2', 'trip_id': '4-1-19', 'agency_name': 'Unknown'}, {'duration': 30, 'departure_time': 15420, 'arrival_time': 15450, 'day': 'current_day', 'from_stop_id': 'B-2', 'to_stop_id': 'B-0', 'trip_id': 'walking', 'agency_name': 'Unknown'}, {'duration': 1800, 'departure_time': 16500, 'arrival_time': 18300, 'day': 'current_day', 'from_stop_id': 'B-0', 'to_stop_id': 'A-0', 'trip_id': 'IE-11-1', 'agency_name': 'Unknown'}, {'duration': 30, 'departure_time': 18300, 'arrival_time': 18330, 'day': 'current_day', 'from_stop_id': 'A-0', 'to_stop_id': 'A-2', 'trip_id': 'walking', 'agency_name': 'Unknown'}, {'duration': 270, 'departure_time': 18420, 'arrival_time': 18690, 'day': 'current_day', 'from_stop_id': 'A-2', 'to_stop_id': '27-2', 'trip_id': '2-0-24', 'agency_name': 'Unknown'}]}",6361.0
151,24,14130,inter,right,478,[148; 180],[27; 56],1500,1127,1500,1127,15257,15317.0,18690.0,18750.0,3373.0,4.0,148,27,,,pt,19877.0,5747.0,"{'duration': 3373, 'source_transfer_time': 0, 'waiting_time': 433, 'trip_time': 2940, 'num_transfers': 4, 'departure_time': 15317, 'departure_day': 'current_day', 'arrival_time': 18690, 'arrival_day': 'current_day', 'steps': [{'duration': 270, 'departure_time': 15750, 'arrival_time': 16020, 'day': 'current_day', 'from_stop_id': '148-2', 'to_stop_id': 'B-2', 'trip_id': '4-1-20', 'agency_name': 'Unknown'}, {'duration': 30, 'departure_time': 16020, 'arrival_time': 16050, 'day': 'current_day', 'from_stop_id': 'B-2', 'to_stop_id': 'B-0', 'trip_id': 'walking', 'agency_name': 'Unknown'}, {'duration': 1800, 'departure_time': 16500, 'arrival_time': 18300, 'day': 'current_day', 'from_stop_id': 'B-0', 'to_stop_id': 'A-0', 'trip_id': 'IE-11-1', 'agency_name': 'Unknown'}, {'duration': 30, 'departure_time': 18300, 'arrival_time': 18330, 'day': 'current_day', 'from_stop_id': 'A-0', 'to_stop_id': 'A-2', 'trip_id': 'walking', 'agency_name': 'Unknown'}, {'duration': 270, 'departure_time': 18420, 'arrival_time': 18690, 'day': 'current_day', 'from_stop_id': 'A-2', 'to_stop_id': '27-2', 'trip_id': '2-0-24', 'agency_name': 'Unknown'}]}",5747.0
149,0,11280,inter,right,479,[148],[5; 54],500,375,2500,1879,11655,11715.0,15870.0,15930.0,4155.0,4.0,148,5,,,pt,17809.0,6529.0,"{'duration': 4155, 'source_transfer_time': 0, 'waiting_time': 435, 'trip_time': 3720, 'num_transfers': 4, 'departure_time': 11715, 'departure_day': 'current_day', 'arrival_time': 15870, 'arrival_day': 'current_day', 'steps': [{'duration': 270, 'departure_time': 12150, 'arrival_time': 12420, 'day': 'current_day', 'from_stop_id': '148-2', 'to_stop_id': 'B-2', 'trip_id': '4-1-14', 'agency_name': 'Unknown'}, {'duration': 30, 'departure_time': 12420, 'arrival_time': 12450, 'day': 'current_day', 'from_stop_id': 'B-2', 'to_stop_id': 'B-0', 'trip_id': 'walking', 'agency_name': 'Unknown'}, {'duration': 1800, 'departure_time': 13500, 'arrival_time': 15300, 'day': 'current_day', 'from_stop_id': 'B-0', 'to_stop_id': 'A-0', 'trip_id': 'IE-9-1', 'agency_name': 'Unknown'}, {'duration': 30, 'departure_time': 15300, 'arrival_time': 15330, 'day': 'current_day', 'from_stop_id': 'A-0', 'to_stop_id': 'A-2', 'trip_id': 'walking', 'agency_name': 'Unknown'}, {'duration': 450, 'departure_time': 15420, 'arrival_time': 15870, 'day': 'current_day', 'from_stop_id': 'A-2', 'to_stop_id': '5-2', 'trip_id': '2-0-19', 'agency_name': 'Unknown'}]}",6529.0
169,92,13050,inter,right,480,[237; 238],[60],500,375,1500,1127,13425,13485.0,17280.0,17340.0,3795.0,4.0,237,60,,,pt,18467.0,5417.0,"{'duration': 3795, 'source_transfer_time': 0, 'waiting_time': 45, 'trip_time': 3750, 'num_transfers': 4, 'departure_time': 13485, 'departure_day': 'current_day', 'arrival_time': 17280, 'arrival_day': 'current_day', 'steps': [{'duration': 90, 'departure_time': 13530, 'arrival_time': 13620, 'day': 'current_day', 'from_stop_id': '237-2', 'to_stop_id': 'B-2', 'trip_id': '4-1-16', 'agency_name': 'Unknown'}, {'duration': 30, 'departure_time': 13620, 'arrival_time': 13650, 'day': 'current_day', 'from_stop_id': 'B-2', 'to_stop_id': 'B-0', 'trip_id': 'walking', 'agency_name': 'Unknown'}, {'duration': 1800, 'departure_time': 15000, 'arrival_time': 16800, 'day': 'current_day', 'from_stop_id': 'B-0', 'to_stop_id': 'A-0', 'trip_id': 'IE-10-1', 'agency_name': 'Unknown'}, {'duration': 30, 'departure_time': 16800, 'arrival_time': 16830, 'day': 'current_day', 'from_stop_id': 'A-0', 'to_stop_id': 'A-1', 'trip_id': 'walking', 'agency_name': 'Unknown'}, {'duration': 360, 'departure_time': 16920, 'arrival_time': 17280, 'day': 'current_day', 'from_stop_id': 'A-1', 'to_stop_id': '60-1', 'trip_id': '1-0-22', 'agency_name': 'Unknown'}]}",5417.0
142,12,8130,inter,right,481,[182],[16; 55],2000,1503,2000,1503,9633,9693.0,12780.0,12840.0,3087.0,4.0,182,16,,,pt,14343.0,6213.0,"{'duration': 3087, 'source_transfer_time': 0, 'waiting_time': 177, 'trip_time': 2910, 'num_transfers': 4, 'departure_time': 9693, 'departure_day': 'current_day', 'arrival_time': 12780, 'arrival_day': 'current_day', 'steps': [{'duration': 450, 'departure_time': 9870, 'arrival_time': 10320, 'day': 'current_day', 'from_stop_id': '182-1', 'to_stop_id': 'B-1', 'trip_id': '3-1-11', 'agency_name': 'Unknown'}, {'duration': 30, 'departure_time': 10320, 'arrival_time': 10350, 'day': 'current_day', 'from_stop_id': 'B-1', 'to_stop_id': 'B-0', 'trip_id': 'walking', 'agency_name': 'Unknown'}, {'duration': 1800, 'departure_time': 10500, 'arrival_time': 12300, 'day': 'current_day', 'from_stop_id': 'B-0', 'to_stop_id': 'A-0', 'trip_id': 'IE-7-1', 'agency_name': 'Unknown'}, {'duration': 30, 'departure_time': 12300, 'arrival_time': 12330, 'day': 'current_day', 'from_stop_id': 'A-0', 'to_stop_id': 'A-2', 'trip_id': 'walking', 'agency_name': 'Unknown'}, {'duration': 360, 'departure_time': 12420, 'arrival_time': 12780, 'day': 'current_day', 'from_stop_id': 'A-2', 'to_stop_id': '16-2', 'trip_id': '2-0-14', 'agency_name': 'Unknown'}]}",6213.0
220,69,4410,inter,right,482,[220],[59],0,0,500,375,4410,4470.0,8190.0,8250.0,3720.0,4.0,220,59,,,pt,8625.0,4215.0,"{'duration': 3720, 'source_transfer_time': 0, 'waiting_time': 390, 'trip_time': 3330, 'num_transfers': 4, 'departure_time': 4470, 'departure_day': 'current_day', 'arrival_time': 8190, 'arrival_day': 'current_day', 'steps': [{'duration': 360, 'departure_time': 4860, 'arrival_time': 5220, 'day': 'current_day', 'from_stop_id': '220-2', 'to_stop_id': 'B-2', 'trip_id': '4-0-2', 'agency_name': 'Unknown'}, {'duration': 30, 'departure_time': 5220, 'arrival_time': 5250, 'day': 'current_day', 'from_stop_id': 'B-2', 'to_stop_id': 'B-0', 'trip_id': 'walking', 'agency_name': 'Unknown'}, {'duration': 1800, 'departure_time': 6000, 'arrival_time': 7800, 'day': 'current_day', 'from_stop_id': 'B-0', 'to_stop_id': 'A-0', 'trip_id': 'IE-4-1', 'agency_name': 'Unknown'}, {'duration': 30, 'departure_time': 7800, 'arrival_time': 7830, 'day': 'current_day', 'from_stop_id': 'A-0', 'to_stop_id': 'A-1', 'trip_id': 'walking', 'agency_name': 'Unknown'}, {'duration': 270, 'departure_time': 7920, 'arrival_time': 8190, 'day': 'current_day', 'from_stop_id': 'A-1', 'to_stop_id': '59-1', 'trip_id': '1-0-7', 'agency_name': 'Unknown'}]}",4215.0
180,9,8340,inter,right,483,[180],[5],0,0,2000,1503,8340,8400.0,12870.0,12930.0,4470.0,4.0,180,5,,,pt,14433.0,6093.0,"{'duration': 4470, 'source_transfer_time': 0, 'waiting_time': 450, 'trip_time': 4020, 'num_transfers': 4, 'departure_time': 8400, 'departure_day': 'current_day', 'arrival_time': 12870, 'arrival_day': 'current_day', 'steps': [{'duration': 270, 'departure_time': 8850, 'arrival_time': 9120, 'day': 'current_day', 'from_stop_id': '180-1', 'to_stop_id': 'B-1', 'trip_id': '3-1-9', 'agency_name': 'Unknown'}, {'duration': 30, 'departure_time': 9120, 'arrival_time': 9150, 'day': 'current_day', 'from_stop_id': 'B-1', 'to_stop_id': 'B-0', 'trip_id': 'walking', 'agency_name': 'Unknown'}, {'duration': 1800, 'departure_time': 10500, 'arrival_time': 12300, 'day': 'current_day', 'from_stop_id': 'B-0', 'to_stop_id': 'A-0', 'trip_id': 'IE-7-1', 'agency_name': 'Unknown'}, {'duration': 30, 'departure_time': 12300, 'arrival_time': 12330, 'day': 'current_day', 'from_stop_id': 'A-0', 'to_stop_id': 'A-2', 'trip_id': 'walking', 'agency_name': 'Unknown'}, {'duration': 450, 'departure_time': 12420, 'arrival_time': 12870, 'day': 'current_day', 'from_stop_id': 'A-2', 'to_stop_id': '5-2', 'trip_id': '2-0-14', 'agency_name': 'Unknown'}]}",6093.0
126,47,7350,inter,right,484,[126],[57],0,0,500,375,7350,7410.0,11100.0,11160.0,3690.0,4.0,126,57,,,pt,11535.0,4185.0,"{'duration': 3690, 'source_transfer_time': 0, 'waiting_time': 360, 'trip_time': 3330, 'num_transfers': 4, 'departure_time': 7410, 'departure_day': 'current_day', 'arrival_time': 11100, 'arrival_day': 'current_day', 'steps': [{'duration': 450, 'departure_time': 7770, 'arrival_time': 8220, 'day': 'current_day', 'from_stop_id': '126-2', 'to_stop_id': 'B-2', 'trip_id': '4-1-7', 'agency_name': 'Unknown'}, {'duration': 30, 'departure_time': 8220, 'arrival_time': 8250, 'day': 'current_day', 'from_stop_id': 'B-2', 'to_stop_id': 'B-0', 'trip_id': 'walking', 'agency_name': 'Unknown'}, {'duration': 1800, 'departure_time': 9000, 'arrival_time': 10800, 'day': 'current_day', 'from_stop_id': 'B-0', 'to_stop_id': 'A-0', 'trip_id': 'IE-6-1', 'agency_name': 'Unknown'}, {'duration': 30, 'departure_time': 10800, 'arrival_time': 10830, 'day': 'current_day', 'from_stop_id': 'A-0', 'to_stop_id': 'A-1', 'trip_id': 'walking', 'agency_name': 'Unknown'}, {'duration': 180, 'departure_time': 10920, 'arrival_time': 11100, 'day': 'current_day', 'from_stop_id': 'A-1', 'to_stop_id': '57-1', 'trip_id': '1-1-12', 'agency_name': 'Unknown'}]}",4185.0
209,77,7620,inter,right,485,[209],[77],0,0,0,0,7620,7680.0,11400.0,11460.0,3720.0,4.0,209,77,,,pt,11460.0,3840.0,"{'duration': 3720, 'source_transfer_time': 0, 'waiting_time': 270, 'trip_time': 3450, 'num_transfers': 4, 'departure_time': 7680, 'departure_day': 'current_day', 'arrival_time': 11400, 'arrival_day': 'current_day', 'steps': [{'duration': 270, 'departure_time': 7950, 'arrival_time': 8220, 'day': 'current_day', 'from_stop_id': '209-2', 'to_stop_id': 'B-2', 'trip_id': '4-0-7', 'agency_name': 'Unknown'}, {'duration': 30, 'departure_time': 8220, 'arrival_time': 8250, 'day': 'current_day', 'from_stop_id': 'B-2', 'to_stop_id': 'B-0', 'trip_id': 'walking', 'agency_name': 'Unknown'}, {'duration': 1800, 'departure_time': 9000, 'arrival_time': 10800, 'day': 'current_day', 'from_stop_id': 'B-0', 'to_stop_id': 'A-0', 'trip_id': 'IE-6-1', 'agency_name': 'Unknown'}, {'duration': 30, 'departure_time': 10800, 'arrival_time': 10830, 'day': 'current_day', 'from_stop_id': 'A-0', 'to_stop_id': 'A-2', 'trip_id': 'walking', 'agency_name': 'Unknown'}, {'duration': 180, 'departure_time': 11220, 'arrival_time': 11400, 'day': 'current_day', 'from_stop_id': 'A-2', 'to_stop_id': '77-2', 'trip_id': '2-1-12', 'agency_name': 'Unknown'}]}",3840.0
190,33,7590,inter,right,486,[180],[54],500,375,1000,751,7965,8025.0,11370.0,11430.0,3345.0,4.0,180,54,,,pt,12181.0,4591.0,"{'duration': 3345, 'source_transfer_time': 0, 'waiting_time': 225, 'trip_time': 3120, 'num_transfers': 4, 'departure_time': 8025, 'departure_day': 'current_day', 'arrival_time': 11370, 'arrival_day': 'current_day', 'steps': [{'duration': 270, 'departure_time': 8250, 'arrival_time': 8520, 'day': 'current_day', 'from_stop_id': '180-1', 'to_stop_id': 'B-1', 'trip_id': '3-1-8', 'agency_name': 'Unknown'}, {'duration': 30, 'departure_time': 8520, 'arrival_time': 8550, 'day': 'current_day', 'from_stop_id': 'B-1', 'to_stop_id': 'B-0', 'trip_id': 'walking', 'agency_name': 'Unknown'}, {'duration': 1800, 'departure_time': 9000, 'arrival_time': 10800, 'day': 'current_day', 'from_stop_id': 'B-0', 'to_stop_id': 'A-0', 'trip_id': 'IE-6-1', 'agency_name': 'Unknown'}, {'duration': 30, 'departure_time': 10800, 'arrival_time': 10830, 'day': 'current_day', 'from_stop_id': 'A-0', 'to_stop_id': 'A-1', 'trip_id': 'walking', 'agency_name': 'Unknown'}, {'duration': 450, 'departure_time': 10920, 'arrival_time': 11370, 'day': 'current_day', 'from_stop_id': 'A-1', 'to_stop_id': '54-1', 'trip_id': '1-1-12', 'agency_name': 'Unknown'}]}",4591.0
127,34,9750,inter,right,487,[126],[55],500,375,1000,751,10125,10185.0,14280.0,14340.0,4095.0,4.0,126,55,,,pt,15091.0,5341.0,"{'duration': 4095, 'source_transfer_time': 0, 'waiting_time': 585, 'trip_time': 3510, 'num_transfers': 4, 'departure_time': 10185, 'departure_day': 'current_day', 'arrival_time': 14280, 'arrival_day': 'current_day', 'steps': [{'duration': 450, 'departure_time': 10770, 'arrival_time': 11220, 'day': 'current_day', 'from_stop_id': '126-2', 'to_stop_id': 'B-2', 'trip_id': '4-1-12', 'agency_name': 'Unknown'}, {'duration': 30, 'departure_time': 11220, 'arrival_time': 11250, 'day': 'current_day', 'from_stop_id': 'B-2', 'to_stop_id': 'B-0', 'trip_id': 'walking', 'agency_name': 'Unknown'}, {'duration': 1800, 'departure_time': 12000, 'arrival_time': 13800, 'day': 'current_day', 'from_stop_id': 'B-0', 'to_stop_id': 'A-0', 'trip_id': 'IE-8-1', 'agency_name': 'Unknown'}, {'duration': 30, 'departure_time': 13800, 'arrival_time': 13830, 'day': 'current_day', 'from_stop_id': 'A-0', 'to_stop_id': 'A-1', 'trip_id': 'walking', 'agency_name': 'Unknown'}, {'duration': 360, 'departure_time': 13920, 'arrival_time': 14280, 'day': 'current_day', 'from_stop_id': 'A-1', 'to_stop_id': '55-1', 'trip_id': '1-1-17', 'agency_name': 'Unknown'}]}",5341.0
200,92,4170,inter,right,488,[179; 198],[60],1000,751,1500,1127,4921,4981.0,8280.0,8340.0,3299.0,4.0,179,60,,,pt,9467.0,5297.0,"{'duration': 3299, 'source_transfer_time': 0, 'waiting_time': 359, 'trip_time': 2940, 'num_transfers': 4, 'departure_time': 4981, 'departure_day': 'current_day', 'arrival_time': 8280, 'arrival_day': 'current_day', 'steps': [{'duration': 180, 'departure_time': 5340, 'arrival_time': 5520, 'day': 'current_day', 'from_stop_id': '179-1', 'to_stop_id': 'B-1', 'trip_id': '3-1-3', 'agency_name': 'Unknown'}, {'duration': 30, 'departure_time': 5520, 'arrival_time': 5550, 'day': 'current_day', 'from_stop_id': 'B-1', 'to_stop_id': 'B-0', 'trip_id': 'walking', 'agency_name': 'Unknown'}, {'duration': 1800, 'departure_time': 6000, 'arrival_time': 7800, 'day': 'current_day', 'from_stop_id': 'B-0', 'to_stop_id': 'A-0', 'trip_id': 'IE-4-1', 'agency_name': 'Unknown'}, {'duration': 30, 'departure_time': 7800, 'arrival_time': 7830, 'day': 'current_day', 'from_stop_id': 'A-0', 'to_stop_id': 'A-1', 'trip_id': 'walking', 'agency_name': 'Unknown'}, {'duration': 360, 'departure_time': 7920, 'arrival_time': 8280, 'day': 'current_day', 'from_stop_id': 'A-1', 'to_stop_id': '60-1', 'trip_id': '1-0-7', 'agency_name': 'Unknown'}]}",5297.0
170,16,5640,inter,right,489,[237; 239],[16],500,375,0,0,6015,6075.0,9780.0,9840.0,3705.0,4.0,237,16,,,pt,9840.0,4200.0,"{'duration': 3705, 'source_transfer_time': 0, 'waiting_time': 255, 'trip_time': 3450, 'num_transfers': 4, 'departure_time': 6075, 'departure_day': 'current_day', 'arrival_time': 9780, 'arrival_day': 'current_day', 'steps': [{'duration': 90, 'departure_time': 6330, 'arrival_time': 6420, 'day': 'current_day', 'from_stop_id': '237-2', 'to_stop_id': 'B-2', 'trip_id': '4-1-4', 'agency_name': 'Unknown'}, {'duration': 30, 'departure_time': 6420, 'arrival_time': 6450, 'day': 'current_day', 'from_stop_id': 'B-2', 'to_stop_id': 'B-0', 'trip_id': 'walking', 'agency_name': 'Unknown'}, {'duration': 1800, 'departure_time': 7500, 'arrival_time': 9300, 'day': 'current_day', 'from_stop_id': 'B-0', 'to_stop_id': 'A-0', 'trip_id': 'IE-5-1', 'agency_name': 'Unknown'}, {'duration': 30, 'departure_time': 9300, 'arrival_time': 9330, 'day': 'current_day', 'from_stop_id': 'A-0', 'to_stop_id': 'A-2', 'trip_id': 'walking', 'agency_name': 'Unknown'}, {'duration': 360, 'departure_time': 9420, 'arrival_time': 9780, 'day': 'current_day', 'from_stop_id': 'A-2', 'to_stop_id': '16-2', 'trip_id': '2-0-9', 'agency_name': 'Unknown'}]}",4200.0
192,47,5550,inter,right,490,[182],[57],500,375,500,375,5925,5985.0,9900.0,9960.0,3915.0,4.0,182,57,,,pt,10335.0,4785.0,"{'duration': 3915, 'source_transfer_time': 0, 'waiting_time': 285, 'trip_time': 3630, 'num_transfers': 4, 'departure_time': 5985, 'departure_day': 'current_day', 'arrival_time': 9900, 'arrival_day': 'current_day', 'steps': [{'duration': 450, 'departure_time': 6270, 'arrival_time': 6720, 'day': 'current_day', 'from_stop_id': '182-1', 'to_stop_id': 'B-1', 'trip_id': '3-1-5', 'agency_name': 'Unknown'}, {'duration': 30, 'departure_time': 6720, 'arrival_time': 6750, 'day': 'current_day', 'from_stop_id': 'B-1', 'to_stop_id': 'B-0', 'trip_id': 'walking', 'agency_name': 'Unknown'}, {'duration': 1800, 'departure_time': 7500, 'arrival_time': 9300, 'day': 'current_day', 'from_stop_id': 'B-0', 'to_stop_id': 'A-0', 'trip_id': 'IE-5-1', 'agency_name': 'Unknown'}, {'duration': 30, 'departure_time': 9300, 'arrival_time': 9330, 'day': 'current_day', 'from_stop_id': 'A-0', 'to_stop_id': 'A-1', 'trip_id': 'walking', 'agency_name': 'Unknown'}, {'duration': 180, 'departure_time': 9720, 'arrival_time': 9900, 'day': 'current_day', 'from_stop_id': 'A-1', 'to_stop_id': '57-1', 'trip_id': '1-1-10', 'agency_name': 'Unknown'}]}",4785.0
168,98,10560,inter,right,491,[178],[99],500,375,500,375,10935,10995.0,14580.0,14640.0,3585.0,4.0,178,99,,,pt,15015.0,4455.0,"{'duration': 3585, 'source_transfer_time': 0, 'waiting_time': 345, 'trip_time': 3240, 'num_transfers': 4, 'departure_time': 10995, 'departure_day': 'current_day', 'arrival_time': 14580, 'arrival_day': 'current_day', 'steps': [{'duration': 180, 'departure_time': 11340, 'arrival_time': 11520, 'day': 'current_day', 'from_stop_id': '178-1', 'to_stop_id': 'B-1', 'trip_id': '3-0-13', 'agency_name': 'Unknown'}, {'duration': 30, 'departure_time': 11520, 'arrival_time': 11550, 'day': 'current_day', 'from_stop_id': 'B-1', 'to_stop_id': 'B-0', 'trip_id': 'walking', 'agency_name': 'Unknown'}, {'duration': 1800, 'departure_time': 12000, 'arrival_time': 13800, 'day': 'current_day', 'from_stop_id': 'B-0', 'to_stop_id': 'A-0', 'trip_id': 'IE-8-1', 'agency_name': 'Unknown'}, {'duration': 30, 'departure_time': 13800, 'arrival_time': 13830, 'day': 'current_day', 'from_stop_id': 'A-0', 'to_stop_id': 'A-2', 'trip_id': 'walking', 'agency_name': 'Unknown'}, {'duration': 360, 'departure_time': 14220, 'arrival_time': 14580, 'day': 'current_day', 'from_stop_id': 'A-2', 'to_stop_id': '99-2', 'trip_id': '2-1-17', 'agency_name': 'Unknown'}]}",4455.0
132,73,11310,inter,right,492,[175],[55],2000,1503,1000,751,12813,12873.0,17280.0,17340.0,4407.0,4.0,175,55,,,pt,18091.0,6781.0,"{'duration': 4407, 'source_transfer_time': 0, 'waiting_time': 597, 'trip_time': 3810, 'num_transfers': 4, 'departure_time': 12873, 'departure_day': 'current_day', 'arrival_time': 17280, 'arrival_day': 'current_day', 'steps': [{'duration': 450, 'departure_time': 13470, 'arrival_time': 13920, 'day': 'current_day', 'from_stop_id': '175-1', 'to_stop_id': 'B-1', 'trip_id': '3-0-17', 'agency_name': 'Unknown'}, {'duration': 30, 'departure_time': 13920, 'arrival_time': 13950, 'day': 'current_day', 'from_stop_id': 'B-1', 'to_stop_id': 'B-0', 'trip_id': 'walking', 'agency_name': 'Unknown'}, {'duration': 1800, 'departure_time': 15000, 'arrival_time': 16800, 'day': 'current_day', 'from_stop_id': 'B-0', 'to_stop_id': 'A-0', 'trip_id': 'IE-10-1', 'agency_name': 'Unknown'}, {'duration': 30, 'departure_time': 16800, 'arrival_time': 16830, 'day': 'current_day', 'from_stop_id': 'A-0', 'to_stop_id': 'A-1', 'trip_id': 'walking', 'agency_name': 'Unknown'}, {'duration': 360, 'departure_time': 16920, 'arrival_time': 17280, 'day': 'current_day', 'from_stop_id': 'A-1', 'to_stop_id': '55-1', 'trip_id': '1-1-22', 'agency_name': 'Unknown'}]}",6781.0
222,71,9840,inter,right,493,[220],[61],1000,751,500,375,10591,10651.0,14370.0,14430.0,3719.0,4.0,220,61,,,pt,14805.0,4965.0,"{'duration': 3719, 'source_transfer_time': 0, 'waiting_time': 209, 'trip_time': 3510, 'num_transfers': 4, 'departure_time': 10651, 'departure_day': 'current_day', 'arrival_time': 14370, 'arrival_day': 'current_day', 'steps': [{'duration': 360, 'departure_time': 10860, 'arrival_time': 11220, 'day': 'current_day', 'from_stop_id': '220-2', 'to_stop_id': 'B-2', 'trip_id': '4-0-12', 'agency_name': 'Unknown'}, {'duration': 30, 'departure_time': 11220, 'arrival_time': 11250, 'day': 'current_day', 'from_stop_id': 'B-2', 'to_stop_id': 'B-0', 'trip_id': 'walking', 'agency_name': 'Unknown'}, {'duration': 1800, 'departure_time': 12000, 'arrival_time': 13800, 'day': 'current_day', 'from_stop_id': 'B-0', 'to_stop_id': 'A-0', 'trip_id': 'IE-8-1', 'agency_name': 'Unknown'}, {'duration': 30, 'departure_time': 13800, 'arrival_time': 13830, 'day': 'current_day', 'from_stop_id': 'A-0', 'to_stop_id': 'A-1', 'trip_id': 'walking', 'agency_name': 'Unknown'}, {'duration': 450, 'departure_time': 13920, 'arrival_time': 14370, 'day': 'current_day', 'from_stop_id': 'A-1', 'to_stop_id': '61-1', 'trip_id': '1-0-17', 'agency_name': 'Unknown'}]}",4965.0
189,25,13050,inter,right,494,[179],[27],500,375,1000,751,13425,13485.0,17490.0,17550.0,4005.0,4.0,179,27,,,pt,18301.0,5251.0,"{'duration': 4005, 'source_transfer_time': 0, 'waiting_time': 255, 'trip_time': 3750, 'num_transfers': 4, 'departure_time': 13485, 'departure_day': 'current_day', 'arrival_time': 17490, 'arrival_day': 'current_day', 'steps': [{'duration': 180, 'departure_time': 13740, 'arrival_time': 13920, 'day': 'current_day', 'from_stop_id': '179-1', 'to_stop_id': 'B-1', 'trip_id': '3-1-17', 'agency_name': 'Unknown'}, {'duration': 30, 'departure_time': 13920, 'arrival_time': 13950, 'day': 'current_day', 'from_stop_id': 'B-1', 'to_stop_id': 'B-0', 'trip_id': 'walking', 'agency_name': 'Unknown'}, {'duration': 1800, 'departure_time': 15000, 'arrival_time': 16800, 'day': 'current_day', 'from_stop_id': 'B-0', 'to_stop_id': 'A-0', 'trip_id': 'IE-10-1', 'agency_name': 'Unknown'}, {'duration': 30, 'departure_time': 16800, 'arrival_time': 16830, 'day': 'current_day', 'from_stop_id': 'A-0', 'to_stop_id': 'A-2', 'trip_id': 'walking', 'agency_name': 'Unknown'}, {'duration': 270, 'departure_time': 17220, 'arrival_time': 17490, 'day': 'current_day', 'from_stop_id': 'A-2', 'to_stop_id': '27-2', 'trip_id': '2-0-22', 'agency_name': 'Unknown'}]}",5251.0
191,33,5700,inter,right,495,[181],[54],500,375,1000,751,6075,6135.0,10170.0,10230.0,4035.0,4.0,181,54,,,pt,10981.0,5281.0,"{'duration': 4035, 'source_transfer_time': 0, 'waiting_time': 225, 'trip_time': 3810, 'num_transfers': 4, 'departure_time': 6135, 'departure_day': 'current_day', 'arrival_time': 10170, 'arrival_day': 'current_day', 'steps': [{'duration': 360, 'departure_time': 6360, 'arrival_time': 6720, 'day': 'current_day', 'from_stop_id': '181-1', 'to_stop_id': 'B-1', 'trip_id': '3-1-5', 'agency_name': 'Unknown'}, {'duration': 30, 'departure_time': 6720, 'arrival_time': 6750, 'day': 'current_day', 'from_stop_id': 'B-1', 'to_stop_id': 'B-0', 'trip_id': 'walking', 'agency_name': 'Unknown'}, {'duration': 1800, 'departure_time': 7500, 'arrival_time': 9300, 'day': 'current_day', 'from_stop_id': 'B-0', 'to_stop_id': 'A-0', 'trip_id': 'IE-5-1', 'agency_name': 'Unknown'}, {'duration': 30, 'departure_time': 9300, 'arrival_time': 9330, 'day': 'current_day', 'from_stop_id': 'A-0', 'to_stop_id': 'A-1', 'trip_id': 'walking', 'agency_name': 'Unknown'}, {'duration': 450, 'departure_time': 9720, 'arrival_time': 10170, 'day': 'current_day', 'from_stop_id': 'A-1', 'to_stop_id': '54-1', 'trip_id': '1-1-10', 'agency_name': 'Unknown'}]}",5281.0
168,62,9270,inter,right,496,[178],[54],500,375,500,375,9645,9705.0,13170.0,13230.0,3465.0,4.0,178,54,,,pt,13605.0,4335.0,"{'duration': 3465, 'source_transfer_time': 0, 'waiting_time': 435, 'trip_time': 3030, 'num_transfers': 4, 'departure_time': 9705, 'departure_day': 'current_day', 'arrival_time': 13170, 'arrival_day': 'current_day', 'steps': [{'duration': 180, 'departure_time': 10140, 'arrival_time': 10320, 'day': 'current_day', 'from_stop_id': '178-1', 'to_stop_id': 'B-1', 'trip_id': '3-0-11', 'agency_name': 'Unknown'}, {'duration': 30, 'departure_time': 10320, 'arrival_time': 10350, 'day': 'current_day', 'from_stop_id': 'B-1', 'to_stop_id': 'B-0', 'trip_id': 'walking', 'agency_name': 'Unknown'}, {'duration': 1800, 'departure_time': 10500, 'arrival_time': 12300, 'day': 'current_day', 'from_stop_id': 'B-0', 'to_stop_id': 'A-0', 'trip_id': 'IE-7-1', 'agency_name': 'Unknown'}, {'duration': 30, 'departure_time': 12300, 'arrival_time': 12330, 'day': 'current_day', 'from_stop_id': 'A-0', 'to_stop_id': 'A-1', 'trip_id': 'walking', 'agency_name': 'Unknown'}, {'duration': 450, 'departure_time': 12720, 'arrival_time': 13170, 'day': 'current_day', 'from_stop_id': 'A-1', 'to_stop_id': '54-1', 'trip_id': '1-1-15', 'agency_name': 'Unknown'}]}",4335.0
196,101,9180,inter,right,497,[178; 198],[99],1000,751,1000,751,9931,9991.0,12780.0,12840.0,2789.0,4.0,178,99,,,pt,13591.0,4411.0,"{'duration': 2789, 'source_transfer_time': 0, 'waiting_time': 149, 'trip_time': 2640, 'num_transfers': 4, 'departure_time': 9991, 'departure_day': 'current_day', 'arrival_time': 12780, 'arrival_day': 'current_day', 'steps': [{'duration': 180, 'departure_time': 10140, 'arrival_time': 10320, 'day': 'current_day', 'from_stop_id': '178-1', 'to_stop_id': 'B-1', 'trip_id': '3-0-11', 'agency_name': 'Unknown'}, {'duration': 30, 'departure_time': 10320, 'arrival_time': 10350, 'day': 'current_day', 'from_stop_id': 'B-1', 'to_stop_id': 'B-0', 'trip_id': 'walking', 'agency_name': 'Unknown'}, {'duration': 1800, 'departure_time': 10500, 'arrival_time': 12300, 'day': 'current_day', 'from_stop_id': 'B-0', 'to_stop_id': 'A-0', 'trip_id': 'IE-7-1', 'agency_name': 'Unknown'}, {'duration': 30, 'departure_time': 12300, 'arrival_time': 12330, 'day': 'current_day', 'from_stop_id': 'A-0', 'to_stop_id': 'A-2', 'trip_id': 'walking', 'agency_name': 'Unknown'}, {'duration': 360, 'departure_time': 12420, 'arrival_time': 12780, 'day': 'current_day', 'from_stop_id': 'A-2', 'to_stop_id': '99-2', 'trip_id': '2-1-14', 'agency_name': 'Unknown'}]}",4411.0
173,81,12210,inter,right,498,[181],[60],500,375,1000,751,12585,12645.0,16080.0,16140.0,3435.0,4.0,181,60,,,pt,16891.0,4681.0,"{'duration': 3435, 'source_transfer_time': 0, 'waiting_time': 315, 'trip_time': 3120, 'num_transfers': 4, 'departure_time': 12645, 'departure_day': 'current_day', 'arrival_time': 16080, 'arrival_day': 'current_day', 'steps': [{'duration': 360, 'departure_time': 12960, 'arrival_time': 13320, 'day': 'current_day', 'from_stop_id': '181-1', 'to_stop_id': 'B-1', 'trip_id': '3-1-16', 'agency_name': 'Unknown'}, {'duration': 30, 'departure_time': 13320, 'arrival_time': 13350, 'day': 'current_day', 'from_stop_id': 'B-1', 'to_stop_id': 'B-0', 'trip_id': 'walking', 'agency_name': 'Unknown'}, {'duration': 1800, 'departure_time': 13500, 'arrival_time': 15300, 'day': 'current_day', 'from_stop_id': 'B-0', 'to_stop_id': 'A-0', 'trip_id': 'IE-9-1', 'agency_name': 'Unknown'}, {'duration': 30, 'departure_time': 15300, 'arrival_time': 15330, 'day': 'current_day', 'from_stop_id': 'A-0', 'to_stop_id': 'A-1', 'trip_id': 'walking', 'agency_name': 'Unknown'}, {'duration': 360, 'departure_time': 15720, 'arrival_time': 16080, 'day': 'current_day', 'from_stop_id': 'A-1', 'to_stop_id': '60-1', 'trip_id': '1-0-20', 'agency_name': 'Unknown'}]}",4681.0
148,1,9120,inter,right,499,[148],[5],0,0,2000,1503,9120,9180.0,12870.0,12930.0,3690.0,4.0,148,5,,,pt,14433.0,5313.0,"{'duration': 3690, 'source_transfer_time': 0, 'waiting_time': 570, 'trip_time': 3120, 'num_transfers': 4, 'departure_time': 9180, 'departure_day': 'current_day', 'arrival_time': 12870, 'arrival_day': 'current_day', 'steps': [{'duration': 270, 'departure_time': 9750, 'arrival_time': 10020, 'day': 'current_day', 'from_stop_id': '148-2', 'to_stop_id': 'B-2', 'trip_id': '4-1-10', 'agency_name': 'Unknown'}, {'duration': 30, 'departure_time': 10020, 'arrival_time': 10050, 'day': 'current_day', 'from_stop_id': 'B-2', 'to_stop_id': 'B-0', 'trip_id': 'walking', 'agency_name': 'Unknown'}, {'duration': 1800, 'departure_time': 10500, 'arrival_time': 12300, 'day': 'current_day', 'from_stop_id': 'B-0', 'to_stop_id': 'A-0', 'trip_id': 'IE-7-1', 'agency_name': 'Unknown'}, {'duration': 30, 'departure_time': 12300, 'arrival_time': 12330, 'day': 'current_day', 'from_stop_id': 'A-0', 'to_stop_id': 'A-2', 'trip_id': 'walking', 'agency_name': 'Unknown'}, {'duration': 450, 'departure_time': 12420, 'arrival_time': 12870, 'day': 'current_day', 'from_stop_id': 'A-2', 'to_stop_id': '5-2', 'trip_id': '2-0-14', 'agency_name': 'Unknown'}]}",5313.0
190,80,10260,inter,right,500,[180],[59],500,375,1000,751,10635,10695.0,14190.0,14250.0,3495.0,4.0,180,59,,,pt,15001.0,4741.0,"{'duration': 3495, 'source_transfer_time': 0, 'waiting_time': 555, 'trip_time': 2940, 'num_transfers': 4, 'departure_time': 10695, 'departure_day': 'current_day', 'arrival_time': 14190, 'arrival_day': 'current_day', 'steps': [{'duration': 270, 'departure_time': 11250, 'arrival_time': 11520, 'day': 'current_day', 'from_stop_id': '180-1', 'to_stop_id': 'B-1', 'trip_id': '3-1-13', 'agency_name': 'Unknown'}, {'duration': 30, 'departure_time': 11520, 'arrival_time': 11550, 'day': 'current_day', 'from_stop_id': 'B-1', 'to_stop_id': 'B-0', 'trip_id': 'walking', 'agency_name': 'Unknown'}, {'duration': 1800, 'departure_time': 12000, 'arrival_time': 13800, 'day': 'current_day', 'from_stop_id': 'B-0', 'to_stop_id': 'A-0', 'trip_id': 'IE-8-1', 'agency_name': 'Unknown'}, {'duration': 30, 'departure_time': 13800, 'arrival_time': 13830, 'day': 'current_day', 'from_stop_id': 'A-0', 'to_stop_id': 'A-1', 'trip_id': 'walking', 'agency_name': 'Unknown'}, {'duration': 270, 'departure_time': 13920, 'arrival_time': 14190, 'day': 'current_day', 'from_stop_id': 'A-1', 'to_stop_id': '59-1', 'trip_id': '1-0-17', 'agency_name': 'Unknown'}]}",4741.0
218,20,6870,inter,right,501,[220],[16; 60],1000,751,2000,1503,7621,7681.0,11280.0,11340.0,3599.0,4.0,220,60,,,pt,12843.0,5973.0,"{'duration': 3599, 'source_transfer_time': 0, 'waiting_time': 179, 'trip_time': 3420, 'num_transfers': 4, 'departure_time': 7681, 'departure_day': 'current_day', 'arrival_time': 11280, 'arrival_day': 'current_day', 'steps': [{'duration': 360, 'departure_time': 7860, 'arrival_time': 8220, 'day': 'current_day', 'from_stop_id': '220-2', 'to_stop_id': 'B-2', 'trip_id': '4-0-7', 'agency_name': 'Unknown'}, {'duration': 30, 'departure_time': 8220, 'arrival_time': 8250, 'day': 'current_day', 'from_stop_id': 'B-2', 'to_stop_id': 'B-0', 'trip_id': 'walking', 'agency_name': 'Unknown'}, {'duration': 1800, 'departure_time': 9000, 'arrival_time': 10800, 'day': 'current_day', 'from_stop_id': 'B-0', 'to_stop_id': 'A-0', 'trip_id': 'IE-6-1', 'agency_name': 'Unknown'}, {'duration': 30, 'departure_time': 10800, 'arrival_time': 10830, 'day': 'current_day', 'from_stop_id': 'A-0', 'to_stop_id': 'A-1', 'trip_id': 'walking', 'agency_name': 'Unknown'}, {'duration': 360, 'departure_time': 10920, 'arrival_time': 11280, 'day': 'current_day', 'from_stop_id': 'A-1', 'to_stop_id': '60-1', 'trip_id': '1-0-12', 'agency_name': 'Unknown'}]}",5973.0
179,30,4170,inter,right,502,[179],[27; 59],0,0,1500,1127,4170,4230.0,8190.0,8250.0,3960.0,4.0,179,59,,,pt,9377.0,5207.0,"{'duration': 3960, 'source_transfer_time': 0, 'waiting_time': 510, 'trip_time': 3450, 'num_transfers': 4, 'departure_time': 4230, 'departure_day': 'current_day', 'arrival_time': 8190, 'arrival_day': 'current_day', 'steps': [{'duration': 180, 'departure_time': 4740, 'arrival_time': 4920, 'day': 'current_day', 'from_stop_id': '179-1', 'to_stop_id': 'B-1', 'trip_id': '3-1-2', 'agency_name': 'Unknown'}, {'duration': 30, 'departure_time': 4920, 'arrival_time': 4950, 'day': 'current_day', 'from_stop_id': 'B-1', 'to_stop_id': 'B-0', 'trip_id': 'walking', 'agency_name': 'Unknown'}, {'duration': 1800, 'departure_time': 6000, 'arrival_time': 7800, 'day': 'current_day', 'from_stop_id': 'B-0', 'to_stop_id': 'A-0', 'trip_id': 'IE-4-1', 'agency_name': 'Unknown'}, {'duration': 30, 'departure_time': 7800, 'arrival_time': 7830, 'day': 'current_day', 'from_stop_id': 'A-0', 'to_stop_id': 'A-1', 'trip_id': 'walking', 'agency_name': 'Unknown'}, {'duration': 270, 'departure_time': 7920, 'arrival_time': 8190, 'day': 'current_day', 'from_stop_id': 'A-1', 'to_stop_id': '59-1', 'trip_id': '1-0-7', 'agency_name': 'Unknown'}]}",5207.0
150,114,6540,inter,right,503,[148],[110],1000,751,2000,1503,7291,7351.0,11670.0,11730.0,4319.0,4.0,148,110,,,pt,13233.0,6693.0,"{'duration': 4319, 'source_transfer_time': 0, 'waiting_time': 599, 'trip_time': 3720, 'num_transfers': 4, 'departure_time': 7351, 'departure_day': 'current_day', 'arrival_time': 11670, 'arrival_day': 'current_day', 'steps': [{'duration': 270, 'departure_time': 7950, 'arrival_time': 8220, 'day': 'current_day', 'from_stop_id': '148-2', 'to_stop_id': 'B-2', 'trip_id': '4-1-7', 'agency_name': 'Unknown'}, {'duration': 30, 'departure_time': 8220, 'arrival_time': 8250, 'day': 'current_day', 'from_stop_id': 'B-2', 'to_stop_id': 'B-0', 'trip_id': 'walking', 'agency_name': 'Unknown'}, {'duration': 1800, 'departure_time': 9000, 'arrival_time': 10800, 'day': 'current_day', 'from_stop_id': 'B-0', 'to_stop_id': 'A-0', 'trip_id': 'IE-6-1', 'agency_name': 'Unknown'}, {'duration': 30, 'departure_time': 10800, 'arrival_time': 10830, 'day': 'current_day', 'from_stop_id': 'A-0', 'to_stop_id': 'A-2', 'trip_id': 'walking', 'agency_name': 'Unknown'}, {'duration': 450, 'departure_time': 11220, 'arrival_time': 11670, 'day': 'current_day', 'from_stop_id': 'A-2', 'to_stop_id': '110-2', 'trip_id': '2-1-12', 'agency_name': 'Unknown'}]}",6693.0
139,27,12330,inter,right,504,[137],[27],1000,751,0,0,13081,13141.0,17490.0,17550.0,4349.0,4.0,137,27,,,pt,17550.0,5220.0,"{'duration': 4349, 'source_transfer_time': 0, 'waiting_time': 119, 'trip_time': 4230, 'num_transfers': 4, 'departure_time': 13141, 'departure_day': 'current_day', 'arrival_time': 17490, 'arrival_day': 'current_day', 'steps': [{'duration': 360, 'departure_time': 13260, 'arrival_time': 13620, 'day': 'current_day', 'from_stop_id': '137-2', 'to_stop_id': 'B-2', 'trip_id': '4-1-16', 'agency_name': 'Unknown'}, {'duration': 30, 'departure_time': 13620, 'arrival_time': 13650, 'day': 'current_day', 'from_stop_id': 'B-2', 'to_stop_id': 'B-0', 'trip_id': 'walking', 'agency_name': 'Unknown'}, {'duration': 1800, 'departure_time': 15000, 'arrival_time': 16800, 'day': 'current_day', 'from_stop_id': 'B-0', 'to_stop_id': 'A-0', 'trip_id': 'IE-10-1', 'agency_name': 'Unknown'}, {'duration': 30, 'departure_time': 16800, 'arrival_time': 16830, 'day': 'current_day', 'from_stop_id': 'A-0', 'to_stop_id': 'A-2', 'trip_id': 'walking', 'agency_name': 'Unknown'}, {'duration': 270, 'departure_time': 17220, 'arrival_time': 17490, 'day': 'current_day', 'from_stop_id': 'A-2', 'to_stop_id': '27-2', 'trip_id': '2-0-22', 'agency_name': 'Unknown'}]}",5220.0
184,9,10290,inter,right,505,[176],[5],500,375,2000,1503,10665,10725.0,14670.0,14730.0,3945.0,4.0,176,5,,,pt,16233.0,5943.0,"{'duration': 3945, 'source_transfer_time': 0, 'waiting_time': 435, 'trip_time': 3510, 'num_transfers': 4, 'departure_time': 10725, 'departure_day': 'current_day', 'arrival_time': 14670, 'arrival_day': 'current_day', 'steps': [{'duration': 360, 'departure_time': 11160, 'arrival_time': 11520, 'day': 'current_day', 'from_stop_id': '176-1', 'to_stop_id': 'B-1', 'trip_id': '3-0-13', 'agency_name': 'Unknown'}, {'duration': 30, 'departure_time': 11520, 'arrival_time': 11550, 'day': 'current_day', 'from_stop_id': 'B-1', 'to_stop_id': 'B-0', 'trip_id': 'walking', 'agency_name': 'Unknown'}, {'duration': 1800, 'departure_time': 12000, 'arrival_time': 13800, 'day': 'current_day', 'from_stop_id': 'B-0', 'to_stop_id': 'A-0', 'trip_id': 'IE-8-1', 'agency_name': 'Unknown'}, {'duration': 30, 'departure_time': 13800, 'arrival_time': 13830, 'day': 'current_day', 'from_stop_id': 'A-0', 'to_stop_id': 'A-2', 'trip_id': 'walking', 'agency_name': 'Unknown'}, {'duration': 450, 'departure_time': 14220, 'arrival_time': 14670, 'day': 'current_day', 'from_stop_id': 'A-2', 'to_stop_id': '5-2', 'trip_id': '2-0-17', 'agency_name': 'Unknown'}]}",5943.0
207,83,11430,inter,right,506,[209],[54],1000,751,1500,1127,12181,12241.0,16170.0,16230.0,3929.0,4.0,209,54,,,pt,17357.0,5927.0,"{'duration': 3929, 'source_transfer_time': 0, 'waiting_time': 509, 'trip_time': 3420, 'num_transfers': 4, 'departure_time': 12241, 'departure_day': 'current_day', 'arrival_time': 16170, 'arrival_day': 'current_day', 'steps': [{'duration': 270, 'departure_time': 12750, 'arrival_time': 13020, 'day': 'current_day', 'from_stop_id': '209-2', 'to_stop_id': 'B-2', 'trip_id': '4-0-15', 'agency_name': 'Unknown'}, {'duration': 30, 'departure_time': 13020, 'arrival_time': 13050, 'day': 'current_day', 'from_stop_id': 'B-2', 'to_stop_id': 'B-0', 'trip_id': 'walking', 'agency_name': 'Unknown'}, {'duration': 1800, 'departure_time': 13500, 'arrival_time': 15300, 'day': 'current_day', 'from_stop_id': 'B-0', 'to_stop_id': 'A-0', 'trip_id': 'IE-9-1', 'agency_name': 'Unknown'}, {'duration': 30, 'departure_time': 15300, 'arrival_time': 15330, 'day': 'current_day', 'from_stop_id': 'A-0', 'to_stop_id': 'A-1', 'trip_id': 'walking', 'agency_name': 'Unknown'}, {'duration': 450, 'departure_time': 15720, 'arrival_time': 16170, 'day': 'current_day', 'from_stop_id': 'A-1', 'to_stop_id': '54-1', 'trip_id': '1-1-20', 'agency_name': 'Unknown'}]}",5927.0
218,89,10530,inter,right,507,[220],[88],1000,751,500,375,11281,11341.0,14490.0,14550.0,3149.0,4.0,220,88,,,pt,14925.0,4395.0,"{'duration': 3149, 'source_transfer_time': 0, 'waiting_time': 119, 'trip_time': 3030, 'num_transfers': 4, 'departure_time': 11341, 'departure_day': 'current_day', 'arrival_time': 14490, 'arrival_day': 'current_day', 'steps': [{'duration': 360, 'departure_time': 11460, 'arrival_time': 11820, 'day': 'current_day', 'from_stop_id': '220-2', 'to_stop_id': 'B-2', 'trip_id': '4-0-13', 'agency_name': 'Unknown'}, {'duration': 30, 'departure_time': 11820, 'arrival_time': 11850, 'day': 'current_day', 'from_stop_id': 'B-2', 'to_stop_id': 'B-0', 'trip_id': 'walking', 'agency_name': 'Unknown'}, {'duration': 1800, 'departure_time': 12000, 'arrival_time': 13800, 'day': 'current_day', 'from_stop_id': 'B-0', 'to_stop_id': 'A-0', 'trip_id': 'IE-8-1', 'agency_name': 'Unknown'}, {'duration': 30, 'departure_time': 13800, 'arrival_time': 13830, 'day': 'current_day', 'from_stop_id': 'A-0', 'to_stop_id': 'A-2', 'trip_id': 'walking', 'agency_name': 'Unknown'}, {'duration': 270, 'departure_time': 14220, 'arrival_time': 14490, 'day': 'current_day', 'from_stop_id': 'A-2', 'to_stop_id': '88-2', 'trip_id': '2-1-17', 'agency_name': 'Unknown'}]}",4395.0
205,18,4890,inter,right,508,[176],[16],1500,1127,1000,751,6017,6077.0,9780.0,9840.0,3703.0,4.0,176,16,,,pt,10591.0,5701.0,"{'duration': 3703, 'source_transfer_time': 0, 'waiting_time': 283, 'trip_time': 3420, 'num_transfers': 4, 'departure_time': 6077, 'departure_day': 'current_day', 'arrival_time': 9780, 'arrival_day': 'current_day', 'steps': [{'duration': 360, 'departure_time': 6360, 'arrival_time': 6720, 'day': 'current_day', 'from_stop_id': '176-1', 'to_stop_id': 'B-1', 'trip_id': '3-0-5', 'agency_name': 'Unknown'}, {'duration': 30, 'departure_time': 6720, 'arrival_time': 6750, 'day': 'current_day', 'from_stop_id': 'B-1', 'to_stop_id': 'B-0', 'trip_id': 'walking', 'agency_name': 'Unknown'}, {'duration': 1800, 'departure_time': 7500, 'arrival_time': 9300, 'day': 'current_day', 'from_stop_id': 'B-0', 'to_stop_id': 'A-0', 'trip_id': 'IE-5-1', 'agency_name': 'Unknown'}, {'duration': 30, 'departure_time': 9300, 'arrival_time': 9330, 'day': 'current_day', 'from_stop_id': 'A-0', 'to_stop_id': 'A-2', 'trip_id': 'walking', 'agency_name': 'Unknown'}, {'duration': 360, 'departure_time': 9420, 'arrival_time': 9780, 'day': 'current_day', 'from_stop_id': 'A-2', 'to_stop_id': '16-2', 'trip_id': '2-0-9', 'agency_name': 'Unknown'}]}",5701.0
226,77,7500,inter,right,509,[175; 231],[77],2500,1879,0,0,9379,9439.0,12600.0,12660.0,3161.0,4.0,175,77,,,pt,12660.0,5160.0,"{'duration': 3161, 'source_transfer_time': 0, 'waiting_time': 431, 'trip_time': 2730, 'num_transfers': 4, 'departure_time': 9439, 'departure_day': 'current_day', 'arrival_time': 12600, 'arrival_day': 'current_day', 'steps': [{'duration': 450, 'departure_time': 9870, 'arrival_time': 10320, 'day': 'current_day', 'from_stop_id': '175-1', 'to_stop_id': 'B-1', 'trip_id': '3-0-11', 'agency_name': 'Unknown'}, {'duration': 30, 'departure_time': 10320, 'arrival_time': 10350, 'day': 'current_day', 'from_stop_id': 'B-1', 'to_stop_id': 'B-0', 'trip_id': 'walking', 'agency_name': 'Unknown'}, {'duration': 1800, 'departure_time': 10500, 'arrival_time': 12300, 'day': 'current_day', 'from_stop_id': 'B-0', 'to_stop_id': 'A-0', 'trip_id': 'IE-7-1', 'agency_name': 'Unknown'}, {'duration': 30, 'departure_time': 12300, 'arrival_time': 12330, 'day': 'current_day', 'from_stop_id': 'A-0', 'to_stop_id': 'A-2', 'trip_id': 'walking', 'agency_name': 'Unknown'}, {'duration': 180, 'departure_time': 12420, 'arrival_time': 12600, 'day': 'current_day', 'from_stop_id': 'A-2', 'to_stop_id': '77-2', 'trip_id': '2-1-14', 'agency_name': 'Unknown'}]}",5160.0
205,83,11520,inter,right,510,[176],[54],1500,1127,1500,1127,12647,12707.0,16170.0,16230.0,3463.0,4.0,176,54,,,pt,17357.0,5837.0,"{'duration': 3463, 'source_transfer_time': 0, 'waiting_time': 253, 'trip_time': 3210, 'num_transfers': 4, 'departure_time': 12707, 'departure_day': 'current_day', 'arrival_time': 16170, 'arrival_day': 'current_day', 'steps': [{'duration': 360, 'departure_time': 12960, 'arrival_time': 13320, 'day': 'current_day', 'from_stop_id': '176-1', 'to_stop_id': 'B-1', 'trip_id': '3-0-16', 'agency_name': 'Unknown'}, {'duration': 30, 'departure_time': 13320, 'arrival_time': 13350, 'day': 'current_day', 'from_stop_id': 'B-1', 'to_stop_id': 'B-0', 'trip_id': 'walking', 'agency_name': 'Unknown'}, {'duration': 1800, 'departure_time': 13500, 'arrival_time': 15300, 'day': 'current_day', 'from_stop_id': 'B-0', 'to_stop_id': 'A-0', 'trip_id': 'IE-9-1', 'agency_name': 'Unknown'}, {'duration': 30, 'departure_time': 15300, 'arrival_time': 15330, 'day': 'current_day', 'from_stop_id': 'A-0', 'to_stop_id': 'A-1', 'trip_id': 'walking', 'agency_name': 'Unknown'}, {'duration': 450, 'departure_time': 15720, 'arrival_time': 16170, 'day': 'current_day', 'from_stop_id': 'A-1', 'to_stop_id': '54-1', 'trip_id': '1-1-20', 'agency_name': 'Unknown'}]}",5837.0
227,5,4740,inter,right,511,[231],[5],2000,1503,0,0,6243,6303.0,9870.0,9930.0,3567.0,4.0,231,5,,,pt,9930.0,5190.0,"{'duration': 3567, 'source_transfer_time': 0, 'waiting_time': 267, 'trip_time': 3300, 'num_transfers': 4, 'departure_time': 6303, 'departure_day': 'current_day', 'arrival_time': 9870, 'arrival_day': 'current_day', 'steps': [{'duration': 450, 'departure_time': 6570, 'arrival_time': 7020, 'day': 'current_day', 'from_stop_id': '231-2', 'to_stop_id': 'B-2', 'trip_id': '4-0-5', 'agency_name': 'Unknown'}, {'duration': 30, 'departure_time': 7020, 'arrival_time': 7050, 'day': 'current_day', 'from_stop_id': 'B-2', 'to_stop_id': 'B-0', 'trip_id': 'walking', 'agency_name': 'Unknown'}, {'duration': 1800, 'departure_time': 7500, 'arrival_time': 9300, 'day': 'current_day', 'from_stop_id': 'B-0', 'to_stop_id': 'A-0', 'trip_id': 'IE-5-1', 'agency_name': 'Unknown'}, {'duration': 30, 'departure_time': 9300, 'arrival_time': 9330, 'day': 'current_day', 'from_stop_id': 'A-0', 'to_stop_id': 'A-2', 'trip_id': 'walking', 'agency_name': 'Unknown'}, {'duration': 450, 'departure_time': 9420, 'arrival_time': 9870, 'day': 'current_day', 'from_stop_id': 'A-2', 'to_stop_id': '5-2', 'trip_id': '2-0-9', 'agency_name': 'Unknown'}]}",5190.0
162,98,5940,inter,right,512,[180],[99],1000,751,500,375,6691,6751.0,9780.0,9840.0,3029.0,4.0,180,99,,,pt,10215.0,4275.0,"{'duration': 3029, 'source_transfer_time': 0, 'waiting_time': 299, 'trip_time': 2730, 'num_transfers': 4, 'departure_time': 6751, 'departure_day': 'current_day', 'arrival_time': 9780, 'arrival_day': 'current_day', 'steps': [{'duration': 270, 'departure_time': 7050, 'arrival_time': 7320, 'day': 'current_day', 'from_stop_id': '180-1', 'to_stop_id': 'B-1', 'trip_id': '3-1-6', 'agency_name': 'Unknown'}, {'duration': 30, 'departure_time': 7320, 'arrival_time': 7350, 'day': 'current_day', 'from_stop_id': 'B-1', 'to_stop_id': 'B-0', 'trip_id': 'walking', 'agency_name': 'Unknown'}, {'duration': 1800, 'departure_time': 7500, 'arrival_time': 9300, 'day': 'current_day', 'from_stop_id': 'B-0', 'to_stop_id': 'A-0', 'trip_id': 'IE-5-1', 'agency_name': 'Unknown'}, {'duration': 30, 'departure_time': 9300, 'arrival_time': 9330, 'day': 'current_day', 'from_stop_id': 'A-0', 'to_stop_id': 'A-2', 'trip_id': 'walking', 'agency_name': 'Unknown'}, {'duration': 360, 'departure_time': 9420, 'arrival_time': 9780, 'day': 'current_day', 'from_stop_id': 'A-2', 'to_stop_id': '99-2', 'trip_id': '2-1-9', 'agency_name': 'Unknown'}]}",4275.0
221,39,12450,inter,right,513,[220],[38],500,375,500,375,12825,12885.0,17400.0,17460.0,4515.0,4.0,220,38,,,pt,17835.0,5385.0,"{'duration': 4515, 'source_transfer_time': 0, 'waiting_time': 375, 'trip_time': 4140, 'num_transfers': 4, 'departure_time': 12885, 'departure_day': 'current_day', 'arrival_time': 17400, 'arrival_day': 'current_day', 'steps': [{'duration': 360, 'departure_time': 13260, 'arrival_time': 13620, 'day': 'current_day', 'from_stop_id': '220-2', 'to_stop_id': 'B-2', 'trip_id': '4-0-16', 'agency_name': 'Unknown'}, {'duration': 30, 'departure_time': 13620, 'arrival_time': 13650, 'day': 'current_day', 'from_stop_id': 'B-2', 'to_stop_id': 'B-0', 'trip_id': 'walking', 'agency_name': 'Unknown'}, {'duration': 1800, 'departure_time': 15000, 'arrival_time': 16800, 'day': 'current_day', 'from_stop_id': 'B-0', 'to_stop_id': 'A-0', 'trip_id': 'IE-10-1', 'agency_name': 'Unknown'}, {'duration': 30, 'departure_time': 16800, 'arrival_time': 16830, 'day': 'current_day', 'from_stop_id': 'A-0', 'to_stop_id': 'A-2', 'trip_id': 'walking', 'agency_name': 'Unknown'}, {'duration': 180, 'departure_time': 17220, 'arrival_time': 17400, 'day': 'current_day', 'from_stop_id': 'A-2', 'to_stop_id': '38-2', 'trip_id': '2-0-22', 'agency_name': 'Unknown'}]}",5385.0
129,96,13380,inter,right,514,[126],[99],1500,1127,1500,1127,14507,14567.0,18780.0,18840.0,4213.0,4.0,126,99,,,pt,19967.0,6587.0,"{'duration': 4213, 'source_transfer_time': 0, 'waiting_time': 403, 'trip_time': 3810, 'num_transfers': 4, 'departure_time': 14567, 'departure_day': 'current_day', 'arrival_time': 18780, 'arrival_day': 'current_day', 'steps': [{'duration': 450, 'departure_time': 14970, 'arrival_time': 15420, 'day': 'current_day', 'from_stop_id': '126-2', 'to_stop_id': 'B-2', 'trip_id': '4-1-19', 'agency_name': 'Unknown'}, {'duration': 30, 'departure_time': 15420, 'arrival_time': 15450, 'day': 'current_day', 'from_stop_id': 'B-2', 'to_stop_id': 'B-0', 'trip_id': 'walking', 'agency_name': 'Unknown'}, {'duration': 1800, 'departure_time': 16500, 'arrival_time': 18300, 'day': 'current_day', 'from_stop_id': 'B-0', 'to_stop_id': 'A-0', 'trip_id': 'IE-11-1', 'agency_name': 'Unknown'}, {'duration': 30, 'departure_time': 18300, 'arrival_time': 18330, 'day': 'current_day', 'from_stop_id': 'A-0', 'to_stop_id': 'A-2', 'trip_id': 'walking', 'agency_name': 'Unknown'}, {'duration': 360, 'departure_time': 18420, 'arrival_time': 18780, 'day': 'current_day', 'from_stop_id': 'A-2', 'to_stop_id': '99-2', 'trip_id': '2-1-24', 'agency_name': 'Unknown'}]}",6587.0
150,60,13140,inter,right,515,[148],[60],1000,751,0,0,13891,13951.0,17280.0,17340.0,3329.0,4.0,148,60,,,pt,17340.0,4200.0,"{'duration': 3329, 'source_transfer_time': 0, 'waiting_time': 599, 'trip_time': 2730, 'num_transfers': 4, 'departure_time': 13951, 'departure_day': 'current_day', 'arrival_time': 17280, 'arrival_day': 'current_day', 'steps': [{'duration': 270, 'departure_time': 14550, 'arrival_time': 14820, 'day': 'current_day', 'from_stop_id': '148-2', 'to_stop_id': 'B-2', 'trip_id': '4-1-18', 'agency_name': 'Unknown'}, {'duration': 30, 'departure_time': 14820, 'arrival_time': 14850, 'day': 'current_day', 'from_stop_id': 'B-2', 'to_stop_id': 'B-0', 'trip_id': 'walking', 'agency_name': 'Unknown'}, {'duration': 1800, 'departure_time': 15000, 'arrival_time': 16800, 'day': 'current_day', 'from_stop_id': 'B-0', 'to_stop_id': 'A-0', 'trip_id': 'IE-10-1', 'agency_name': 'Unknown'}, {'duration': 30, 'departure_time': 16800, 'arrival_time': 16830, 'day': 'current_day', 'from_stop_id': 'A-0', 'to_stop_id': 'A-1', 'trip_id': 'walking', 'agency_name': 'Unknown'}, {'duration': 360, 'departure_time': 16920, 'arrival_time': 17280, 'day': 'current_day', 'from_stop_id': 'A-1', 'to_stop_id': '60-1', 'trip_id': '1-0-22', 'agency_name': 'Unknown'}]}",4200.0
233,68,10650,inter,right,516,[231],[58],1000,751,500,375,11401,11461.0,15900.0,15960.0,4439.0,4.0,231,58,,,pt,16335.0,5685.0,"{'duration': 4439, 'source_transfer_time': 0, 'waiting_time': 509, 'trip_time': 3930, 'num_transfers': 4, 'departure_time': 11461, 'departure_day': 'current_day', 'arrival_time': 15900, 'arrival_day': 'current_day', 'steps': [{'duration': 450, 'departure_time': 11970, 'arrival_time': 12420, 'day': 'current_day', 'from_stop_id': '231-2', 'to_stop_id': 'B-2', 'trip_id': '4-0-14', 'agency_name': 'Unknown'}, {'duration': 30, 'departure_time': 12420, 'arrival_time': 12450, 'day': 'current_day', 'from_stop_id': 'B-2', 'to_stop_id': 'B-0', 'trip_id': 'walking', 'agency_name': 'Unknown'}, {'duration': 1800, 'departure_time': 13500, 'arrival_time': 15300, 'day': 'current_day', 'from_stop_id': 'B-0', 'to_stop_id': 'A-0', 'trip_id': 'IE-9-1', 'agency_name': 'Unknown'}, {'duration': 30, 'departure_time': 15300, 'arrival_time': 15330, 'day': 'current_day', 'from_stop_id': 'A-0', 'to_stop_id': 'A-1', 'trip_id': 'walking', 'agency_name': 'Unknown'}, {'duration': 180, 'departure_time': 15720, 'arrival_time': 15900, 'day': 'current_day', 'from_stop_id': 'A-1', 'to_stop_id': '58-1', 'trip_id': '1-0-20', 'agency_name': 'Unknown'}]}",5685.0
211,23,8790,inter,right,517,[209],[55],1000,751,1500,1127,9541,9601.0,13080.0,13140.0,3479.0,4.0,209,55,,,pt,14267.0,5477.0,"{'duration': 3479, 'source_transfer_time': 0, 'waiting_time': 149, 'trip_time': 3330, 'num_transfers': 4, 'departure_time': 9601, 'departure_day': 'current_day', 'arrival_time': 13080, 'arrival_day': 'current_day', 'steps': [{'duration': 270, 'departure_time': 9750, 'arrival_time': 10020, 'day': 'current_day', 'from_stop_id': '209-2', 'to_stop_id': 'B-2', 'trip_id': '4-0-10', 'agency_name': 'Unknown'}, {'duration': 30, 'departure_time': 10020, 'arrival_time': 10050, 'day': 'current_day', 'from_stop_id': 'B-2', 'to_stop_id': 'B-0', 'trip_id': 'walking', 'agency_name': 'Unknown'}, {'duration': 1800, 'departure_time': 10500, 'arrival_time': 12300, 'day': 'current_day', 'from_stop_id': 'B-0', 'to_stop_id': 'A-0', 'trip_id': 'IE-7-1', 'agency_name': 'Unknown'}, {'duration': 30, 'departure_time': 12300, 'arrival_time': 12330, 'day': 'current_day', 'from_stop_id': 'A-0', 'to_stop_id': 'A-1', 'trip_id': 'walking', 'agency_name': 'Unknown'}, {'duration': 360, 'departure_time': 12720, 'arrival_time': 13080, 'day': 'current_day', 'from_stop_id': 'A-1', 'to_stop_id': '55-1', 'trip_id': '1-1-15', 'agency_name': 'Unknown'}]}",5477.0
194,95,4680,inter,right,518,[176],[55; 99],1000,751,2000,1503,5431,5491.0,9780.0,9840.0,4289.0,4.0,176,99,,,pt,11343.0,6663.0,"{'duration': 4289, 'source_transfer_time': 0, 'waiting_time': 269, 'trip_time': 4020, 'num_transfers': 4, 'departure_time': 5491, 'departure_day': 'current_day', 'arrival_time': 9780, 'arrival_day': 'current_day', 'steps': [{'duration': 360, 'departure_time': 5760, 'arrival_time': 6120, 'day': 'current_day', 'from_stop_id': '176-1', 'to_stop_id': 'B-1', 'trip_id': '3-0-4', 'agency_name': 'Unknown'}, {'duration': 30, 'departure_time': 6120, 'arrival_time': 6150, 'day': 'current_day', 'from_stop_id': 'B-1', 'to_stop_id': 'B-0', 'trip_id': 'walking', 'agency_name': 'Unknown'}, {'duration': 1800, 'departure_time': 7500, 'arrival_time': 9300, 'day': 'current_day', 'from_stop_id': 'B-0', 'to_stop_id': 'A-0', 'trip_id': 'IE-5-1', 'agency_name': 'Unknown'}, {'duration': 30, 'departure_time': 9300, 'arrival_time': 9330, 'day': 'current_day', 'from_stop_id': 'A-0', 'to_stop_id': 'A-2', 'trip_id': 'walking', 'agency_name': 'Unknown'}, {'duration': 360, 'departure_time': 9420, 'arrival_time': 9780, 'day': 'current_day', 'from_stop_id': 'A-2', 'to_stop_id': '99-2', 'trip_id': '2-1-9', 'agency_name': 'Unknown'}]}",6663.0
146,74,11010,inter,right,519,[148],[56],1000,751,1000,751,11761,11821.0,15990.0,16050.0,4169.0,4.0,148,56,,,pt,16801.0,5791.0,"{'duration': 4169, 'source_transfer_time': 0, 'waiting_time': 329, 'trip_time': 3840, 'num_transfers': 4, 'departure_time': 11821, 'departure_day': 'current_day', 'arrival_time': 15990, 'arrival_day': 'current_day', 'steps': [{'duration': 270, 'departure_time': 12150, 'arrival_time': 12420, 'day': 'current_day', 'from_stop_id': '148-2', 'to_stop_id': 'B-2', 'trip_id': '4-1-14', 'agency_name': 'Unknown'}, {'duration': 30, 'departure_time': 12420, 'arrival_time': 12450, 'day': 'current_day', 'from_stop_id': 'B-2', 'to_stop_id': 'B-0', 'trip_id': 'walking', 'agency_name': 'Unknown'}, {'duration': 1800, 'departure_time': 13500, 'arrival_time': 15300, 'day': 'current_day', 'from_stop_id': 'B-0', 'to_stop_id': 'A-0', 'trip_id': 'IE-9-1', 'agency_name': 'Unknown'}, {'duration': 30, 'departure_time': 15300, 'arrival_time': 15330, 'day': 'current_day', 'from_stop_id': 'A-0', 'to_stop_id': 'A-1', 'trip_id': 'walking', 'agency_name': 'Unknown'}, {'duration': 270, 'departure_time': 15720, 'arrival_time': 15990, 'day': 'current_day', 'from_stop_id': 'A-1', 'to_stop_id': '56-1', 'trip_id': '1-1-20', 'agency_name': 'Unknown'}]}",5791.0
188,109,14310,inter,right,520,[239; 240],[110],500,375,500,375,14685,14745.0,18870.0,18930.0,4125.0,4.0,239,110,,,pt,19305.0,4995.0,"{'duration': 4125, 'source_transfer_time': 0, 'waiting_time': 285, 'trip_time': 3840, 'num_transfers': 4, 'departure_time': 14745, 'departure_day': 'current_day', 'arrival_time': 18870, 'arrival_day': 'current_day', 'steps': [{'duration': 90, 'departure_time': 15030, 'arrival_time': 15120, 'day': 'current_day', 'from_stop_id': '239-1', 'to_stop_id': 'B-1', 'trip_id': '3-1-19', 'agency_name': 'Unknown'}, {'duration': 30, 'departure_time': 15120, 'arrival_time': 15150, 'day': 'current_day', 'from_stop_id': 'B-1', 'to_stop_id': 'B-0', 'trip_id': 'walking', 'agency_name': 'Unknown'}, {'duration': 1800, 'departure_time': 16500, 'arrival_time': 18300, 'day': 'current_day', 'from_stop_id': 'B-0', 'to_stop_id': 'A-0', 'trip_id': 'IE-11-1', 'agency_name': 'Unknown'}, {'duration': 30, 'departure_time': 18300, 'arrival_time': 18330, 'day': 'current_day', 'from_stop_id': 'A-0', 'to_stop_id': 'A-2', 'trip_id': 'walking', 'agency_name': 'Unknown'}, {'duration': 450, 'departure_time': 18420, 'arrival_time': 18870, 'day': 'current_day', 'from_stop_id': 'A-2', 'to_stop_id': '110-2', 'trip_id': '2-1-24', 'agency_name': 'Unknown'}]}",4995.0
171,11,8700,inter,right,521,[179],[54],500,375,2000,1503,9075,9135.0,13170.0,13230.0,4035.0,4.0,179,54,,,pt,14733.0,6033.0,"{'duration': 4035, 'source_transfer_time': 0, 'waiting_time': 405, 'trip_time': 3630, 'num_transfers': 4, 'departure_time': 9135, 'departure_day': 'current_day', 'arrival_time': 13170, 'arrival_day': 'current_day', 'steps': [{'duration': 180, 'departure_time': 9540, 'arrival_time': 9720, 'day': 'current_day', 'from_stop_id': '179-1', 'to_stop_id': 'B-1', 'trip_id': '3-1-10', 'agency_name': 'Unknown'}, {'duration': 30, 'departure_time': 9720, 'arrival_time': 9750, 'day': 'current_day', 'from_stop_id': 'B-1', 'to_stop_id': 'B-0', 'trip_id': 'walking', 'agency_name': 'Unknown'}, {'duration': 1800, 'departure_time': 10500, 'arrival_time': 12300, 'day': 'current_day', 'from_stop_id': 'B-0', 'to_stop_id': 'A-0', 'trip_id': 'IE-7-1', 'agency_name': 'Unknown'}, {'duration': 30, 'departure_time': 12300, 'arrival_time': 12330, 'day': 'current_day', 'from_stop_id': 'A-0', 'to_stop_id': 'A-1', 'trip_id': 'walking', 'agency_name': 'Unknown'}, {'duration': 450, 'departure_time': 12720, 'arrival_time': 13170, 'day': 'current_day', 'from_stop_id': 'A-1', 'to_stop_id': '54-1', 'trip_id': '1-1-15', 'agency_name': 'Unknown'}]}",6033.0
192,38,11130,inter,right,522,[182],[38],500,375,0,0,11505,11565.0,15600.0,15660.0,4035.0,4.0,182,38,,,pt,15660.0,4530.0,"{'duration': 4035, 'source_transfer_time': 0, 'waiting_time': 105, 'trip_time': 3930, 'num_transfers': 4, 'departure_time': 11565, 'departure_day': 'current_day', 'arrival_time': 15600, 'arrival_day': 'current_day', 'steps': [{'duration': 450, 'departure_time': 11670, 'arrival_time': 12120, 'day': 'current_day', 'from_stop_id': '182-1', 'to_stop_id': 'B-1', 'trip_id': '3-1-14', 'agency_name': 'Unknown'}, {'duration': 30, 'departure_time': 12120, 'arrival_time': 12150, 'day': 'current_day', 'from_stop_id': 'B-1', 'to_stop_id': 'B-0', 'trip_id': 'walking', 'agency_name': 'Unknown'}, {'duration': 1800, 'departure_time': 13500, 'arrival_time': 15300, 'day': 'current_day', 'from_stop_id': 'B-0', 'to_stop_id': 'A-0', 'trip_id': 'IE-9-1', 'agency_name': 'Unknown'}, {'duration': 30, 'departure_time': 15300, 'arrival_time': 15330, 'day': 'current_day', 'from_stop_id': 'A-0', 'to_stop_id': 'A-2', 'trip_id': 'walking', 'agency_name': 'Unknown'}, {'duration': 180, 'departure_time': 15420, 'arrival_time': 15600, 'day': 'current_day', 'from_stop_id': 'A-2', 'to_stop_id': '38-2', 'trip_id': '2-0-19', 'agency_name': 'Unknown'}]}",4530.0
124,98,5940,inter,right,523,[126],[99],1000,751,500,375,6691,6751.0,11580.0,11640.0,4829.0,4.0,126,99,,,pt,12015.0,6075.0,"{'duration': 4829, 'source_transfer_time': 0, 'waiting_time': 419, 'trip_time': 4410, 'num_transfers': 4, 'departure_time': 6751, 'departure_day': 'current_day', 'arrival_time': 11580, 'arrival_day': 'current_day', 'steps': [{'duration': 450, 'departure_time': 7170, 'arrival_time': 7620, 'day': 'current_day', 'from_stop_id': '126-2', 'to_stop_id': 'B-2', 'trip_id': '4-1-6', 'agency_name': 'Unknown'}, {'duration': 30, 'departure_time': 7620, 'arrival_time': 7650, 'day': 'current_day', 'from_stop_id': 'B-2', 'to_stop_id': 'B-0', 'trip_id': 'walking', 'agency_name': 'Unknown'}, {'duration': 1800, 'departure_time': 9000, 'arrival_time': 10800, 'day': 'current_day', 'from_stop_id': 'B-0', 'to_stop_id': 'A-0', 'trip_id': 'IE-6-1', 'agency_name': 'Unknown'}, {'duration': 30, 'departure_time': 10800, 'arrival_time': 10830, 'day': 'current_day', 'from_stop_id': 'A-0', 'to_stop_id': 'A-2', 'trip_id': 'walking', 'agency_name': 'Unknown'}, {'duration': 360, 'departure_time': 11220, 'arrival_time': 11580, 'day': 'current_day', 'from_stop_id': 'A-2', 'to_stop_id': '99-2', 'trip_id': '2-1-12', 'agency_name': 'Unknown'}]}",6075.0
185,12,9060,inter,right,524,[177],[16; 55],500,375,2000,1503,9435,9495.0,12780.0,12840.0,3285.0,4.0,177,16,,,pt,14343.0,5283.0,"{'duration': 3285, 'source_transfer_time': 0, 'waiting_time': 555, 'trip_time': 2730, 'num_transfers': 4, 'departure_time': 9495, 'departure_day': 'current_day', 'arrival_time': 12780, 'arrival_day': 'current_day', 'steps': [{'duration': 270, 'departure_time': 10050, 'arrival_time': 10320, 'day': 'current_day', 'from_stop_id': '177-1', 'to_stop_id': 'B-1', 'trip_id': '3-0-11', 'agency_name': 'Unknown'}, {'duration': 30, 'departure_time': 10320, 'arrival_time': 10350, 'day': 'current_day', 'from_stop_id': 'B-1', 'to_stop_id': 'B-0', 'trip_id': 'walking', 'agency_name': 'Unknown'}, {'duration': 1800, 'departure_time': 10500, 'arrival_time': 12300, 'day': 'current_day', 'from_stop_id': 'B-0', 'to_stop_id': 'A-0', 'trip_id': 'IE-7-1', 'agency_name': 'Unknown'}, {'duration': 30, 'departure_time': 12300, 'arrival_time': 12330, 'day': 'current_day', 'from_stop_id': 'A-0', 'to_stop_id': 'A-2', 'trip_id': 'walking', 'agency_name': 'Unknown'}, {'duration': 360, 'departure_time': 12420, 'arrival_time': 12780, 'day': 'current_day', 'from_stop_id': 'A-2', 'to_stop_id': '16-2', 'trip_id': '2-0-14', 'agency_name': 'Unknown'}]}",5283.0
154,78,4020,inter,right,525,[175],[77],1000,751,500,375,4771,4831.0,8400.0,8460.0,3569.0,4.0,175,77,,,pt,8835.0,4815.0,"{'duration': 3569, 'source_transfer_time': 0, 'waiting_time': 239, 'trip_time': 3330, 'num_transfers': 4, 'departure_time': 4831, 'departure_day': 'current_day', 'arrival_time': 8400, 'arrival_day': 'current_day', 'steps': [{'duration': 450, 'departure_time': 5070, 'arrival_time': 5520, 'day': 'current_day', 'from_stop_id': '175-1', 'to_stop_id': 'B-1', 'trip_id': '3-0-3', 'agency_name': 'Unknown'}, {'duration': 30, 'departure_time': 5520, 'arrival_time': 5550, 'day': 'current_day', 'from_stop_id': 'B-1', 'to_stop_id': 'B-0', 'trip_id': 'walking', 'agency_name': 'Unknown'}, {'duration': 1800, 'departure_time': 6000, 'arrival_time': 7800, 'day': 'current_day', 'from_stop_id': 'B-0', 'to_stop_id': 'A-0', 'trip_id': 'IE-4-1', 'agency_name': 'Unknown'}, {'duration': 30, 'departure_time': 7800, 'arrival_time': 7830, 'day': 'current_day', 'from_stop_id': 'A-0', 'to_stop_id': 'A-2', 'trip_id': 'walking', 'agency_name': 'Unknown'}, {'duration': 180, 'departure_time': 8220, 'arrival_time': 8400, 'day': 'current_day', 'from_stop_id': 'A-2', 'to_stop_id': '77-2', 'trip_id': '2-1-7', 'agency_name': 'Unknown'}]}",4815.0
197,45,5340,inter,right,526,[198],[55],500,375,500,375,5715,5775.0,10080.0,10140.0,4305.0,4.0,198,55,,,pt,10515.0,5175.0,"{'duration': 4305, 'source_transfer_time': 0, 'waiting_time': 465, 'trip_time': 3840, 'num_transfers': 4, 'departure_time': 5775, 'departure_day': 'current_day', 'arrival_time': 10080, 'arrival_day': 'current_day', 'steps': [{'duration': 180, 'departure_time': 6240, 'arrival_time': 6420, 'day': 'current_day', 'from_stop_id': '198-2', 'to_stop_id': 'B-2', 'trip_id': '4-0-4', 'agency_name': 'Unknown'}, {'duration': 30, 'departure_time': 6420, 'arrival_time': 6450, 'day': 'current_day', 'from_stop_id': 'B-2', 'to_stop_id': 'B-0', 'trip_id': 'walking', 'agency_name': 'Unknown'}, {'duration': 1800, 'departure_time': 7500, 'arrival_time': 9300, 'day': 'current_day', 'from_stop_id': 'B-0', 'to_stop_id': 'A-0', 'trip_id': 'IE-5-1', 'agency_name': 'Unknown'}, {'duration': 30, 'departure_time': 9300, 'arrival_time': 9330, 'day': 'current_day', 'from_stop_id': 'A-0', 'to_stop_id': 'A-1', 'trip_id': 'walking', 'agency_name': 'Unknown'}, {'duration': 360, 'departure_time': 9720, 'arrival_time': 10080, 'day': 'current_day', 'from_stop_id': 'A-1', 'to_stop_id': '55-1', 'trip_id': '1-1-10', 'agency_name': 'Unknown'}]}",5175.0
167,21,10560,inter,right,527,[177],[61],500,375,2000,1503,10935,10995.0,14370.0,14430.0,3375.0,4.0,177,61,,,pt,15933.0,5373.0,"{'duration': 3375, 'source_transfer_time': 0, 'waiting_time': 255, 'trip_time': 3120, 'num_transfers': 4, 'departure_time': 10995, 'departure_day': 'current_day', 'arrival_time': 14370, 'arrival_day': 'current_day', 'steps': [{'duration': 270, 'departure_time': 11250, 'arrival_time': 11520, 'day': 'current_day', 'from_stop_id': '177-1', 'to_stop_id': 'B-1', 'trip_id': '3-0-13', 'agency_name': 'Unknown'}, {'duration': 30, 'departure_time': 11520, 'arrival_time': 11550, 'day': 'current_day', 'from_stop_id': 'B-1', 'to_stop_id': 'B-0', 'trip_id': 'walking', 'agency_name': 'Unknown'}, {'duration': 1800, 'departure_time': 12000, 'arrival_time': 13800, 'day': 'current_day', 'from_stop_id': 'B-0', 'to_stop_id': 'A-0', 'trip_id': 'IE-8-1', 'agency_name': 'Unknown'}, {'duration': 30, 'departure_time': 13800, 'arrival_time': 13830, 'day': 'current_day', 'from_stop_id': 'A-0', 'to_stop_id': 'A-1', 'trip_id': 'walking', 'agency_name': 'Unknown'}, {'duration': 450, 'departure_time': 13920, 'arrival_time': 14370, 'day': 'current_day', 'from_stop_id': 'A-1', 'to_stop_id': '61-1', 'trip_id': '1-0-17', 'agency_name': 'Unknown'}]}",5373.0
121,55,8790,inter,right,528,[126; 175],[55],2500,1879,0,0,10669,10729.0,14280.0,14340.0,3551.0,4.0,126,55,,,pt,14340.0,5550.0,"{'duration': 3551, 'source_transfer_time': 0, 'waiting_time': 41, 'trip_time': 3510, 'num_transfers': 4, 'departure_time': 10729, 'departure_day': 'current_day', 'arrival_time': 14280, 'arrival_day': 'current_day', 'steps': [{'duration': 450, 'departure_time': 10770, 'arrival_time': 11220, 'day': 'current_day', 'from_stop_id': '126-2', 'to_stop_id': 'B-2', 'trip_id': '4-1-12', 'agency_name': 'Unknown'}, {'duration': 30, 'departure_time': 11220, 'arrival_time': 11250, 'day': 'current_day', 'from_stop_id': 'B-2', 'to_stop_id': 'B-0', 'trip_id': 'walking', 'agency_name': 'Unknown'}, {'duration': 1800, 'departure_time': 12000, 'arrival_time': 13800, 'day': 'current_day', 'from_stop_id': 'B-0', 'to_stop_id': 'A-0', 'trip_id': 'IE-8-1', 'agency_name': 'Unknown'}, {'duration': 30, 'departure_time': 13800, 'arrival_time': 13830, 'day': 'current_day', 'from_stop_id': 'A-0', 'to_stop_id': 'A-1', 'trip_id': 'walking', 'agency_name': 'Unknown'}, {'duration': 360, 'departure_time': 13920, 'arrival_time': 14280, 'day': 'current_day', 'from_stop_id': 'A-1', 'to_stop_id': '55-1', 'trip_id': '1-1-17', 'agency_name': 'Unknown'}]}",5550.0
220,28,7110,inter,right,529,[220],[27],0,0,500,375,7110,7170.0,11490.0,11550.0,4320.0,4.0,220,27,,,pt,11925.0,4815.0,"{'duration': 4320, 'source_transfer_time': 0, 'waiting_time': 90, 'trip_time': 4230, 'num_transfers': 4, 'departure_time': 7170, 'departure_day': 'current_day', 'arrival_time': 11490, 'arrival_day': 'current_day', 'steps': [{'duration': 360, 'departure_time': 7260, 'arrival_time': 7620, 'day': 'current_day', 'from_stop_id': '220-2', 'to_stop_id': 'B-2', 'trip_id': '4-0-6', 'agency_name': 'Unknown'}, {'duration': 30, 'departure_time': 7620, 'arrival_time': 7650, 'day': 'current_day', 'from_stop_id': 'B-2', 'to_stop_id': 'B-0', 'trip_id': 'walking', 'agency_name': 'Unknown'}, {'duration': 1800, 'departure_time': 9000, 'arrival_time': 10800, 'day': 'current_day', 'from_stop_id': 'B-0', 'to_stop_id': 'A-0', 'trip_id': 'IE-6-1', 'agency_name': 'Unknown'}, {'duration': 30, 'departure_time': 10800, 'arrival_time': 10830, 'day': 'current_day', 'from_stop_id': 'A-0', 'to_stop_id': 'A-2', 'trip_id': 'walking', 'agency_name': 'Unknown'}, {'duration': 270, 'departure_time': 11220, 'arrival_time': 11490, 'day': 'current_day', 'from_stop_id': 'A-2', 'to_stop_id': '27-2', 'trip_id': '2-0-12', 'agency_name': 'Unknown'}]}",4815.0
226,37,7260,inter,right,530,[175; 231],[38],2500,1879,500,375,9139,9199.0,12600.0,12660.0,3401.0,4.0,175,38,,,pt,13035.0,5775.0,"{'duration': 3401, 'source_transfer_time': 0, 'waiting_time': 71, 'trip_time': 3330, 'num_transfers': 4, 'departure_time': 9199, 'departure_day': 'current_day', 'arrival_time': 12600, 'arrival_day': 'current_day', 'steps': [{'duration': 450, 'departure_time': 9270, 'arrival_time': 9720, 'day': 'current_day', 'from_stop_id': '175-1', 'to_stop_id': 'B-1', 'trip_id': '3-0-10', 'agency_name': 'Unknown'}, {'duration': 30, 'departure_time': 9720, 'arrival_time': 9750, 'day': 'current_day', 'from_stop_id': 'B-1', 'to_stop_id': 'B-0', 'trip_id': 'walking', 'agency_name': 'Unknown'}, {'duration': 1800, 'departure_time': 10500, 'arrival_time': 12300, 'day': 'current_day', 'from_stop_id': 'B-0', 'to_stop_id': 'A-0', 'trip_id': 'IE-7-1', 'agency_name': 'Unknown'}, {'duration': 30, 'departure_time': 12300, 'arrival_time': 12330, 'day': 'current_day', 'from_stop_id': 'A-0', 'to_stop_id': 'A-2', 'trip_id': 'walking', 'agency_name': 'Unknown'}, {'duration': 180, 'departure_time': 12420, 'arrival_time': 12600, 'day': 'current_day', 'from_stop_id': 'A-2', 'to_stop_id': '38-2', 'trip_id': '2-0-14', 'agency_name': 'Unknown'}]}",5775.0
168,2,8730,inter,right,531,[178],[5],500,375,1500,1127,9105,9165.0,12870.0,12930.0,3705.0,4.0,178,5,,,pt,14057.0,5327.0,"{'duration': 3705, 'source_transfer_time': 0, 'waiting_time': 375, 'trip_time': 3330, 'num_transfers': 4, 'departure_time': 9165, 'departure_day': 'current_day', 'arrival_time': 12870, 'arrival_day': 'current_day', 'steps': [{'duration': 180, 'departure_time': 9540, 'arrival_time': 9720, 'day': 'current_day', 'from_stop_id': '178-1', 'to_stop_id': 'B-1', 'trip_id': '3-0-10', 'agency_name': 'Unknown'}, {'duration': 30, 'departure_time': 9720, 'arrival_time': 9750, 'day': 'current_day', 'from_stop_id': 'B-1', 'to_stop_id': 'B-0', 'trip_id': 'walking', 'agency_name': 'Unknown'}, {'duration': 1800, 'departure_time': 10500, 'arrival_time': 12300, 'day': 'current_day', 'from_stop_id': 'B-0', 'to_stop_id': 'A-0', 'trip_id': 'IE-7-1', 'agency_name': 'Unknown'}, {'duration': 30, 'departure_time': 12300, 'arrival_time': 12330, 'day': 'current_day', 'from_stop_id': 'A-0', 'to_stop_id': 'A-2', 'trip_id': 'walking', 'agency_name': 'Unknown'}, {'duration': 450, 'departure_time': 12420, 'arrival_time': 12870, 'day': 'current_day', 'from_stop_id': 'A-2', 'to_stop_id': '5-2', 'trip_id': '2-0-14', 'agency_name': 'Unknown'}]}",5327.0
174,115,12660,inter,right,532,[182],[61; 110],500,375,2500,1879,13035,13095.0,17370.0,17430.0,4275.0,4.0,182,61,,,pt,19309.0,6649.0,"{'duration': 4275, 'source_transfer_time': 0, 'waiting_time': 375, 'trip_time': 3900, 'num_transfers': 4, 'departure_time': 13095, 'departure_day': 'current_day', 'arrival_time': 17370, 'arrival_day': 'current_day', 'steps': [{'duration': 450, 'departure_time': 13470, 'arrival_time': 13920, 'day': 'current_day', 'from_stop_id': '182-1', 'to_stop_id': 'B-1', 'trip_id': '3-1-17', 'agency_name': 'Unknown'}, {'duration': 30, 'departure_time': 13920, 'arrival_time': 13950, 'day': 'current_day', 'from_stop_id': 'B-1', 'to_stop_id': 'B-0', 'trip_id': 'walking', 'agency_name': 'Unknown'}, {'duration': 1800, 'departure_time': 15000, 'arrival_time': 16800, 'day': 'current_day', 'from_stop_id': 'B-0', 'to_stop_id': 'A-0', 'trip_id': 'IE-10-1', 'agency_name': 'Unknown'}, {'duration': 30, 'departure_time': 16800, 'arrival_time': 16830, 'day': 'current_day', 'from_stop_id': 'A-0', 'to_stop_id': 'A-1', 'trip_id': 'walking', 'agency_name': 'Unknown'}, {'duration': 450, 'departure_time': 16920, 'arrival_time': 17370, 'day': 'current_day', 'from_stop_id': 'A-1', 'to_stop_id': '61-1', 'trip_id': '1-0-22', 'agency_name': 'Unknown'}]}",6649.0
227,77,11640,inter,right,533,[231],[77],2000,1503,0,0,13143,13203.0,17400.0,17460.0,4197.0,4.0,231,77,,,pt,17460.0,5820.0,"{'duration': 4197, 'source_transfer_time': 0, 'waiting_time': 567, 'trip_time': 3630, 'num_transfers': 4, 'departure_time': 13203, 'departure_day': 'current_day', 'arrival_time': 17400, 'arrival_day': 'current_day', 'steps': [{'duration': 450, 'departure_time': 13770, 'arrival_time': 14220, 'day': 'current_day', 'from_stop_id': '231-2', 'to_stop_id': 'B-2', 'trip_id': '4-0-17', 'agency_name': 'Unknown'}, {'duration': 30, 'departure_time': 14220, 'arrival_time': 14250, 'day': 'current_day', 'from_stop_id': 'B-2', 'to_stop_id': 'B-0', 'trip_id': 'walking', 'agency_name': 'Unknown'}, {'duration': 1800, 'departure_time': 15000, 'arrival_time': 16800, 'day': 'current_day', 'from_stop_id': 'B-0', 'to_stop_id': 'A-0', 'trip_id': 'IE-10-1', 'agency_name': 'Unknown'}, {'duration': 30, 'departure_time': 16800, 'arrival_time': 16830, 'day': 'current_day', 'from_stop_id': 'A-0', 'to_stop_id': 'A-2', 'trip_id': 'walking', 'agency_name': 'Unknown'}, {'duration': 180, 'departure_time': 17220, 'arrival_time': 17400, 'day': 'current_day', 'from_stop_id': 'A-2', 'to_stop_id': '77-2', 'trip_id': '2-1-22', 'agency_name': 'Unknown'}]}",5820.0
236,48,13500,inter,right,534,[182; 231],[116; 117],2500,1879,500,375,15379,15439.0,18510.0,18570.0,3071.0,4.0,182,116,,,pt,18945.0,5445.0,"{'duration': 3071, 'source_transfer_time': 0, 'waiting_time': 431, 'trip_time': 2640, 'num_transfers': 4, 'departure_time': 15439, 'departure_day': 'current_day', 'arrival_time': 18510, 'arrival_day': 'current_day', 'steps': [{'duration': 450, 'departure_time': 15870, 'arrival_time': 16320, 'day': 'current_day', 'from_stop_id': '182-1', 'to_stop_id': 'B-1', 'trip_id': '3-1-21', 'agency_name': 'Unknown'}, {'duration': 30, 'departure_time': 16320, 'arrival_time': 16350, 'day': 'current_day', 'from_stop_id': 'B-1', 'to_stop_id': 'B-0', 'trip_id': 'walking', 'agency_name': 'Unknown'}, {'duration': 1800, 'departure_time': 16500, 'arrival_time': 18300, 'day': 'current_day', 'from_stop_id': 'B-0', 'to_stop_id': 'A-0', 'trip_id': 'IE-11-1', 'agency_name': 'Unknown'}, {'duration': 30, 'departure_time': 18300, 'arrival_time': 18330, 'day': 'current_day', 'from_stop_id': 'A-0', 'to_stop_id': 'A-2', 'trip_id': 'walking', 'agency_name': 'Unknown'}, {'duration': 90, 'departure_time': 18420, 'arrival_time': 18510, 'day': 'current_day', 'from_stop_id': 'A-2', 'to_stop_id': '116-2', 'trip_id': '2-0-24', 'agency_name': 'Unknown'}]}",5445.0
223,16,8010,inter,right,535,[220],[16],1500,1127,0,0,9137,9197.0,12780.0,12840.0,3583.0,4.0,220,16,,,pt,12840.0,4830.0,"{'duration': 3583, 'source_transfer_time': 0, 'waiting_time': 463, 'trip_time': 3120, 'num_transfers': 4, 'departure_time': 9197, 'departure_day': 'current_day', 'arrival_time': 12780, 'arrival_day': 'current_day', 'steps': [{'duration': 360, 'departure_time': 9660, 'arrival_time': 10020, 'day': 'current_day', 'from_stop_id': '220-2', 'to_stop_id': 'B-2', 'trip_id': '4-0-10', 'agency_name': 'Unknown'}, {'duration': 30, 'departure_time': 10020, 'arrival_time': 10050, 'day': 'current_day', 'from_stop_id': 'B-2', 'to_stop_id': 'B-0', 'trip_id': 'walking', 'agency_name': 'Unknown'}, {'duration': 1800, 'departure_time': 10500, 'arrival_time': 12300, 'day': 'current_day', 'from_stop_id': 'B-0', 'to_stop_id': 'A-0', 'trip_id': 'IE-7-1', 'agency_name': 'Unknown'}, {'duration': 30, 'departure_time': 12300, 'arrival_time': 12330, 'day': 'current_day', 'from_stop_id': 'A-0', 'to_stop_id': 'A-2', 'trip_id': 'walking', 'agency_name': 'Unknown'}, {'duration': 360, 'departure_time': 12420, 'arrival_time': 12780, 'day': 'current_day', 'from_stop_id': 'A-2', 'to_stop_id': '16-2', 'trip_id': '2-0-14', 'agency_name': 'Unknown'}]}",4830.0
215,115,13770,inter,right,536,[175],[61; 110],2000,1503,2500,1879,15273,15333.0,18870.0,18930.0,3537.0,4.0,175,110,,,pt,20809.0,7039.0,"{'duration': 3537, 'source_transfer_time': 0, 'waiting_time': 537, 'trip_time': 3000, 'num_transfers': 4, 'departure_time': 15333, 'departure_day': 'current_day', 'arrival_time': 18870, 'arrival_day': 'current_day', 'steps': [{'duration': 450, 'departure_time': 15870, 'arrival_time': 16320, 'day': 'current_day', 'from_stop_id': '175-1', 'to_stop_id': 'B-1', 'trip_id': '3-0-21', 'agency_name': 'Unknown'}, {'duration': 30, 'departure_time': 16320, 'arrival_time': 16350, 'day': 'current_day', 'from_stop_id': 'B-1', 'to_stop_id': 'B-0', 'trip_id': 'walking', 'agency_name': 'Unknown'}, {'duration': 1800, 'departure_time': 16500, 'arrival_time': 18300, 'day': 'current_day', 'from_stop_id': 'B-0', 'to_stop_id': 'A-0', 'trip_id': 'IE-11-1', 'agency_name': 'Unknown'}, {'duration': 30, 'departure_time': 18300, 'arrival_time': 18330, 'day': 'current_day', 'from_stop_id': 'A-0', 'to_stop_id': 'A-2', 'trip_id': 'walking', 'agency_name': 'Unknown'}, {'duration': 450, 'departure_time': 18420, 'arrival_time': 18870, 'day': 'current_day', 'from_stop_id': 'A-2', 'to_stop_id': '110-2', 'trip_id': '2-1-24', 'agency_name': 'Unknown'}]}",7039.0
190,80,9540,inter,right,537,[180],[59],500,375,1000,751,9915,9975.0,12990.0,13050.0,3015.0,4.0,180,59,,,pt,13801.0,4261.0,"{'duration': 3015, 'source_transfer_time': 0, 'waiting_time': 75, 'trip_time': 2940, 'num_transfers': 4, 'departure_time': 9975, 'departure_day': 'current_day', 'arrival_time': 12990, 'arrival_day': 'current_day', 'steps': [{'duration': 270, 'departure_time': 10050, 'arrival_time': 10320, 'day': 'current_day', 'from_stop_id': '180-1', 'to_stop_id': 'B-1', 'trip_id': '3-1-11', 'agency_name': 'Unknown'}, {'duration': 30, 'departure_time': 10320, 'arrival_time': 10350, 'day': 'current_day', 'from_stop_id': 'B-1', 'to_stop_id': 'B-0', 'trip_id': 'walking', 'agency_name': 'Unknown'}, {'duration': 1800, 'departure_time': 10500, 'arrival_time': 12300, 'day': 'current_day', 'from_stop_id': 'B-0', 'to_stop_id': 'A-0', 'trip_id': 'IE-7-1', 'agency_name': 'Unknown'}, {'duration': 30, 'departure_time': 12300, 'arrival_time': 12330, 'day': 'current_day', 'from_stop_id': 'A-0', 'to_stop_id': 'A-1', 'trip_id': 'walking', 'agency_name': 'Unknown'}, {'duration': 270, 'departure_time': 12720, 'arrival_time': 12990, 'day': 'current_day', 'from_stop_id': 'A-1', 'to_stop_id': '59-1', 'trip_id': '1-0-15', 'agency_name': 'Unknown'}]}",4261.0
137,64,5910,inter,right,538,[137],[56],0,0,500,375,5910,5970.0,9990.0,10050.0,4020.0,4.0,137,56,,,pt,10425.0,4515.0,"{'duration': 4020, 'source_transfer_time': 0, 'waiting_time': 90, 'trip_time': 3930, 'num_transfers': 4, 'departure_time': 5970, 'departure_day': 'current_day', 'arrival_time': 9990, 'arrival_day': 'current_day', 'steps': [{'duration': 360, 'departure_time': 6060, 'arrival_time': 6420, 'day': 'current_day', 'from_stop_id': '137-2', 'to_stop_id': 'B-2', 'trip_id': '4-1-4', 'agency_name': 'Unknown'}, {'duration': 30, 'departure_time': 6420, 'arrival_time': 6450, 'day': 'current_day', 'from_stop_id': 'B-2', 'to_stop_id': 'B-0', 'trip_id': 'walking', 'agency_name': 'Unknown'}, {'duration': 1800, 'departure_time': 7500, 'arrival_time': 9300, 'day': 'current_day', 'from_stop_id': 'B-0', 'to_stop_id': 'A-0', 'trip_id': 'IE-5-1', 'agency_name': 'Unknown'}, {'duration': 30, 'departure_time': 9300, 'arrival_time': 9330, 'day': 'current_day', 'from_stop_id': 'A-0', 'to_stop_id': 'A-1', 'trip_id': 'walking', 'agency_name': 'Unknown'}, {'duration': 270, 'departure_time': 9720, 'arrival_time': 9990, 'day': 'current_day', 'from_stop_id': 'A-1', 'to_stop_id': '56-1', 'trip_id': '1-1-10', 'agency_name': 'Unknown'}]}",4515.0
149,73,3690,inter,right,539,[148],[55],500,375,1000,751,4065,4125.0,8280.0,8340.0,4155.0,4.0,148,55,,,pt,9091.0,5401.0,"{'duration': 4155, 'source_transfer_time': 0, 'waiting_time': 225, 'trip_time': 3930, 'num_transfers': 4, 'departure_time': 4125, 'departure_day': 'current_day', 'arrival_time': 8280, 'arrival_day': 'current_day', 'steps': [{'duration': 270, 'departure_time': 4350, 'arrival_time': 4620, 'day': 'current_day', 'from_stop_id': '148-2', 'to_stop_id': 'B-2', 'trip_id': '4-1-1', 'agency_name': 'Unknown'}, {'duration': 30, 'departure_time': 4620, 'arrival_time': 4650, 'day': 'current_day', 'from_stop_id': 'B-2', 'to_stop_id': 'B-0', 'trip_id': 'walking', 'agency_name': 'Unknown'}, {'duration': 1800, 'departure_time': 6000, 'arrival_time': 7800, 'day': 'current_day', 'from_stop_id': 'B-0', 'to_stop_id': 'A-0', 'trip_id': 'IE-4-1', 'agency_name': 'Unknown'}, {'duration': 30, 'departure_time': 7800, 'arrival_time': 7830, 'day': 'current_day', 'from_stop_id': 'A-0', 'to_stop_id': 'A-1', 'trip_id': 'walking', 'agency_name': 'Unknown'}, {'duration': 360, 'departure_time': 7920, 'arrival_time': 8280, 'day': 'current_day', 'from_stop_id': 'A-1', 'to_stop_id': '55-1', 'trip_id': '1-1-7', 'agency_name': 'Unknown'}]}",5401.0
138,53,12450,inter,right,540,[137],[61],500,375,500,375,12825,12885.0,17370.0,17430.0,4485.0,4.0,137,61,,,pt,17805.0,5355.0,"{'duration': 4485, 'source_transfer_time': 0, 'waiting_time': 375, 'trip_time': 4110, 'num_transfers': 4, 'departure_time': 12885, 'departure_day': 'current_day', 'arrival_time': 17370, 'arrival_day': 'current_day', 'steps': [{'duration': 360, 'departure_time': 13260, 'arrival_time': 13620, 'day': 'current_day', 'from_stop_id': '137-2', 'to_stop_id': 'B-2', 'trip_id': '4-1-16', 'agency_name': 'Unknown'}, {'duration': 30, 'departure_time': 13620, 'arrival_time': 13650, 'day': 'current_day', 'from_stop_id': 'B-2', 'to_stop_id': 'B-0', 'trip_id': 'walking', 'agency_name': 'Unknown'}, {'duration': 1800, 'departure_time': 15000, 'arrival_time': 16800, 'day': 'current_day', 'from_stop_id': 'B-0', 'to_stop_id': 'A-0', 'trip_id': 'IE-10-1', 'agency_name': 'Unknown'}, {'duration': 30, 'departure_time': 16800, 'arrival_time': 16830, 'day': 'current_day', 'from_stop_id': 'A-0', 'to_stop_id': 'A-1', 'trip_id': 'walking', 'agency_name': 'Unknown'}, {'duration': 450, 'departure_time': 16920, 'arrival_time': 17370, 'day': 'current_day', 'from_stop_id': 'A-1', 'to_stop_id': '61-1', 'trip_id': '1-0-22', 'agency_name': 'Unknown'}]}",5355.0
200,85,11070,inter,right,541,[179; 198],[56; 88],1000,751,1500,1127,11821,11881.0,15690.0,15750.0,3809.0,4.0,179,88,,,pt,16877.0,5807.0,"{'duration': 3809, 'source_transfer_time': 0, 'waiting_time': 59, 'trip_time': 3750, 'num_transfers': 4, 'departure_time': 11881, 'departure_day': 'current_day', 'arrival_time': 15690, 'arrival_day': 'current_day', 'steps': [{'duration': 180, 'departure_time': 11940, 'arrival_time': 12120, 'day': 'current_day', 'from_stop_id': '179-1', 'to_stop_id': 'B-1', 'trip_id': '3-1-14', 'agency_name': 'Unknown'}, {'duration': 30, 'departure_time': 12120, 'arrival_time': 12150, 'day': 'current_day', 'from_stop_id': 'B-1', 'to_stop_id': 'B-0', 'trip_id': 'walking', 'agency_name': 'Unknown'}, {'duration': 1800, 'departure_time': 13500, 'arrival_time': 15300, 'day': 'current_day', 'from_stop_id': 'B-0', 'to_stop_id': 'A-0', 'trip_id': 'IE-9-1', 'agency_name': 'Unknown'}, {'duration': 30, 'departure_time': 15300, 'arrival_time': 15330, 'day': 'current_day', 'from_stop_id': 'A-0', 'to_stop_id': 'A-2', 'trip_id': 'walking', 'agency_name': 'Unknown'}, {'duration': 270, 'departure_time': 15420, 'arrival_time': 15690, 'day': 'current_day', 'from_stop_id': 'A-2', 'to_stop_id': '88-2', 'trip_id': '2-1-19', 'agency_name': 'Unknown'}]}",5807.0
212,42,7290,inter,right,542,[180; 209],[60],1500,1127,1000,751,8417,8477.0,11280.0,11340.0,2803.0,4.0,209,60,,,pt,12091.0,4801.0,"{'duration': 2803, 'source_transfer_time': 0, 'waiting_time': 73, 'trip_time': 2730, 'num_transfers': 4, 'departure_time': 8477, 'departure_day': 'current_day', 'arrival_time': 11280, 'arrival_day': 'current_day', 'steps': [{'duration': 270, 'departure_time': 8550, 'arrival_time': 8820, 'day': 'current_day', 'from_stop_id': '209-2', 'to_stop_id': 'B-2', 'trip_id': '4-0-8', 'agency_name': 'Unknown'}, {'duration': 30, 'departure_time': 8820, 'arrival_time': 8850, 'day': 'current_day', 'from_stop_id': 'B-2', 'to_stop_id': 'B-0', 'trip_id': 'walking', 'agency_name': 'Unknown'}, {'duration': 1800, 'departure_time': 9000, 'arrival_time': 10800, 'day': 'current_day', 'from_stop_id': 'B-0', 'to_stop_id': 'A-0', 'trip_id': 'IE-6-1', 'agency_name': 'Unknown'}, {'duration': 30, 'departure_time': 10800, 'arrival_time': 10830, 'day': 'current_day', 'from_stop_id': 'A-0', 'to_stop_id': 'A-1', 'trip_id': 'walking', 'agency_name': 'Unknown'}, {'duration': 360, 'departure_time': 10920, 'arrival_time': 11280, 'day': 'current_day', 'from_stop_id': 'A-1', 'to_stop_id': '60-1', 'trip_id': '1-0-12', 'agency_name': 'Unknown'}]}",4801.0
216,89,10140,inter,right,543,[176; 220],[88],2000,1503,500,375,11643,11703.0,15690.0,15750.0,3987.0,4.0,176,88,,,pt,16125.0,5985.0,"{'duration': 3987, 'source_transfer_time': 0, 'waiting_time': 57, 'trip_time': 3930, 'num_transfers': 4, 'departure_time': 11703, 'departure_day': 'current_day', 'arrival_time': 15690, 'arrival_day': 'current_day', 'steps': [{'duration': 360, 'departure_time': 11760, 'arrival_time': 12120, 'day': 'current_day', 'from_stop_id': '176-1', 'to_stop_id': 'B-1', 'trip_id': '3-0-14', 'agency_name': 'Unknown'}, {'duration': 30, 'departure_time': 12120, 'arrival_time': 12150, 'day': 'current_day', 'from_stop_id': 'B-1', 'to_stop_id': 'B-0', 'trip_id': 'walking', 'agency_name': 'Unknown'}, {'duration': 1800, 'departure_time': 13500, 'arrival_time': 15300, 'day': 'current_day', 'from_stop_id': 'B-0', 'to_stop_id': 'A-0', 'trip_id': 'IE-9-1', 'agency_name': 'Unknown'}, {'duration': 30, 'departure_time': 15300, 'arrival_time': 15330, 'day': 'current_day', 'from_stop_id': 'A-0', 'to_stop_id': 'A-2', 'trip_id': 'walking', 'agency_name': 'Unknown'}, {'duration': 270, 'departure_time': 15420, 'arrival_time': 15690, 'day': 'current_day', 'from_stop_id': 'A-2', 'to_stop_id': '88-2', 'trip_id': '2-1-19', 'agency_name': 'Unknown'}]}",5985.0
164,38,12930,inter,right,544,[182],[38],1000,751,0,0,13681,13741.0,17400.0,17460.0,3659.0,4.0,182,38,,,pt,17460.0,4530.0,"{'duration': 3659, 'source_transfer_time': 0, 'waiting_time': 329, 'trip_time': 3330, 'num_transfers': 4, 'departure_time': 13741, 'departure_day': 'current_day', 'arrival_time': 17400, 'arrival_day': 'current_day', 'steps': [{'duration': 450, 'departure_time': 14070, 'arrival_time': 14520, 'day': 'current_day', 'from_stop_id': '182-1', 'to_stop_id': 'B-1', 'trip_id': '3-1-18', 'agency_name': 'Unknown'}, {'duration': 30, 'departure_time': 14520, 'arrival_time': 14550, 'day': 'current_day', 'from_stop_id': 'B-1', 'to_stop_id': 'B-0', 'trip_id': 'walking', 'agency_name': 'Unknown'}, {'duration': 1800, 'departure_time': 15000, 'arrival_time': 16800, 'day': 'current_day', 'from_stop_id': 'B-0', 'to_stop_id': 'A-0', 'trip_id': 'IE-10-1', 'agency_name': 'Unknown'}, {'duration': 30, 'departure_time': 16800, 'arrival_time': 16830, 'day': 'current_day', 'from_stop_id': 'A-0', 'to_stop_id': 'A-2', 'trip_id': 'walking', 'agency_name': 'Unknown'}, {'duration': 180, 'departure_time': 17220, 'arrival_time': 17400, 'day': 'current_day', 'from_stop_id': 'A-2', 'to_stop_id': '38-2', 'trip_id': '2-0-22', 'agency_name': 'Unknown'}]}",4530.0
188,95,13230,inter,right,545,[239; 240],[55; 99],500,375,2000,1503,13605,13665.0,17280.0,17340.0,3615.0,4.0,239,55,,,pt,18843.0,5613.0,"{'duration': 3615, 'source_transfer_time': 0, 'waiting_time': 165, 'trip_time': 3450, 'num_transfers': 4, 'departure_time': 13665, 'departure_day': 'current_day', 'arrival_time': 17280, 'arrival_day': 'current_day', 'steps': [{'duration': 90, 'departure_time': 13830, 'arrival_time': 13920, 'day': 'current_day', 'from_stop_id': '239-1', 'to_stop_id': 'B-1', 'trip_id': '3-1-17', 'agency_name': 'Unknown'}, {'duration': 30, 'departure_time': 13920, 'arrival_time': 13950, 'day': 'current_day', 'from_stop_id': 'B-1', 'to_stop_id': 'B-0', 'trip_id': 'walking', 'agency_name': 'Unknown'}, {'duration': 1800, 'departure_time': 15000, 'arrival_time': 16800, 'day': 'current_day', 'from_stop_id': 'B-0', 'to_stop_id': 'A-0', 'trip_id': 'IE-10-1', 'agency_name': 'Unknown'}, {'duration': 30, 'departure_time': 16800, 'arrival_time': 16830, 'day': 'current_day', 'from_stop_id': 'A-0', 'to_stop_id': 'A-1', 'trip_id': 'walking', 'agency_name': 'Unknown'}, {'duration': 360, 'departure_time': 16920, 'arrival_time': 17280, 'day': 'current_day', 'from_stop_id': 'A-1', 'to_stop_id': '55-1', 'trip_id': '1-1-22', 'agency_name': 'Unknown'}]}",5613.0
144,56,4770,inter,right,546,[176],[56],1500,1127,0,0,5897,5957.0,9990.0,10050.0,4033.0,4.0,176,56,,,pt,10050.0,5280.0,"{'duration': 4033, 'source_transfer_time': 0, 'waiting_time': 403, 'trip_time': 3630, 'num_transfers': 4, 'departure_time': 5957, 'departure_day': 'current_day', 'arrival_time': 9990, 'arrival_day': 'current_day', 'steps': [{'duration': 360, 'departure_time': 6360, 'arrival_time': 6720, 'day': 'current_day', 'from_stop_id': '176-1', 'to_stop_id': 'B-1', 'trip_id': '3-0-5', 'agency_name': 'Unknown'}, {'duration': 30, 'departure_time': 6720, 'arrival_time': 6750, 'day': 'current_day', 'from_stop_id': 'B-1', 'to_stop_id': 'B-0', 'trip_id': 'walking', 'agency_name': 'Unknown'}, {'duration': 1800, 'departure_time': 7500, 'arrival_time': 9300, 'day': 'current_day', 'from_stop_id': 'B-0', 'to_stop_id': 'A-0', 'trip_id': 'IE-5-1', 'agency_name': 'Unknown'}, {'duration': 30, 'departure_time': 9300, 'arrival_time': 9330, 'day': 'current_day', 'from_stop_id': 'A-0', 'to_stop_id': 'A-1', 'trip_id': 'walking', 'agency_name': 'Unknown'}, {'duration': 270, 'departure_time': 9720, 'arrival_time': 9990, 'day': 'current_day', 'from_stop_id': 'A-1', 'to_stop_id': '56-1', 'trip_id': '1-1-10', 'agency_name': 'Unknown'}]}",5280.0
223,73,12270,inter,right,547,[220],[55],1500,1127,1000,751,13397,13457.0,17280.0,17340.0,3823.0,4.0,220,55,,,pt,18091.0,5821.0,"{'duration': 3823, 'source_transfer_time': 0, 'waiting_time': 403, 'trip_time': 3420, 'num_transfers': 4, 'departure_time': 13457, 'departure_day': 'current_day', 'arrival_time': 17280, 'arrival_day': 'current_day', 'steps': [{'duration': 360, 'departure_time': 13860, 'arrival_time': 14220, 'day': 'current_day', 'from_stop_id': '220-2', 'to_stop_id': 'B-2', 'trip_id': '4-0-17', 'agency_name': 'Unknown'}, {'duration': 30, 'departure_time': 14220, 'arrival_time': 14250, 'day': 'current_day', 'from_stop_id': 'B-2', 'to_stop_id': 'B-0', 'trip_id': 'walking', 'agency_name': 'Unknown'}, {'duration': 1800, 'departure_time': 15000, 'arrival_time': 16800, 'day': 'current_day', 'from_stop_id': 'B-0', 'to_stop_id': 'A-0', 'trip_id': 'IE-10-1', 'agency_name': 'Unknown'}, {'duration': 30, 'departure_time': 16800, 'arrival_time': 16830, 'day': 'current_day', 'from_stop_id': 'A-0', 'to_stop_id': 'A-1', 'trip_id': 'walking', 'agency_name': 'Unknown'}, {'duration': 360, 'departure_time': 16920, 'arrival_time': 17280, 'day': 'current_day', 'from_stop_id': 'A-1', 'to_stop_id': '55-1', 'trip_id': '1-1-22', 'agency_name': 'Unknown'}]}",5821.0
168,72,8100,inter,right,548,[178],[54],500,375,1000,751,8475,8535.0,13170.0,13230.0,4635.0,4.0,178,54,,,pt,13981.0,5881.0,"{'duration': 4635, 'source_transfer_time': 0, 'waiting_time': 405, 'trip_time': 4230, 'num_transfers': 4, 'departure_time': 8535, 'departure_day': 'current_day', 'arrival_time': 13170, 'arrival_day': 'current_day', 'steps': [{'duration': 180, 'departure_time': 8940, 'arrival_time': 9120, 'day': 'current_day', 'from_stop_id': '178-1', 'to_stop_id': 'B-1', 'trip_id': '3-0-9', 'agency_name': 'Unknown'}, {'duration': 30, 'departure_time': 9120, 'arrival_time': 9150, 'day': 'current_day', 'from_stop_id': 'B-1', 'to_stop_id': 'B-0', 'trip_id': 'walking', 'agency_name': 'Unknown'}, {'duration': 1800, 'departure_time': 10500, 'arrival_time': 12300, 'day': 'current_day', 'from_stop_id': 'B-0', 'to_stop_id': 'A-0', 'trip_id': 'IE-7-1', 'agency_name': 'Unknown'}, {'duration': 30, 'departure_time': 12300, 'arrival_time': 12330, 'day': 'current_day', 'from_stop_id': 'A-0', 'to_stop_id': 'A-1', 'trip_id': 'walking', 'agency_name': 'Unknown'}, {'duration': 450, 'departure_time': 12720, 'arrival_time': 13170, 'day': 'current_day', 'from_stop_id': 'A-1', 'to_stop_id': '54-1', 'trip_id': '1-1-15', 'agency_name': 'Unknown'}]}",5881.0
235,108,11460,inter,right,549,[231],[110],2000,1503,1000,751,12963,13023.0,17670.0,17730.0,4647.0,4.0,231,110,,,pt,18481.0,7021.0,"{'duration': 4647, 'source_transfer_time': 0, 'waiting_time': 147, 'trip_time': 4500, 'num_transfers': 4, 'departure_time': 13023, 'departure_day': 'current_day', 'arrival_time': 17670, 'arrival_day': 'current_day', 'steps': [{'duration': 450, 'departure_time': 13170, 'arrival_time': 13620, 'day': 'current_day', 'from_stop_id': '231-2', 'to_stop_id': 'B-2', 'trip_id': '4-0-16', 'agency_name': 'Unknown'}, {'duration': 30, 'departure_time': 13620, 'arrival_time': 13650, 'day': 'current_day', 'from_stop_id': 'B-2', 'to_stop_id': 'B-0', 'trip_id': 'walking', 'agency_name': 'Unknown'}, {'duration': 1800, 'departure_time': 15000, 'arrival_time': 16800, 'day': 'current_day', 'from_stop_id': 'B-0', 'to_stop_id': 'A-0', 'trip_id': 'IE-10-1', 'agency_name': 'Unknown'}, {'duration': 30, 'departure_time': 16800, 'arrival_time': 16830, 'day': 'current_day', 'from_stop_id': 'A-0', 'to_stop_id': 'A-2', 'trip_id': 'walking', 'agency_name': 'Unknown'}, {'duration': 450, 'departure_time': 17220, 'arrival_time': 17670, 'day': 'current_day', 'from_stop_id': 'A-2', 'to_stop_id': '110-2', 'trip_id': '2-1-22', 'agency_name': 'Unknown'}]}",7021.0
160,72,7830,inter,right,550,[159],[54],500,375,1000,751,8205,8265.0,11370.0,11430.0,3105.0,4.0,159,54,,,pt,12181.0,4351.0,"{'duration': 3105, 'source_transfer_time': 0, 'waiting_time': 375, 'trip_time': 2730, 'num_transfers': 4, 'departure_time': 8265, 'departure_day': 'current_day', 'arrival_time': 11370, 'arrival_day': 'current_day', 'steps': [{'duration': 180, 'departure_time': 8640, 'arrival_time': 8820, 'day': 'current_day', 'from_stop_id': '159-2', 'to_stop_id': 'B-2', 'trip_id': '4-1-8', 'agency_name': 'Unknown'}, {'duration': 30, 'departure_time': 8820, 'arrival_time': 8850, 'day': 'current_day', 'from_stop_id': 'B-2', 'to_stop_id': 'B-0', 'trip_id': 'walking', 'agency_name': 'Unknown'}, {'duration': 1800, 'departure_time': 9000, 'arrival_time': 10800, 'day': 'current_day', 'from_stop_id': 'B-0', 'to_stop_id': 'A-0', 'trip_id': 'IE-6-1', 'agency_name': 'Unknown'}, {'duration': 30, 'departure_time': 10800, 'arrival_time': 10830, 'day': 'current_day', 'from_stop_id': 'A-0', 'to_stop_id': 'A-1', 'trip_id': 'walking', 'agency_name': 'Unknown'}, {'duration': 450, 'departure_time': 10920, 'arrival_time': 11370, 'day': 'current_day', 'from_stop_id': 'A-1', 'to_stop_id': '54-1', 'trip_id': '1-1-12', 'agency_name': 'Unknown'}]}",4351.0
140,27,5040,inter,right,551,[137],[27],1500,1127,0,0,6167,6227.0,9690.0,9750.0,3463.0,4.0,137,27,,,pt,9750.0,4710.0,"{'duration': 3463, 'source_transfer_time': 0, 'waiting_time': 433, 'trip_time': 3030, 'num_transfers': 4, 'departure_time': 6227, 'departure_day': 'current_day', 'arrival_time': 9690, 'arrival_day': 'current_day', 'steps': [{'duration': 360, 'departure_time': 6660, 'arrival_time': 7020, 'day': 'current_day', 'from_stop_id': '137-2', 'to_stop_id': 'B-2', 'trip_id': '4-1-5', 'agency_name': 'Unknown'}, {'duration': 30, 'departure_time': 7020, 'arrival_time': 7050, 'day': 'current_day', 'from_stop_id': 'B-2', 'to_stop_id': 'B-0', 'trip_id': 'walking', 'agency_name': 'Unknown'}, {'duration': 1800, 'departure_time': 7500, 'arrival_time': 9300, 'day': 'current_day', 'from_stop_id': 'B-0', 'to_stop_id': 'A-0', 'trip_id': 'IE-5-1', 'agency_name': 'Unknown'}, {'duration': 30, 'departure_time': 9300, 'arrival_time': 9330, 'day': 'current_day', 'from_stop_id': 'A-0', 'to_stop_id': 'A-2', 'trip_id': 'walking', 'agency_name': 'Unknown'}, {'duration': 270, 'departure_time': 9420, 'arrival_time': 9690, 'day': 'current_day', 'from_stop_id': 'A-2', 'to_stop_id': '27-2', 'trip_id': '2-0-9', 'agency_name': 'Unknown'}]}",4710.0
133,18,8610,inter,right,552,[137; 176],[16],2000,1503,1000,751,10113,10173.0,14580.0,14640.0,4407.0,4.0,137,16,,,pt,15391.0,6781.0,"{'duration': 4407, 'source_transfer_time': 0, 'waiting_time': 87, 'trip_time': 4320, 'num_transfers': 4, 'departure_time': 10173, 'departure_day': 'current_day', 'arrival_time': 14580, 'arrival_day': 'current_day', 'steps': [{'duration': 360, 'departure_time': 10260, 'arrival_time': 10620, 'day': 'current_day', 'from_stop_id': '137-2', 'to_stop_id': 'B-2', 'trip_id': '4-1-11', 'agency_name': 'Unknown'}, {'duration': 30, 'departure_time': 10620, 'arrival_time': 10650, 'day': 'current_day', 'from_stop_id': 'B-2', 'to_stop_id': 'B-0', 'trip_id': 'walking', 'agency_name': 'Unknown'}, {'duration': 1800, 'departure_time': 12000, 'arrival_time': 13800, 'day': 'current_day', 'from_stop_id': 'B-0', 'to_stop_id': 'A-0', 'trip_id': 'IE-8-1', 'agency_name': 'Unknown'}, {'duration': 30, 'departure_time': 13800, 'arrival_time': 13830, 'day': 'current_day', 'from_stop_id': 'A-0', 'to_stop_id': 'A-2', 'trip_id': 'walking', 'agency_name': 'Unknown'}, {'duration': 360, 'departure_time': 14220, 'arrival_time': 14580, 'day': 'current_day', 'from_stop_id': 'A-2', 'to_stop_id': '16-2', 'trip_id': '2-0-17', 'agency_name': 'Unknown'}]}",6781.0
220,8,12780,inter,right,553,[220],[5],0,0,1500,1127,12780,12840.0,17670.0,17730.0,4830.0,4.0,220,5,,,pt,18857.0,6077.0,"{'duration': 4830, 'source_transfer_time': 0, 'waiting_time': 420, 'trip_time': 4410, 'num_transfers': 4, 'departure_time': 12840, 'departure_day': 'current_day', 'arrival_time': 17670, 'arrival_day': 'current_day', 'steps': [{'duration': 360, 'departure_time': 13260, 'arrival_time': 13620, 'day': 'current_day', 'from_stop_id': '220-2', 'to_stop_id': 'B-2', 'trip_id': '4-0-16', 'agency_name': 'Unknown'}, {'duration': 30, 'departure_time': 13620, 'arrival_time': 13650, 'day': 'current_day', 'from_stop_id': 'B-2', 'to_stop_id': 'B-0', 'trip_id': 'walking', 'agency_name': 'Unknown'}, {'duration': 1800, 'departure_time': 15000, 'arrival_time': 16800, 'day': 'current_day', 'from_stop_id': 'B-0', 'to_stop_id': 'A-0', 'trip_id': 'IE-10-1', 'agency_name': 'Unknown'}, {'duration': 30, 'departure_time': 16800, 'arrival_time': 16830, 'day': 'current_day', 'from_stop_id': 'A-0', 'to_stop_id': 'A-2', 'trip_id': 'walking', 'agency_name': 'Unknown'}, {'duration': 450, 'departure_time': 17220, 'arrival_time': 17670, 'day': 'current_day', 'from_stop_id': 'A-2', 'to_stop_id': '5-2', 'trip_id': '2-0-22', 'agency_name': 'Unknown'}]}",6077.0
167,104,7320,inter,right,554,[177],[61],500,375,2000,1503,7695,7755.0,11370.0,11430.0,3615.0,4.0,177,61,,,pt,12933.0,5613.0,"{'duration': 3615, 'source_transfer_time': 0, 'waiting_time': 495, 'trip_time': 3120, 'num_transfers': 4, 'departure_time': 7755, 'departure_day': 'current_day', 'arrival_time': 11370, 'arrival_day': 'current_day', 'steps': [{'duration': 270, 'departure_time': 8250, 'arrival_time': 8520, 'day': 'current_day', 'from_stop_id': '177-1', 'to_stop_id': 'B-1', 'trip_id': '3-0-8', 'agency_name': 'Unknown'}, {'duration': 30, 'departure_time': 8520, 'arrival_time': 8550, 'day': 'current_day', 'from_stop_id': 'B-1', 'to_stop_id': 'B-0', 'trip_id': 'walking', 'agency_name': 'Unknown'}, {'duration': 1800, 'departure_time': 9000, 'arrival_time': 10800, 'day': 'current_day', 'from_stop_id': 'B-0', 'to_stop_id': 'A-0', 'trip_id': 'IE-6-1', 'agency_name': 'Unknown'}, {'duration': 30, 'departure_time': 10800, 'arrival_time': 10830, 'day': 'current_day', 'from_stop_id': 'A-0', 'to_stop_id': 'A-1', 'trip_id': 'walking', 'agency_name': 'Unknown'}, {'duration': 450, 'departure_time': 10920, 'arrival_time': 11370, 'day': 'current_day', 'from_stop_id': 'A-1', 'to_stop_id': '61-1', 'trip_id': '1-0-12', 'agency_name': 'Unknown'}]}",5613.0
138,115,7890,inter,right,555,[137],[61; 110],500,375,2500,1879,8265,8325.0,11370.0,11430.0,3045.0,4.0,137,61,,,pt,13309.0,5419.0,"{'duration': 3045, 'source_transfer_time': 0, 'waiting_time': 135, 'trip_time': 2910, 'num_transfers': 4, 'departure_time': 8325, 'departure_day': 'current_day', 'arrival_time': 11370, 'arrival_day': 'current_day', 'steps': [{'duration': 360, 'departure_time': 8460, 'arrival_time': 8820, 'day': 'current_day', 'from_stop_id': '137-2', 'to_stop_id': 'B-2', 'trip_id': '4-1-8', 'agency_name': 'Unknown'}, {'duration': 30, 'departure_time': 8820, 'arrival_time': 8850, 'day': 'current_day', 'from_stop_id': 'B-2', 'to_stop_id': 'B-0', 'trip_id': 'walking', 'agency_name': 'Unknown'}, {'duration': 1800, 'departure_time': 9000, 'arrival_time': 10800, 'day': 'current_day', 'from_stop_id': 'B-0', 'to_stop_id': 'A-0', 'trip_id': 'IE-6-1', 'agency_name': 'Unknown'}, {'duration': 30, 'departure_time': 10800, 'arrival_time': 10830, 'day': 'current_day', 'from_stop_id': 'A-0', 'to_stop_id': 'A-1', 'trip_id': 'walking', 'agency_name': 'Unknown'}, {'duration': 450, 'departure_time': 10920, 'arrival_time': 11370, 'day': 'current_day', 'from_stop_id': 'A-1', 'to_stop_id': '61-1', 'trip_id': '1-0-12', 'agency_name': 'Unknown'}]}",5419.0
141,54,6780,inter,right,556,[137; 181],[54],2000,1503,0,0,8283,8343.0,11370.0,11430.0,3027.0,4.0,137,54,,,pt,11430.0,4650.0,"{'duration': 3027, 'source_transfer_time': 0, 'waiting_time': 117, 'trip_time': 2910, 'num_transfers': 4, 'departure_time': 8343, 'departure_day': 'current_day', 'arrival_time': 11370, 'arrival_day': 'current_day', 'steps': [{'duration': 360, 'departure_time': 8460, 'arrival_time': 8820, 'day': 'current_day', 'from_stop_id': '137-2', 'to_stop_id': 'B-2', 'trip_id': '4-1-8', 'agency_name': 'Unknown'}, {'duration': 30, 'departure_time': 8820, 'arrival_time': 8850, 'day': 'current_day', 'from_stop_id': 'B-2', 'to_stop_id': 'B-0', 'trip_id': 'walking', 'agency_name': 'Unknown'}, {'duration': 1800, 'departure_time': 9000, 'arrival_time': 10800, 'day': 'current_day', 'from_stop_id': 'B-0', 'to_stop_id': 'A-0', 'trip_id': 'IE-6-1', 'agency_name': 'Unknown'}, {'duration': 30, 'departure_time': 10800, 'arrival_time': 10830, 'day': 'current_day', 'from_stop_id': 'A-0', 'to_stop_id': 'A-1', 'trip_id': 'walking', 'agency_name': 'Unknown'}, {'duration': 450, 'departure_time': 10920, 'arrival_time': 11370, 'day': 'current_day', 'from_stop_id': 'A-1', 'to_stop_id': '54-1', 'trip_id': '1-1-12', 'agency_name': 'Unknown'}]}",4650.0
140,31,4350,inter,right,557,[137],[60],1500,1127,1500,1127,5477,5537.0,10080.0,10140.0,4543.0,4.0,137,60,,,pt,11267.0,6917.0,"{'duration': 4543, 'source_transfer_time': 0, 'waiting_time': 523, 'trip_time': 4020, 'num_transfers': 4, 'departure_time': 5537, 'departure_day': 'current_day', 'arrival_time': 10080, 'arrival_day': 'current_day', 'steps': [{'duration': 360, 'departure_time': 6060, 'arrival_time': 6420, 'day': 'current_day', 'from_stop_id': '137-2', 'to_stop_id': 'B-2', 'trip_id': '4-1-4', 'agency_name': 'Unknown'}, {'duration': 30, 'departure_time': 6420, 'arrival_time': 6450, 'day': 'current_day', 'from_stop_id': 'B-2', 'to_stop_id': 'B-0', 'trip_id': 'walking', 'agency_name': 'Unknown'}, {'duration': 1800, 'departure_time': 7500, 'arrival_time': 9300, 'day': 'current_day', 'from_stop_id': 'B-0', 'to_stop_id': 'A-0', 'trip_id': 'IE-5-1', 'agency_name': 'Unknown'}, {'duration': 30, 'departure_time': 9300, 'arrival_time': 9330, 'day': 'current_day', 'from_stop_id': 'A-0', 'to_stop_id': 'A-1', 'trip_id': 'walking', 'agency_name': 'Unknown'}, {'duration': 360, 'departure_time': 9720, 'arrival_time': 10080, 'day': 'current_day', 'from_stop_id': 'A-1', 'to_stop_id': '60-1', 'trip_id': '1-0-10', 'agency_name': 'Unknown'}]}",6917.0
156,26,10140,inter,right,558,[177],[27],1000,751,500,375,10891,10951.0,14490.0,14550.0,3539.0,4.0,177,27,,,pt,14925.0,4785.0,"{'duration': 3539, 'source_transfer_time': 0, 'waiting_time': 299, 'trip_time': 3240, 'num_transfers': 4, 'departure_time': 10951, 'departure_day': 'current_day', 'arrival_time': 14490, 'arrival_day': 'current_day', 'steps': [{'duration': 270, 'departure_time': 11250, 'arrival_time': 11520, 'day': 'current_day', 'from_stop_id': '177-1', 'to_stop_id': 'B-1', 'trip_id': '3-0-13', 'agency_name': 'Unknown'}, {'duration': 30, 'departure_time': 11520, 'arrival_time': 11550, 'day': 'current_day', 'from_stop_id': 'B-1', 'to_stop_id': 'B-0', 'trip_id': 'walking', 'agency_name': 'Unknown'}, {'duration': 1800, 'departure_time': 12000, 'arrival_time': 13800, 'day': 'current_day', 'from_stop_id': 'B-0', 'to_stop_id': 'A-0', 'trip_id': 'IE-8-1', 'agency_name': 'Unknown'}, {'duration': 30, 'departure_time': 13800, 'arrival_time': 13830, 'day': 'current_day', 'from_stop_id': 'A-0', 'to_stop_id': 'A-2', 'trip_id': 'walking', 'agency_name': 'Unknown'}, {'duration': 270, 'departure_time': 14220, 'arrival_time': 14490, 'day': 'current_day', 'from_stop_id': 'A-2', 'to_stop_id': '27-2', 'trip_id': '2-0-17', 'agency_name': 'Unknown'}]}",4785.0
233,25,14130,inter,right,559,[231],[27],1000,751,1000,751,14881,14941.0,18690.0,18750.0,3749.0,4.0,231,27,,,pt,19501.0,5371.0,"{'duration': 3749, 'source_transfer_time': 0, 'waiting_time': 29, 'trip_time': 3720, 'num_transfers': 4, 'departure_time': 14941, 'departure_day': 'current_day', 'arrival_time': 18690, 'arrival_day': 'current_day', 'steps': [{'duration': 450, 'departure_time': 14970, 'arrival_time': 15420, 'day': 'current_day', 'from_stop_id': '231-2', 'to_stop_id': 'B-2', 'trip_id': '4-0-19', 'agency_name': 'Unknown'}, {'duration': 30, 'departure_time': 15420, 'arrival_time': 15450, 'day': 'current_day', 'from_stop_id': 'B-2', 'to_stop_id': 'B-0', 'trip_id': 'walking', 'agency_name': 'Unknown'}, {'duration': 1800, 'departure_time': 16500, 'arrival_time': 18300, 'day': 'current_day', 'from_stop_id': 'B-0', 'to_stop_id': 'A-0', 'trip_id': 'IE-11-1', 'agency_name': 'Unknown'}, {'duration': 30, 'departure_time': 18300, 'arrival_time': 18330, 'day': 'current_day', 'from_stop_id': 'A-0', 'to_stop_id': 'A-2', 'trip_id': 'walking', 'agency_name': 'Unknown'}, {'duration': 270, 'departure_time': 18420, 'arrival_time': 18690, 'day': 'current_day', 'from_stop_id': 'A-2', 'to_stop_id': '27-2', 'trip_id': '2-0-24', 'agency_name': 'Unknown'}]}",5371.0
229,97,11190,inter,right,560,[231],[99],1000,751,1000,751,11941,12001.0,15780.0,15840.0,3779.0,4.0,231,99,,,pt,16591.0,5401.0,"{'duration': 3779, 'source_transfer_time': 0, 'waiting_time': 569, 'trip_time': 3210, 'num_transfers': 4, 'departure_time': 12001, 'departure_day': 'current_day', 'arrival_time': 15780, 'arrival_day': 'current_day', 'steps': [{'duration': 450, 'departure_time': 12570, 'arrival_time': 13020, 'day': 'current_day', 'from_stop_id': '231-2', 'to_stop_id': 'B-2', 'trip_id': '4-0-15', 'agency_name': 'Unknown'}, {'duration': 30, 'departure_time': 13020, 'arrival_time': 13050, 'day': 'current_day', 'from_stop_id': 'B-2', 'to_stop_id': 'B-0', 'trip_id': 'walking', 'agency_name': 'Unknown'}, {'duration': 1800, 'departure_time': 13500, 'arrival_time': 15300, 'day': 'current_day', 'from_stop_id': 'B-0', 'to_stop_id': 'A-0', 'trip_id': 'IE-9-1', 'agency_name': 'Unknown'}, {'duration': 30, 'departure_time': 15300, 'arrival_time': 15330, 'day': 'current_day', 'from_stop_id': 'A-0', 'to_stop_id': 'A-2', 'trip_id': 'walking', 'agency_name': 'Unknown'}, {'duration': 360, 'departure_time': 15420, 'arrival_time': 15780, 'day': 'current_day', 'from_stop_id': 'A-2', 'to_stop_id': '99-2', 'trip_id': '2-1-19', 'agency_name': 'Unknown'}]}",5401.0
122,32,6030,inter,right,561,[126],[61],2000,1503,1500,1127,7533,7593.0,11370.0,11430.0,3777.0,4.0,126,61,,,pt,12557.0,6527.0,"{'duration': 3777, 'source_transfer_time': 0, 'waiting_time': 177, 'trip_time': 3600, 'num_transfers': 4, 'departure_time': 7593, 'departure_day': 'current_day', 'arrival_time': 11370, 'arrival_day': 'current_day', 'steps': [{'duration': 450, 'departure_time': 7770, 'arrival_time': 8220, 'day': 'current_day', 'from_stop_id': '126-2', 'to_stop_id': 'B-2', 'trip_id': '4-1-7', 'agency_name': 'Unknown'}, {'duration': 30, 'departure_time': 8220, 'arrival_time': 8250, 'day': 'current_day', 'from_stop_id': 'B-2', 'to_stop_id': 'B-0', 'trip_id': 'walking', 'agency_name': 'Unknown'}, {'duration': 1800, 'departure_time': 9000, 'arrival_time': 10800, 'day': 'current_day', 'from_stop_id': 'B-0', 'to_stop_id': 'A-0', 'trip_id': 'IE-6-1', 'agency_name': 'Unknown'}, {'duration': 30, 'departure_time': 10800, 'arrival_time': 10830, 'day': 'current_day', 'from_stop_id': 'A-0', 'to_stop_id': 'A-1', 'trip_id': 'walking', 'agency_name': 'Unknown'}, {'duration': 450, 'departure_time': 10920, 'arrival_time': 11370, 'day': 'current_day', 'from_stop_id': 'A-1', 'to_stop_id': '61-1', 'trip_id': '1-0-12', 'agency_name': 'Unknown'}]}",6527.0
121,108,5640,inter,right,562,[126; 175],[110],2500,1879,1000,751,7519,7579.0,11670.0,11730.0,4091.0,4.0,126,110,,,pt,12481.0,6841.0,"{'duration': 4091, 'source_transfer_time': 0, 'waiting_time': 191, 'trip_time': 3900, 'num_transfers': 4, 'departure_time': 7579, 'departure_day': 'current_day', 'arrival_time': 11670, 'arrival_day': 'current_day', 'steps': [{'duration': 450, 'departure_time': 7770, 'arrival_time': 8220, 'day': 'current_day', 'from_stop_id': '126-2', 'to_stop_id': 'B-2', 'trip_id': '4-1-7', 'agency_name': 'Unknown'}, {'duration': 30, 'departure_time': 8220, 'arrival_time': 8250, 'day': 'current_day', 'from_stop_id': 'B-2', 'to_stop_id': 'B-0', 'trip_id': 'walking', 'agency_name': 'Unknown'}, {'duration': 1800, 'departure_time': 9000, 'arrival_time': 10800, 'day': 'current_day', 'from_stop_id': 'B-0', 'to_stop_id': 'A-0', 'trip_id': 'IE-6-1', 'agency_name': 'Unknown'}, {'duration': 30, 'departure_time': 10800, 'arrival_time': 10830, 'day': 'current_day', 'from_stop_id': 'A-0', 'to_stop_id': 'A-2', 'trip_id': 'walking', 'agency_name': 'Unknown'}, {'duration': 450, 'departure_time': 11220, 'arrival_time': 11670, 'day': 'current_day', 'from_stop_id': 'A-2', 'to_stop_id': '110-2', 'trip_id': '2-1-12', 'agency_name': 'Unknown'}]}",6841.0
219,3,6630,inter,right,563,[220],[5],500,375,1000,751,7005,7065.0,11670.0,11730.0,4605.0,4.0,220,5,,,pt,12481.0,5851.0,"{'duration': 4605, 'source_transfer_time': 0, 'waiting_time': 195, 'trip_time': 4410, 'num_transfers': 4, 'departure_time': 7065, 'departure_day': 'current_day', 'arrival_time': 11670, 'arrival_day': 'current_day', 'steps': [{'duration': 360, 'departure_time': 7260, 'arrival_time': 7620, 'day': 'current_day', 'from_stop_id': '220-2', 'to_stop_id': 'B-2', 'trip_id': '4-0-6', 'agency_name': 'Unknown'}, {'duration': 30, 'departure_time': 7620, 'arrival_time': 7650, 'day': 'current_day', 'from_stop_id': 'B-2', 'to_stop_id': 'B-0', 'trip_id': 'walking', 'agency_name': 'Unknown'}, {'duration': 1800, 'departure_time': 9000, 'arrival_time': 10800, 'day': 'current_day', 'from_stop_id': 'B-0', 'to_stop_id': 'A-0', 'trip_id': 'IE-6-1', 'agency_name': 'Unknown'}, {'duration': 30, 'departure_time': 10800, 'arrival_time': 10830, 'day': 'current_day', 'from_stop_id': 'A-0', 'to_stop_id': 'A-2', 'trip_id': 'walking', 'agency_name': 'Unknown'}, {'duration': 450, 'departure_time': 11220, 'arrival_time': 11670, 'day': 'current_day', 'from_stop_id': 'A-2', 'to_stop_id': '5-2', 'trip_id': '2-0-12', 'agency_name': 'Unknown'}]}",5851.0
157,113,11190,inter,right,564,[159; 178],[110],1000,751,1500,1127,11941,12001.0,15870.0,15930.0,3869.0,4.0,159,110,,,pt,17057.0,5867.0,"{'duration': 3869, 'source_transfer_time': 0, 'waiting_time': 239, 'trip_time': 3630, 'num_transfers': 4, 'departure_time': 12001, 'departure_day': 'current_day', 'arrival_time': 15870, 'arrival_day': 'current_day', 'steps': [{'duration': 180, 'departure_time': 12240, 'arrival_time': 12420, 'day': 'current_day', 'from_stop_id': '159-2', 'to_stop_id': 'B-2', 'trip_id': '4-1-14', 'agency_name': 'Unknown'}, {'duration': 30, 'departure_time': 12420, 'arrival_time': 12450, 'day': 'current_day', 'from_stop_id': 'B-2', 'to_stop_id': 'B-0', 'trip_id': 'walking', 'agency_name': 'Unknown'}, {'duration': 1800, 'departure_time': 13500, 'arrival_time': 15300, 'day': 'current_day', 'from_stop_id': 'B-0', 'to_stop_id': 'A-0', 'trip_id': 'IE-9-1', 'agency_name': 'Unknown'}, {'duration': 30, 'departure_time': 15300, 'arrival_time': 15330, 'day': 'current_day', 'from_stop_id': 'A-0', 'to_stop_id': 'A-2', 'trip_id': 'walking', 'agency_name': 'Unknown'}, {'duration': 450, 'departure_time': 15420, 'arrival_time': 15870, 'day': 'current_day', 'from_stop_id': 'A-2', 'to_stop_id': '110-2', 'trip_id': '2-1-19', 'agency_name': 'Unknown'}]}",5867.0
224,19,13080,inter,right,565,[181; 220],[16],2000,1503,1500,1127,14583,14643.0,18780.0,18840.0,4137.0,4.0,181,16,,,pt,19967.0,6887.0,"{'duration': 4137, 'source_transfer_time': 0, 'waiting_time': 117, 'trip_time': 4020, 'num_transfers': 4, 'departure_time': 14643, 'departure_day': 'current_day', 'arrival_time': 18780, 'arrival_day': 'current_day', 'steps': [{'duration': 360, 'departure_time': 14760, 'arrival_time': 15120, 'day': 'current_day', 'from_stop_id': '181-1', 'to_stop_id': 'B-1', 'trip_id': '3-1-19', 'agency_name': 'Unknown'}, {'duration': 30, 'departure_time': 15120, 'arrival_time': 15150, 'day': 'current_day', 'from_stop_id': 'B-1', 'to_stop_id': 'B-0', 'trip_id': 'walking', 'agency_name': 'Unknown'}, {'duration': 1800, 'departure_time': 16500, 'arrival_time': 18300, 'day': 'current_day', 'from_stop_id': 'B-0', 'to_stop_id': 'A-0', 'trip_id': 'IE-11-1', 'agency_name': 'Unknown'}, {'duration': 30, 'departure_time': 18300, 'arrival_time': 18330, 'day': 'current_day', 'from_stop_id': 'A-0', 'to_stop_id': 'A-2', 'trip_id': 'walking', 'agency_name': 'Unknown'}, {'duration': 360, 'departure_time': 18420, 'arrival_time': 18780, 'day': 'current_day', 'from_stop_id': 'A-2', 'to_stop_id': '16-2', 'trip_id': '2-0-24', 'agency_name': 'Unknown'}]}",6887.0
151,78,8880,inter,right,566,[148; 180],[77],1500,1127,500,375,10007,10067.0,14400.0,14460.0,4333.0,4.0,148,77,,,pt,14835.0,5955.0,"{'duration': 4333, 'source_transfer_time': 0, 'waiting_time': 283, 'trip_time': 4050, 'num_transfers': 4, 'departure_time': 10067, 'departure_day': 'current_day', 'arrival_time': 14400, 'arrival_day': 'current_day', 'steps': [{'duration': 270, 'departure_time': 10350, 'arrival_time': 10620, 'day': 'current_day', 'from_stop_id': '148-2', 'to_stop_id': 'B-2', 'trip_id': '4-1-11', 'agency_name': 'Unknown'}, {'duration': 30, 'departure_time': 10620, 'arrival_time': 10650, 'day': 'current_day', 'from_stop_id': 'B-2', 'to_stop_id': 'B-0', 'trip_id': 'walking', 'agency_name': 'Unknown'}, {'duration': 1800, 'departure_time': 12000, 'arrival_time': 13800, 'day': 'current_day', 'from_stop_id': 'B-0', 'to_stop_id': 'A-0', 'trip_id': 'IE-8-1', 'agency_name': 'Unknown'}, {'duration': 30, 'departure_time': 13800, 'arrival_time': 13830, 'day': 'current_day', 'from_stop_id': 'A-0', 'to_stop_id': 'A-2', 'trip_id': 'walking', 'agency_name': 'Unknown'}, {'duration': 180, 'departure_time': 14220, 'arrival_time': 14400, 'day': 'current_day', 'from_stop_id': 'A-2', 'to_stop_id': '77-2', 'trip_id': '2-1-17', 'agency_name': 'Unknown'}]}",5955.0
234,7,9690,inter,right,567,[231],[5],1500,1127,1000,751,10817,10877.0,14670.0,14730.0,3793.0,4.0,231,5,,,pt,15481.0,5791.0,"{'duration': 3793, 'source_transfer_time': 0, 'waiting_time': 493, 'trip_time': 3300, 'num_transfers': 4, 'departure_time': 10877, 'departure_day': 'current_day', 'arrival_time': 14670, 'arrival_day': 'current_day', 'steps': [{'duration': 450, 'departure_time': 11370, 'arrival_time': 11820, 'day': 'current_day', 'from_stop_id': '231-2', 'to_stop_id': 'B-2', 'trip_id': '4-0-13', 'agency_name': 'Unknown'}, {'duration': 30, 'departure_time': 11820, 'arrival_time': 11850, 'day': 'current_day', 'from_stop_id': 'B-2', 'to_stop_id': 'B-0', 'trip_id': 'walking', 'agency_name': 'Unknown'}, {'duration': 1800, 'departure_time': 12000, 'arrival_time': 13800, 'day': 'current_day', 'from_stop_id': 'B-0', 'to_stop_id': 'A-0', 'trip_id': 'IE-8-1', 'agency_name': 'Unknown'}, {'duration': 30, 'departure_time': 13800, 'arrival_time': 13830, 'day': 'current_day', 'from_stop_id': 'A-0', 'to_stop_id': 'A-2', 'trip_id': 'walking', 'agency_name': 'Unknown'}, {'duration': 450, 'departure_time': 14220, 'arrival_time': 14670, 'day': 'current_day', 'from_stop_id': 'A-2', 'to_stop_id': '5-2', 'trip_id': '2-0-17', 'agency_name': 'Unknown'}]}",5791.0
151,9,3750,inter,right,568,[148; 180],[5],1500,1127,2000,1503,4877,4937.0,8670.0,8730.0,3733.0,4.0,148,5,,,pt,10233.0,6483.0,"{'duration': 3733, 'source_transfer_time': 0, 'waiting_time': 13, 'trip_time': 3720, 'num_transfers': 4, 'departure_time': 4937, 'departure_day': 'current_day', 'arrival_time': 8670, 'arrival_day': 'current_day', 'steps': [{'duration': 270, 'departure_time': 4950, 'arrival_time': 5220, 'day': 'current_day', 'from_stop_id': '148-2', 'to_stop_id': 'B-2', 'trip_id': '4-1-2', 'agency_name': 'Unknown'}, {'duration': 30, 'departure_time': 5220, 'arrival_time': 5250, 'day': 'current_day', 'from_stop_id': 'B-2', 'to_stop_id': 'B-0', 'trip_id': 'walking', 'agency_name': 'Unknown'}, {'duration': 1800, 'departure_time': 6000, 'arrival_time': 7800, 'day': 'current_day', 'from_stop_id': 'B-0', 'to_stop_id': 'A-0', 'trip_id': 'IE-4-1', 'agency_name': 'Unknown'}, {'duration': 30, 'departure_time': 7800, 'arrival_time': 7830, 'day': 'current_day', 'from_stop_id': 'A-0', 'to_stop_id': 'A-2', 'trip_id': 'walking', 'agency_name': 'Unknown'}, {'duration': 450, 'departure_time': 8220, 'arrival_time': 8670, 'day': 'current_day', 'from_stop_id': 'A-2', 'to_stop_id': '5-2', 'trip_id': '2-0-7', 'agency_name': 'Unknown'}]}",6483.0
197,14,6210,inter,right,569,[198],[16],500,375,1000,751,6585,6645.0,9780.0,9840.0,3135.0,4.0,198,16,,,pt,10591.0,4381.0,"{'duration': 3135, 'source_transfer_time': 0, 'waiting_time': 195, 'trip_time': 2940, 'num_transfers': 4, 'departure_time': 6645, 'departure_day': 'current_day', 'arrival_time': 9780, 'arrival_day': 'current_day', 'steps': [{'duration': 180, 'departure_time': 6840, 'arrival_time': 7020, 'day': 'current_day', 'from_stop_id': '198-2', 'to_stop_id': 'B-2', 'trip_id': '4-0-5', 'agency_name': 'Unknown'}, {'duration': 30, 'departure_time': 7020, 'arrival_time': 7050, 'day': 'current_day', 'from_stop_id': 'B-2', 'to_stop_id': 'B-0', 'trip_id': 'walking', 'agency_name': 'Unknown'}, {'duration': 1800, 'departure_time': 7500, 'arrival_time': 9300, 'day': 'current_day', 'from_stop_id': 'B-0', 'to_stop_id': 'A-0', 'trip_id': 'IE-5-1', 'agency_name': 'Unknown'}, {'duration': 30, 'departure_time': 9300, 'arrival_time': 9330, 'day': 'current_day', 'from_stop_id': 'A-0', 'to_stop_id': 'A-2', 'trip_id': 'walking', 'agency_name': 'Unknown'}, {'duration': 360, 'departure_time': 9420, 'arrival_time': 9780, 'day': 'current_day', 'from_stop_id': 'A-2', 'to_stop_id': '16-2', 'trip_id': '2-0-9', 'agency_name': 'Unknown'}]}",4381.0
228,61,9600,inter,right,570,[231],[61],1500,1127,0,0,10727,10787.0,14370.0,14430.0,3583.0,4.0,231,61,,,pt,14430.0,4830.0,"{'duration': 3583, 'source_transfer_time': 0, 'waiting_time': 583, 'trip_time': 3000, 'num_transfers': 4, 'departure_time': 10787, 'departure_day': 'current_day', 'arrival_time': 14370, 'arrival_day': 'current_day', 'steps': [{'duration': 450, 'departure_time': 11370, 'arrival_time': 11820, 'day': 'current_day', 'from_stop_id': '231-2', 'to_stop_id': 'B-2', 'trip_id': '4-0-13', 'agency_name': 'Unknown'}, {'duration': 30, 'departure_time': 11820, 'arrival_time': 11850, 'day': 'current_day', 'from_stop_id': 'B-2', 'to_stop_id': 'B-0', 'trip_id': 'walking', 'agency_name': 'Unknown'}, {'duration': 1800, 'departure_time': 12000, 'arrival_time': 13800, 'day': 'current_day', 'from_stop_id': 'B-0', 'to_stop_id': 'A-0', 'trip_id': 'IE-8-1', 'agency_name': 'Unknown'}, {'duration': 30, 'departure_time': 13800, 'arrival_time': 13830, 'day': 'current_day', 'from_stop_id': 'A-0', 'to_stop_id': 'A-1', 'trip_id': 'walking', 'agency_name': 'Unknown'}, {'duration': 450, 'departure_time': 13920, 'arrival_time': 14370, 'day': 'current_day', 'from_stop_id': 'A-1', 'to_stop_id': '61-1', 'trip_id': '1-0-17', 'agency_name': 'Unknown'}]}",4830.0
122,49,12870,inter,right,571,[126],[116; 118],2000,1503,500,375,14373,14433.0,18510.0,18570.0,4077.0,4.0,126,116,,,pt,18945.0,6075.0,"{'duration': 4077, 'source_transfer_time': 0, 'waiting_time': 537, 'trip_time': 3540, 'num_transfers': 4, 'departure_time': 14433, 'departure_day': 'current_day', 'arrival_time': 18510, 'arrival_day': 'current_day', 'steps': [{'duration': 450, 'departure_time': 14970, 'arrival_time': 15420, 'day': 'current_day', 'from_stop_id': '126-2', 'to_stop_id': 'B-2', 'trip_id': '4-1-19', 'agency_name': 'Unknown'}, {'duration': 30, 'departure_time': 15420, 'arrival_time': 15450, 'day': 'current_day', 'from_stop_id': 'B-2', 'to_stop_id': 'B-0', 'trip_id': 'walking', 'agency_name': 'Unknown'}, {'duration': 1800, 'departure_time': 16500, 'arrival_time': 18300, 'day': 'current_day', 'from_stop_id': 'B-0', 'to_stop_id': 'A-0', 'trip_id': 'IE-11-1', 'agency_name': 'Unknown'}, {'duration': 30, 'departure_time': 18300, 'arrival_time': 18330, 'day': 'current_day', 'from_stop_id': 'A-0', 'to_stop_id': 'A-2', 'trip_id': 'walking', 'agency_name': 'Unknown'}, {'duration': 90, 'departure_time': 18420, 'arrival_time': 18510, 'day': 'current_day', 'from_stop_id': 'A-2', 'to_stop_id': '116-2', 'trip_id': '2-0-24', 'agency_name': 'Unknown'}]}",6075.0
167,16,11940,inter,right,572,[177],[16],500,375,0,0,12315,12375.0,15780.0,15840.0,3405.0,4.0,177,16,,,pt,15840.0,3900.0,"{'duration': 3405, 'source_transfer_time': 0, 'waiting_time': 75, 'trip_time': 3330, 'num_transfers': 4, 'departure_time': 12375, 'departure_day': 'current_day', 'arrival_time': 15780, 'arrival_day': 'current_day', 'steps': [{'duration': 270, 'departure_time': 12450, 'arrival_time': 12720, 'day': 'current_day', 'from_stop_id': '177-1', 'to_stop_id': 'B-1', 'trip_id': '3-0-15', 'agency_name': 'Unknown'}, {'duration': 30, 'departure_time': 12720, 'arrival_time': 12750, 'day': 'current_day', 'from_stop_id': 'B-1', 'to_stop_id': 'B-0', 'trip_id': 'walking', 'agency_name': 'Unknown'}, {'duration': 1800, 'departure_time': 13500, 'arrival_time': 15300, 'day': 'current_day', 'from_stop_id': 'B-0', 'to_stop_id': 'A-0', 'trip_id': 'IE-9-1', 'agency_name': 'Unknown'}, {'duration': 30, 'departure_time': 15300, 'arrival_time': 15330, 'day': 'current_day', 'from_stop_id': 'A-0', 'to_stop_id': 'A-2', 'trip_id': 'walking', 'agency_name': 'Unknown'}, {'duration': 360, 'departure_time': 15420, 'arrival_time': 15780, 'day': 'current_day', 'from_stop_id': 'A-2', 'to_stop_id': '16-2', 'trip_id': '2-0-19', 'agency_name': 'Unknown'}]}",3900.0
206,114,13380,inter,right,573,[177; 209],[110],1500,1127,2000,1503,14507,14567.0,18870.0,18930.0,4303.0,4.0,177,110,,,pt,20433.0,7053.0,"{'duration': 4303, 'source_transfer_time': 0, 'waiting_time': 283, 'trip_time': 4020, 'num_transfers': 4, 'departure_time': 14567, 'departure_day': 'current_day', 'arrival_time': 18870, 'arrival_day': 'current_day', 'steps': [{'duration': 270, 'departure_time': 14850, 'arrival_time': 15120, 'day': 'current_day', 'from_stop_id': '177-1', 'to_stop_id': 'B-1', 'trip_id': '3-0-19', 'agency_name': 'Unknown'}, {'duration': 30, 'departure_time': 15120, 'arrival_time': 15150, 'day': 'current_day', 'from_stop_id': 'B-1', 'to_stop_id': 'B-0', 'trip_id': 'walking', 'agency_name': 'Unknown'}, {'duration': 1800, 'departure_time': 16500, 'arrival_time': 18300, 'day': 'current_day', 'from_stop_id': 'B-0', 'to_stop_id': 'A-0', 'trip_id': 'IE-11-1', 'agency_name': 'Unknown'}, {'duration': 30, 'departure_time': 18300, 'arrival_time': 18330, 'day': 'current_day', 'from_stop_id': 'A-0', 'to_stop_id': 'A-2', 'trip_id': 'walking', 'agency_name': 'Unknown'}, {'duration': 450, 'departure_time': 18420, 'arrival_time': 18870, 'day': 'current_day', 'from_stop_id': 'A-2', 'to_stop_id': '110-2', 'trip_id': '2-1-24', 'agency_name': 'Unknown'}]}",7053.0
136,69,12600,inter,right,574,[137],[59],500,375,500,375,12975,13035.0,17190.0,17250.0,4155.0,4.0,137,59,,,pt,17625.0,5025.0,"{'duration': 4155, 'source_transfer_time': 0, 'waiting_time': 225, 'trip_time': 3930, 'num_transfers': 4, 'departure_time': 13035, 'departure_day': 'current_day', 'arrival_time': 17190, 'arrival_day': 'current_day', 'steps': [{'duration': 360, 'departure_time': 13260, 'arrival_time': 13620, 'day': 'current_day', 'from_stop_id': '137-2', 'to_stop_id': 'B-2', 'trip_id': '4-1-16', 'agency_name': 'Unknown'}, {'duration': 30, 'departure_time': 13620, 'arrival_time': 13650, 'day': 'current_day', 'from_stop_id': 'B-2', 'to_stop_id': 'B-0', 'trip_id': 'walking', 'agency_name': 'Unknown'}, {'duration': 1800, 'departure_time': 15000, 'arrival_time': 16800, 'day': 'current_day', 'from_stop_id': 'B-0', 'to_stop_id': 'A-0', 'trip_id': 'IE-10-1', 'agency_name': 'Unknown'}, {'duration': 30, 'departure_time': 16800, 'arrival_time': 16830, 'day': 'current_day', 'from_stop_id': 'A-0', 'to_stop_id': 'A-1', 'trip_id': 'walking', 'agency_name': 'Unknown'}, {'duration': 270, 'departure_time': 16920, 'arrival_time': 17190, 'day': 'current_day', 'from_stop_id': 'A-1', 'to_stop_id': '59-1', 'trip_id': '1-0-22', 'agency_name': 'Unknown'}]}",5025.0
197,74,11100,inter,right,575,[198],[56],500,375,1000,751,11475,11535.0,14190.0,14250.0,2655.0,4.0,198,56,,,pt,15001.0,3901.0,"{'duration': 2655, 'source_transfer_time': 0, 'waiting_time': 105, 'trip_time': 2550, 'num_transfers': 4, 'departure_time': 11535, 'departure_day': 'current_day', 'arrival_time': 14190, 'arrival_day': 'current_day', 'steps': [{'duration': 180, 'departure_time': 11640, 'arrival_time': 11820, 'day': 'current_day', 'from_stop_id': '198-2', 'to_stop_id': 'B-2', 'trip_id': '4-0-13', 'agency_name': 'Unknown'}, {'duration': 30, 'departure_time': 11820, 'arrival_time': 11850, 'day': 'current_day', 'from_stop_id': 'B-2', 'to_stop_id': 'B-0', 'trip_id': 'walking', 'agency_name': 'Unknown'}, {'duration': 1800, 'departure_time': 12000, 'arrival_time': 13800, 'day': 'current_day', 'from_stop_id': 'B-0', 'to_stop_id': 'A-0', 'trip_id': 'IE-8-1', 'agency_name': 'Unknown'}, {'duration': 30, 'departure_time': 13800, 'arrival_time': 13830, 'day': 'current_day', 'from_stop_id': 'A-0', 'to_stop_id': 'A-1', 'trip_id': 'walking', 'agency_name': 'Unknown'}, {'duration': 270, 'departure_time': 13920, 'arrival_time': 14190, 'day': 'current_day', 'from_stop_id': 'A-1', 'to_stop_id': '56-1', 'trip_id': '1-1-17', 'agency_name': 'Unknown'}]}",3901.0
192,8,5220,inter,right,576,[182],[5],500,375,1500,1127,5595,5655.0,9870.0,9930.0,4215.0,4.0,182,5,,,pt,11057.0,5837.0,"{'duration': 4215, 'source_transfer_time': 0, 'waiting_time': 15, 'trip_time': 4200, 'num_transfers': 4, 'departure_time': 5655, 'departure_day': 'current_day', 'arrival_time': 9870, 'arrival_day': 'current_day', 'steps': [{'duration': 450, 'departure_time': 5670, 'arrival_time': 6120, 'day': 'current_day', 'from_stop_id': '182-1', 'to_stop_id': 'B-1', 'trip_id': '3-1-4', 'agency_name': 'Unknown'}, {'duration': 30, 'departure_time': 6120, 'arrival_time': 6150, 'day': 'current_day', 'from_stop_id': 'B-1', 'to_stop_id': 'B-0', 'trip_id': 'walking', 'agency_name': 'Unknown'}, {'duration': 1800, 'departure_time': 7500, 'arrival_time': 9300, 'day': 'current_day', 'from_stop_id': 'B-0', 'to_stop_id': 'A-0', 'trip_id': 'IE-5-1', 'agency_name': 'Unknown'}, {'duration': 30, 'departure_time': 9300, 'arrival_time': 9330, 'day': 'current_day', 'from_stop_id': 'A-0', 'to_stop_id': 'A-2', 'trip_id': 'walking', 'agency_name': 'Unknown'}, {'duration': 450, 'departure_time': 9420, 'arrival_time': 9870, 'day': 'current_day', 'from_stop_id': 'A-2', 'to_stop_id': '5-2', 'trip_id': '2-0-9', 'agency_name': 'Unknown'}]}",5837.0
161,2,11040,inter,right,577,[159; 179],[5],1000,751,1500,1127,11791,11851.0,15870.0,15930.0,4019.0,4.0,159,5,,,pt,17057.0,6017.0,"{'duration': 4019, 'source_transfer_time': 0, 'waiting_time': 389, 'trip_time': 3630, 'num_transfers': 4, 'departure_time': 11851, 'departure_day': 'current_day', 'arrival_time': 15870, 'arrival_day': 'current_day', 'steps': [{'duration': 180, 'departure_time': 12240, 'arrival_time': 12420, 'day': 'current_day', 'from_stop_id': '159-2', 'to_stop_id': 'B-2', 'trip_id': '4-1-14', 'agency_name': 'Unknown'}, {'duration': 30, 'departure_time': 12420, 'arrival_time': 12450, 'day': 'current_day', 'from_stop_id': 'B-2', 'to_stop_id': 'B-0', 'trip_id': 'walking', 'agency_name': 'Unknown'}, {'duration': 1800, 'departure_time': 13500, 'arrival_time': 15300, 'day': 'current_day', 'from_stop_id': 'B-0', 'to_stop_id': 'A-0', 'trip_id': 'IE-9-1', 'agency_name': 'Unknown'}, {'duration': 30, 'departure_time': 15300, 'arrival_time': 15330, 'day': 'current_day', 'from_stop_id': 'A-0', 'to_stop_id': 'A-2', 'trip_id': 'walking', 'agency_name': 'Unknown'}, {'duration': 450, 'departure_time': 15420, 'arrival_time': 15870, 'day': 'current_day', 'from_stop_id': 'A-2', 'to_stop_id': '5-2', 'trip_id': '2-0-19', 'agency_name': 'Unknown'}]}",6017.0
200,6,9960,inter,right,578,[179; 198],[5],1000,751,500,375,10711,10771.0,14670.0,14730.0,3899.0,4.0,179,5,,,pt,15105.0,5145.0,"{'duration': 3899, 'source_transfer_time': 0, 'waiting_time': 569, 'trip_time': 3330, 'num_transfers': 4, 'departure_time': 10771, 'departure_day': 'current_day', 'arrival_time': 14670, 'arrival_day': 'current_day', 'steps': [{'duration': 180, 'departure_time': 11340, 'arrival_time': 11520, 'day': 'current_day', 'from_stop_id': '179-1', 'to_stop_id': 'B-1', 'trip_id': '3-1-13', 'agency_name': 'Unknown'}, {'duration': 30, 'departure_time': 11520, 'arrival_time': 11550, 'day': 'current_day', 'from_stop_id': 'B-1', 'to_stop_id': 'B-0', 'trip_id': 'walking', 'agency_name': 'Unknown'}, {'duration': 1800, 'departure_time': 12000, 'arrival_time': 13800, 'day': 'current_day', 'from_stop_id': 'B-0', 'to_stop_id': 'A-0', 'trip_id': 'IE-8-1', 'agency_name': 'Unknown'}, {'duration': 30, 'departure_time': 13800, 'arrival_time': 13830, 'day': 'current_day', 'from_stop_id': 'A-0', 'to_stop_id': 'A-2', 'trip_id': 'walking', 'agency_name': 'Unknown'}, {'duration': 450, 'departure_time': 14220, 'arrival_time': 14670, 'day': 'current_day', 'from_stop_id': 'A-2', 'to_stop_id': '5-2', 'trip_id': '2-0-17', 'agency_name': 'Unknown'}]}",5145.0
222,73,9900,inter,right,579,[220],[55],1000,751,1000,751,10651,10711.0,14280.0,14340.0,3569.0,4.0,220,55,,,pt,15091.0,5191.0,"{'duration': 3569, 'source_transfer_time': 0, 'waiting_time': 149, 'trip_time': 3420, 'num_transfers': 4, 'departure_time': 10711, 'departure_day': 'current_day', 'arrival_time': 14280, 'arrival_day': 'current_day', 'steps': [{'duration': 360, 'departure_time': 10860, 'arrival_time': 11220, 'day': 'current_day', 'from_stop_id': '220-2', 'to_stop_id': 'B-2', 'trip_id': '4-0-12', 'agency_name': 'Unknown'}, {'duration': 30, 'departure_time': 11220, 'arrival_time': 11250, 'day': 'current_day', 'from_stop_id': 'B-2', 'to_stop_id': 'B-0', 'trip_id': 'walking', 'agency_name': 'Unknown'}, {'duration': 1800, 'departure_time': 12000, 'arrival_time': 13800, 'day': 'current_day', 'from_stop_id': 'B-0', 'to_stop_id': 'A-0', 'trip_id': 'IE-8-1', 'agency_name': 'Unknown'}, {'duration': 30, 'departure_time': 13800, 'arrival_time': 13830, 'day': 'current_day', 'from_stop_id': 'A-0', 'to_stop_id': 'A-1', 'trip_id': 'walking', 'agency_name': 'Unknown'}, {'duration': 360, 'departure_time': 13920, 'arrival_time': 14280, 'day': 'current_day', 'from_stop_id': 'A-1', 'to_stop_id': '55-1', 'trip_id': '1-1-17', 'agency_name': 'Unknown'}]}",5191.0
211,45,4350,inter,right,580,[209],[55],1000,751,500,375,5101,5161.0,8280.0,8340.0,3119.0,4.0,209,55,,,pt,8715.0,4365.0,"{'duration': 3119, 'source_transfer_time': 0, 'waiting_time': 389, 'trip_time': 2730, 'num_transfers': 4, 'departure_time': 5161, 'departure_day': 'current_day', 'arrival_time': 8280, 'arrival_day': 'current_day', 'steps': [{'duration': 270, 'departure_time': 5550, 'arrival_time': 5820, 'day': 'current_day', 'from_stop_id': '209-2', 'to_stop_id': 'B-2', 'trip_id': '4-0-3', 'agency_name': 'Unknown'}, {'duration': 30, 'departure_time': 5820, 'arrival_time': 5850, 'day': 'current_day', 'from_stop_id': 'B-2', 'to_stop_id': 'B-0', 'trip_id': 'walking', 'agency_name': 'Unknown'}, {'duration': 1800, 'departure_time': 6000, 'arrival_time': 7800, 'day': 'current_day', 'from_stop_id': 'B-0', 'to_stop_id': 'A-0', 'trip_id': 'IE-4-1', 'agency_name': 'Unknown'}, {'duration': 30, 'departure_time': 7800, 'arrival_time': 7830, 'day': 'current_day', 'from_stop_id': 'A-0', 'to_stop_id': 'A-1', 'trip_id': 'walking', 'agency_name': 'Unknown'}, {'duration': 360, 'departure_time': 7920, 'arrival_time': 8280, 'day': 'current_day', 'from_stop_id': 'A-1', 'to_stop_id': '55-1', 'trip_id': '1-1-7', 'agency_name': 'Unknown'}]}",4365.0
197,70,7050,inter,right,581,[198],[60],500,375,500,375,7425,7485.0,11280.0,11340.0,3795.0,4.0,198,60,,,pt,11715.0,4665.0,"{'duration': 3795, 'source_transfer_time': 0, 'waiting_time': 555, 'trip_time': 3240, 'num_transfers': 4, 'departure_time': 7485, 'departure_day': 'current_day', 'arrival_time': 11280, 'arrival_day': 'current_day', 'steps': [{'duration': 180, 'departure_time': 8040, 'arrival_time': 8220, 'day': 'current_day', 'from_stop_id': '198-2', 'to_stop_id': 'B-2', 'trip_id': '4-0-7', 'agency_name': 'Unknown'}, {'duration': 30, 'departure_time': 8220, 'arrival_time': 8250, 'day': 'current_day', 'from_stop_id': 'B-2', 'to_stop_id': 'B-0', 'trip_id': 'walking', 'agency_name': 'Unknown'}, {'duration': 1800, 'departure_time': 9000, 'arrival_time': 10800, 'day': 'current_day', 'from_stop_id': 'B-0', 'to_stop_id': 'A-0', 'trip_id': 'IE-6-1', 'agency_name': 'Unknown'}, {'duration': 30, 'departure_time': 10800, 'arrival_time': 10830, 'day': 'current_day', 'from_stop_id': 'A-0', 'to_stop_id': 'A-1', 'trip_id': 'walking', 'agency_name': 'Unknown'}, {'duration': 360, 'departure_time': 10920, 'arrival_time': 11280, 'day': 'current_day', 'from_stop_id': 'A-1', 'to_stop_id': '60-1', 'trip_id': '1-0-12', 'agency_name': 'Unknown'}]}",4665.0
126,49,4200,inter,right,582,[126],[116; 118],0,0,500,375,4200,4260.0,8010.0,8070.0,3750.0,4.0,126,118,,,pt,8445.0,4245.0,"{'duration': 3750, 'source_transfer_time': 0, 'waiting_time': 510, 'trip_time': 3240, 'num_transfers': 4, 'departure_time': 4260, 'departure_day': 'current_day', 'arrival_time': 8010, 'arrival_day': 'current_day', 'steps': [{'duration': 450, 'departure_time': 4770, 'arrival_time': 5220, 'day': 'current_day', 'from_stop_id': '126-2', 'to_stop_id': 'B-2', 'trip_id': '4-1-2', 'agency_name': 'Unknown'}, {'duration': 30, 'departure_time': 5220, 'arrival_time': 5250, 'day': 'current_day', 'from_stop_id': 'B-2', 'to_stop_id': 'B-0', 'trip_id': 'walking', 'agency_name': 'Unknown'}, {'duration': 1800, 'departure_time': 6000, 'arrival_time': 7800, 'day': 'current_day', 'from_stop_id': 'B-0', 'to_stop_id': 'A-0', 'trip_id': 'IE-4-1', 'agency_name': 'Unknown'}, {'duration': 30, 'departure_time': 7800, 'arrival_time': 7830, 'day': 'current_day', 'from_stop_id': 'A-0', 'to_stop_id': 'A-1', 'trip_id': 'walking', 'agency_name': 'Unknown'}, {'duration': 90, 'departure_time': 7920, 'arrival_time': 8010, 'day': 'current_day', 'from_stop_id': 'A-1', 'to_stop_id': '118-1', 'trip_id': '1-0-7', 'agency_name': 'Unknown'}]}",4245.0
176,35,13260,inter,right,583,[176],[56],0,0,1000,751,13260,13320.0,17190.0,17250.0,3870.0,4.0,176,56,,,pt,18001.0,4741.0,"{'duration': 3870, 'source_transfer_time': 0, 'waiting_time': 240, 'trip_time': 3630, 'num_transfers': 4, 'departure_time': 13320, 'departure_day': 'current_day', 'arrival_time': 17190, 'arrival_day': 'current_day', 'steps': [{'duration': 360, 'departure_time': 13560, 'arrival_time': 13920, 'day': 'current_day', 'from_stop_id': '176-1', 'to_stop_id': 'B-1', 'trip_id': '3-0-17', 'agency_name': 'Unknown'}, {'duration': 30, 'departure_time': 13920, 'arrival_time': 13950, 'day': 'current_day', 'from_stop_id': 'B-1', 'to_stop_id': 'B-0', 'trip_id': 'walking', 'agency_name': 'Unknown'}, {'duration': 1800, 'departure_time': 15000, 'arrival_time': 16800, 'day': 'current_day', 'from_stop_id': 'B-0', 'to_stop_id': 'A-0', 'trip_id': 'IE-10-1', 'agency_name': 'Unknown'}, {'duration': 30, 'departure_time': 16800, 'arrival_time': 16830, 'day': 'current_day', 'from_stop_id': 'A-0', 'to_stop_id': 'A-1', 'trip_id': 'walking', 'agency_name': 'Unknown'}, {'duration': 270, 'departure_time': 16920, 'arrival_time': 17190, 'day': 'current_day', 'from_stop_id': 'A-1', 'to_stop_id': '56-1', 'trip_id': '1-1-22', 'agency_name': 'Unknown'}]}",4741.0
221,21,8430,inter,right,584,[220],[61],500,375,2000,1503,8805,8865.0,13170.0,13230.0,4305.0,4.0,220,61,,,pt,14733.0,6303.0,"{'duration': 4305, 'source_transfer_time': 0, 'waiting_time': 195, 'trip_time': 4110, 'num_transfers': 4, 'departure_time': 8865, 'departure_day': 'current_day', 'arrival_time': 13170, 'arrival_day': 'current_day', 'steps': [{'duration': 360, 'departure_time': 9060, 'arrival_time': 9420, 'day': 'current_day', 'from_stop_id': '220-2', 'to_stop_id': 'B-2', 'trip_id': '4-0-9', 'agency_name': 'Unknown'}, {'duration': 30, 'departure_time': 9420, 'arrival_time': 9450, 'day': 'current_day', 'from_stop_id': 'B-2', 'to_stop_id': 'B-0', 'trip_id': 'walking', 'agency_name': 'Unknown'}, {'duration': 1800, 'departure_time': 10500, 'arrival_time': 12300, 'day': 'current_day', 'from_stop_id': 'B-0', 'to_stop_id': 'A-0', 'trip_id': 'IE-7-1', 'agency_name': 'Unknown'}, {'duration': 30, 'departure_time': 12300, 'arrival_time': 12330, 'day': 'current_day', 'from_stop_id': 'A-0', 'to_stop_id': 'A-1', 'trip_id': 'walking', 'agency_name': 'Unknown'}, {'duration': 450, 'departure_time': 12720, 'arrival_time': 13170, 'day': 'current_day', 'from_stop_id': 'A-1', 'to_stop_id': '61-1', 'trip_id': '1-0-15', 'agency_name': 'Unknown'}]}",6303.0
180,65,11370,inter,right,585,[180],[57],0,0,500,375,11370,11430.0,15900.0,15960.0,4470.0,4.0,180,57,,,pt,16335.0,4965.0,"{'duration': 4470, 'source_transfer_time': 0, 'waiting_time': 420, 'trip_time': 4050, 'num_transfers': 4, 'departure_time': 11430, 'departure_day': 'current_day', 'arrival_time': 15900, 'arrival_day': 'current_day', 'steps': [{'duration': 270, 'departure_time': 11850, 'arrival_time': 12120, 'day': 'current_day', 'from_stop_id': '180-1', 'to_stop_id': 'B-1', 'trip_id': '3-1-14', 'agency_name': 'Unknown'}, {'duration': 30, 'departure_time': 12120, 'arrival_time': 12150, 'day': 'current_day', 'from_stop_id': 'B-1', 'to_stop_id': 'B-0', 'trip_id': 'walking', 'agency_name': 'Unknown'}, {'duration': 1800, 'departure_time': 13500, 'arrival_time': 15300, 'day': 'current_day', 'from_stop_id': 'B-0', 'to_stop_id': 'A-0', 'trip_id': 'IE-9-1', 'agency_name': 'Unknown'}, {'duration': 30, 'departure_time': 15300, 'arrival_time': 15330, 'day': 'current_day', 'from_stop_id': 'A-0', 'to_stop_id': 'A-1', 'trip_id': 'walking', 'agency_name': 'Unknown'}, {'duration': 180, 'departure_time': 15720, 'arrival_time': 15900, 'day': 'current_day', 'from_stop_id': 'A-1', 'to_stop_id': '57-1', 'trip_id': '1-1-20', 'agency_name': 'Unknown'}]}",4965.0
175,46,7500,inter,right,586,[175],[56],0,0,500,375,7500,7560.0,11190.0,11250.0,3630.0,4.0,175,56,,,pt,11625.0,4125.0,"{'duration': 3630, 'source_transfer_time': 0, 'waiting_time': 510, 'trip_time': 3120, 'num_transfers': 4, 'departure_time': 7560, 'departure_day': 'current_day', 'arrival_time': 11190, 'arrival_day': 'current_day', 'steps': [{'duration': 450, 'departure_time': 8070, 'arrival_time': 8520, 'day': 'current_day', 'from_stop_id': '175-1', 'to_stop_id': 'B-1', 'trip_id': '3-0-8', 'agency_name': 'Unknown'}, {'duration': 30, 'departure_time': 8520, 'arrival_time': 8550, 'day': 'current_day', 'from_stop_id': 'B-1', 'to_stop_id': 'B-0', 'trip_id': 'walking', 'agency_name': 'Unknown'}, {'duration': 1800, 'departure_time': 9000, 'arrival_time': 10800, 'day': 'current_day', 'from_stop_id': 'B-0', 'to_stop_id': 'A-0', 'trip_id': 'IE-6-1', 'agency_name': 'Unknown'}, {'duration': 30, 'departure_time': 10800, 'arrival_time': 10830, 'day': 'current_day', 'from_stop_id': 'A-0', 'to_stop_id': 'A-1', 'trip_id': 'walking', 'agency_name': 'Unknown'}, {'duration': 270, 'departure_time': 10920, 'arrival_time': 11190, 'day': 'current_day', 'from_stop_id': 'A-1', 'to_stop_id': '56-1', 'trip_id': '1-1-12', 'agency_name': 'Unknown'}]}",4125.0
222,85,3900,inter,right,587,[220],[56; 88],1000,751,1500,1127,4651,4711.0,8190.0,8250.0,3479.0,4.0,220,56,,,pt,9377.0,5477.0,"{'duration': 3479, 'source_transfer_time': 0, 'waiting_time': 149, 'trip_time': 3330, 'num_transfers': 4, 'departure_time': 4711, 'departure_day': 'current_day', 'arrival_time': 8190, 'arrival_day': 'current_day', 'steps': [{'duration': 360, 'departure_time': 4860, 'arrival_time': 5220, 'day': 'current_day', 'from_stop_id': '220-2', 'to_stop_id': 'B-2', 'trip_id': '4-0-2', 'agency_name': 'Unknown'}, {'duration': 30, 'departure_time': 5220, 'arrival_time': 5250, 'day': 'current_day', 'from_stop_id': 'B-2', 'to_stop_id': 'B-0', 'trip_id': 'walking', 'agency_name': 'Unknown'}, {'duration': 1800, 'departure_time': 6000, 'arrival_time': 7800, 'day': 'current_day', 'from_stop_id': 'B-0', 'to_stop_id': 'A-0', 'trip_id': 'IE-4-1', 'agency_name': 'Unknown'}, {'duration': 30, 'departure_time': 7800, 'arrival_time': 7830, 'day': 'current_day', 'from_stop_id': 'A-0', 'to_stop_id': 'A-1', 'trip_id': 'walking', 'agency_name': 'Unknown'}, {'duration': 270, 'departure_time': 7920, 'arrival_time': 8190, 'day': 'current_day', 'from_stop_id': 'A-1', 'to_stop_id': '56-1', 'trip_id': '1-1-7', 'agency_name': 'Unknown'}]}",5477.0
187,94,7380,inter,right,588,[238; 240],[54],500,375,2000,1503,7755,7815.0,11370.0,11430.0,3555.0,4.0,238,54,,,pt,12933.0,5553.0,"{'duration': 3555, 'source_transfer_time': 0, 'waiting_time': 15, 'trip_time': 3540, 'num_transfers': 4, 'departure_time': 7815, 'departure_day': 'current_day', 'arrival_time': 11370, 'arrival_day': 'current_day', 'steps': [{'duration': 90, 'departure_time': 7830, 'arrival_time': 7920, 'day': 'current_day', 'from_stop_id': '238-1', 'to_stop_id': 'B-1', 'trip_id': '3-0-7', 'agency_name': 'Unknown'}, {'duration': 30, 'departure_time': 7920, 'arrival_time': 7950, 'day': 'current_day', 'from_stop_id': 'B-1', 'to_stop_id': 'B-0', 'trip_id': 'walking', 'agency_name': 'Unknown'}, {'duration': 1800, 'departure_time': 9000, 'arrival_time': 10800, 'day': 'current_day', 'from_stop_id': 'B-0', 'to_stop_id': 'A-0', 'trip_id': 'IE-6-1', 'agency_name': 'Unknown'}, {'duration': 30, 'departure_time': 10800, 'arrival_time': 10830, 'day': 'current_day', 'from_stop_id': 'A-0', 'to_stop_id': 'A-1', 'trip_id': 'walking', 'agency_name': 'Unknown'}, {'duration': 450, 'departure_time': 10920, 'arrival_time': 11370, 'day': 'current_day', 'from_stop_id': 'A-1', 'to_stop_id': '54-1', 'trip_id': '1-1-12', 'agency_name': 'Unknown'}]}",5553.0
159,23,10950,inter,right,589,[159],[55],0,0,1500,1127,10950,11010.0,14280.0,14340.0,3270.0,4.0,159,55,,,pt,15467.0,4517.0,"{'duration': 3270, 'source_transfer_time': 0, 'waiting_time': 30, 'trip_time': 3240, 'num_transfers': 4, 'departure_time': 11010, 'departure_day': 'current_day', 'arrival_time': 14280, 'arrival_day': 'current_day', 'steps': [{'duration': 180, 'departure_time': 11040, 'arrival_time': 11220, 'day': 'current_day', 'from_stop_id': '159-2', 'to_stop_id': 'B-2', 'trip_id': '4-1-12', 'agency_name': 'Unknown'}, {'duration': 30, 'departure_time': 11220, 'arrival_time': 11250, 'day': 'current_day', 'from_stop_id': 'B-2', 'to_stop_id': 'B-0', 'trip_id': 'walking', 'agency_name': 'Unknown'}, {'duration': 1800, 'departure_time': 12000, 'arrival_time': 13800, 'day': 'current_day', 'from_stop_id': 'B-0', 'to_stop_id': 'A-0', 'trip_id': 'IE-8-1', 'agency_name': 'Unknown'}, {'duration': 30, 'departure_time': 13800, 'arrival_time': 13830, 'day': 'current_day', 'from_stop_id': 'A-0', 'to_stop_id': 'A-1', 'trip_id': 'walking', 'agency_name': 'Unknown'}, {'duration': 360, 'departure_time': 13920, 'arrival_time': 14280, 'day': 'current_day', 'from_stop_id': 'A-1', 'to_stop_id': '55-1', 'trip_id': '1-1-17', 'agency_name': 'Unknown'}]}",4517.0
142,86,11190,inter,right,590,[182],[88],2000,1503,1000,751,12693,12753.0,15690.0,15750.0,2937.0,4.0,182,88,,,pt,16501.0,5311.0,"{'duration': 2937, 'source_transfer_time': 0, 'waiting_time': 117, 'trip_time': 2820, 'num_transfers': 4, 'departure_time': 12753, 'departure_day': 'current_day', 'arrival_time': 15690, 'arrival_day': 'current_day', 'steps': [{'duration': 450, 'departure_time': 12870, 'arrival_time': 13320, 'day': 'current_day', 'from_stop_id': '182-1', 'to_stop_id': 'B-1', 'trip_id': '3-1-16', 'agency_name': 'Unknown'}, {'duration': 30, 'departure_time': 13320, 'arrival_time': 13350, 'day': 'current_day', 'from_stop_id': 'B-1', 'to_stop_id': 'B-0', 'trip_id': 'walking', 'agency_name': 'Unknown'}, {'duration': 1800, 'departure_time': 13500, 'arrival_time': 15300, 'day': 'current_day', 'from_stop_id': 'B-0', 'to_stop_id': 'A-0', 'trip_id': 'IE-9-1', 'agency_name': 'Unknown'}, {'duration': 30, 'departure_time': 15300, 'arrival_time': 15330, 'day': 'current_day', 'from_stop_id': 'A-0', 'to_stop_id': 'A-2', 'trip_id': 'walking', 'agency_name': 'Unknown'}, {'duration': 270, 'departure_time': 15420, 'arrival_time': 15690, 'day': 'current_day', 'from_stop_id': 'A-2', 'to_stop_id': '88-2', 'trip_id': '2-1-19', 'agency_name': 'Unknown'}]}",5311.0
220,99,11310,inter,right,591,[220],[99],0,0,0,0,11310,11370.0,14580.0,14640.0,3210.0,4.0,220,99,,,pt,14640.0,3330.0,"{'duration': 3210, 'source_transfer_time': 0, 'waiting_time': 90, 'trip_time': 3120, 'num_transfers': 4, 'departure_time': 11370, 'departure_day': 'current_day', 'arrival_time': 14580, 'arrival_day': 'current_day', 'steps': [{'duration': 360, 'departure_time': 11460, 'arrival_time': 11820, 'day': 'current_day', 'from_stop_id': '220-2', 'to_stop_id': 'B-2', 'trip_id': '4-0-13', 'agency_name': 'Unknown'}, {'duration': 30, 'departure_time': 11820, 'arrival_time': 11850, 'day': 'current_day', 'from_stop_id': 'B-2', 'to_stop_id': 'B-0', 'trip_id': 'walking', 'agency_name': 'Unknown'}, {'duration': 1800, 'departure_time': 12000, 'arrival_time': 13800, 'day': 'current_day', 'from_stop_id': 'B-0', 'to_stop_id': 'A-0', 'trip_id': 'IE-8-1', 'agency_name': 'Unknown'}, {'duration': 30, 'departure_time': 13800, 'arrival_time': 13830, 'day': 'current_day', 'from_stop_id': 'A-0', 'to_stop_id': 'A-2', 'trip_id': 'walking', 'agency_name': 'Unknown'}, {'duration': 360, 'departure_time': 14220, 'arrival_time': 14580, 'day': 'current_day', 'from_stop_id': 'A-2', 'to_stop_id': '99-2', 'trip_id': '2-1-17', 'agency_name': 'Unknown'}]}",3330.0
198,49,6600,inter,right,592,[198],[116; 118],0,0,500,375,6600,6660.0,9510.0,9570.0,2850.0,4.0,198,116,,,pt,9945.0,3345.0,"{'duration': 2850, 'source_transfer_time': 0, 'waiting_time': 180, 'trip_time': 2670, 'num_transfers': 4, 'departure_time': 6660, 'departure_day': 'current_day', 'arrival_time': 9510, 'arrival_day': 'current_day', 'steps': [{'duration': 180, 'departure_time': 6840, 'arrival_time': 7020, 'day': 'current_day', 'from_stop_id': '198-2', 'to_stop_id': 'B-2', 'trip_id': '4-0-5', 'agency_name': 'Unknown'}, {'duration': 30, 'departure_time': 7020, 'arrival_time': 7050, 'day': 'current_day', 'from_stop_id': 'B-2', 'to_stop_id': 'B-0', 'trip_id': 'walking', 'agency_name': 'Unknown'}, {'duration': 1800, 'departure_time': 7500, 'arrival_time': 9300, 'day': 'current_day', 'from_stop_id': 'B-0', 'to_stop_id': 'A-0', 'trip_id': 'IE-5-1', 'agency_name': 'Unknown'}, {'duration': 30, 'departure_time': 9300, 'arrival_time': 9330, 'day': 'current_day', 'from_stop_id': 'A-0', 'to_stop_id': 'A-2', 'trip_id': 'walking', 'agency_name': 'Unknown'}, {'duration': 90, 'departure_time': 9420, 'arrival_time': 9510, 'day': 'current_day', 'from_stop_id': 'A-2', 'to_stop_id': '116-2', 'trip_id': '2-0-9', 'agency_name': 'Unknown'}]}",3345.0
223,39,12300,inter,right,593,[220],[38],1500,1127,500,375,13427,13487.0,17400.0,17460.0,3913.0,4.0,220,38,,,pt,17835.0,5535.0,"{'duration': 3913, 'source_transfer_time': 0, 'waiting_time': 373, 'trip_time': 3540, 'num_transfers': 4, 'departure_time': 13487, 'departure_day': 'current_day', 'arrival_time': 17400, 'arrival_day': 'current_day', 'steps': [{'duration': 360, 'departure_time': 13860, 'arrival_time': 14220, 'day': 'current_day', 'from_stop_id': '220-2', 'to_stop_id': 'B-2', 'trip_id': '4-0-17', 'agency_name': 'Unknown'}, {'duration': 30, 'departure_time': 14220, 'arrival_time': 14250, 'day': 'current_day', 'from_stop_id': 'B-2', 'to_stop_id': 'B-0', 'trip_id': 'walking', 'agency_name': 'Unknown'}, {'duration': 1800, 'departure_time': 15000, 'arrival_time': 16800, 'day': 'current_day', 'from_stop_id': 'B-0', 'to_stop_id': 'A-0', 'trip_id': 'IE-10-1', 'agency_name': 'Unknown'}, {'duration': 30, 'departure_time': 16800, 'arrival_time': 16830, 'day': 'current_day', 'from_stop_id': 'A-0', 'to_stop_id': 'A-2', 'trip_id': 'walking', 'agency_name': 'Unknown'}, {'duration': 180, 'departure_time': 17220, 'arrival_time': 17400, 'day': 'current_day', 'from_stop_id': 'A-2', 'to_stop_id': '38-2', 'trip_id': '2-0-22', 'agency_name': 'Unknown'}]}",5535.0
209,9,13410,inter,right,594,[209],[5],0,0,2000,1503,13410,13470.0,17670.0,17730.0,4200.0,4.0,209,5,,,pt,19233.0,5823.0,"{'duration': 4200, 'source_transfer_time': 0, 'waiting_time': 480, 'trip_time': 3720, 'num_transfers': 4, 'departure_time': 13470, 'departure_day': 'current_day', 'arrival_time': 17670, 'arrival_day': 'current_day', 'steps': [{'duration': 270, 'departure_time': 13950, 'arrival_time': 14220, 'day': 'current_day', 'from_stop_id': '209-2', 'to_stop_id': 'B-2', 'trip_id': '4-0-17', 'agency_name': 'Unknown'}, {'duration': 30, 'departure_time': 14220, 'arrival_time': 14250, 'day': 'current_day', 'from_stop_id': 'B-2', 'to_stop_id': 'B-0', 'trip_id': 'walking', 'agency_name': 'Unknown'}, {'duration': 1800, 'departure_time': 15000, 'arrival_time': 16800, 'day': 'current_day', 'from_stop_id': 'B-0', 'to_stop_id': 'A-0', 'trip_id': 'IE-10-1', 'agency_name': 'Unknown'}, {'duration': 30, 'departure_time': 16800, 'arrival_time': 16830, 'day': 'current_day', 'from_stop_id': 'A-0', 'to_stop_id': 'A-2', 'trip_id': 'walking', 'agency_name': 'Unknown'}, {'duration': 450, 'departure_time': 17220, 'arrival_time': 17670, 'day': 'current_day', 'from_stop_id': 'A-2', 'to_stop_id': '5-2', 'trip_id': '2-0-22', 'agency_name': 'Unknown'}]}",5823.0
230,9,7440,inter,right,595,[231],[5],500,375,2000,1503,7815,7875.0,11670.0,11730.0,3795.0,4.0,231,5,,,pt,13233.0,5793.0,"{'duration': 3795, 'source_transfer_time': 0, 'waiting_time': 495, 'trip_time': 3300, 'num_transfers': 4, 'departure_time': 7875, 'departure_day': 'current_day', 'arrival_time': 11670, 'arrival_day': 'current_day', 'steps': [{'duration': 450, 'departure_time': 8370, 'arrival_time': 8820, 'day': 'current_day', 'from_stop_id': '231-2', 'to_stop_id': 'B-2', 'trip_id': '4-0-8', 'agency_name': 'Unknown'}, {'duration': 30, 'departure_time': 8820, 'arrival_time': 8850, 'day': 'current_day', 'from_stop_id': 'B-2', 'to_stop_id': 'B-0', 'trip_id': 'walking', 'agency_name': 'Unknown'}, {'duration': 1800, 'departure_time': 9000, 'arrival_time': 10800, 'day': 'current_day', 'from_stop_id': 'B-0', 'to_stop_id': 'A-0', 'trip_id': 'IE-6-1', 'agency_name': 'Unknown'}, {'duration': 30, 'departure_time': 10800, 'arrival_time': 10830, 'day': 'current_day', 'from_stop_id': 'A-0', 'to_stop_id': 'A-2', 'trip_id': 'walking', 'agency_name': 'Unknown'}, {'duration': 450, 'departure_time': 11220, 'arrival_time': 11670, 'day': 'current_day', 'from_stop_id': 'A-2', 'to_stop_id': '5-2', 'trip_id': '2-0-12', 'agency_name': 'Unknown'}]}",5793.0
139,26,6150,inter,right,596,[137],[27],1000,751,500,375,6901,6961.0,11490.0,11550.0,4529.0,4.0,137,27,,,pt,11925.0,5775.0,"{'duration': 4529, 'source_transfer_time': 0, 'waiting_time': 299, 'trip_time': 4230, 'num_transfers': 4, 'departure_time': 6961, 'departure_day': 'current_day', 'arrival_time': 11490, 'arrival_day': 'current_day', 'steps': [{'duration': 360, 'departure_time': 7260, 'arrival_time': 7620, 'day': 'current_day', 'from_stop_id': '137-2', 'to_stop_id': 'B-2', 'trip_id': '4-1-6', 'agency_name': 'Unknown'}, {'duration': 30, 'departure_time': 7620, 'arrival_time': 7650, 'day': 'current_day', 'from_stop_id': 'B-2', 'to_stop_id': 'B-0', 'trip_id': 'walking', 'agency_name': 'Unknown'}, {'duration': 1800, 'departure_time': 9000, 'arrival_time': 10800, 'day': 'current_day', 'from_stop_id': 'B-0', 'to_stop_id': 'A-0', 'trip_id': 'IE-6-1', 'agency_name': 'Unknown'}, {'duration': 30, 'departure_time': 10800, 'arrival_time': 10830, 'day': 'current_day', 'from_stop_id': 'A-0', 'to_stop_id': 'A-2', 'trip_id': 'walking', 'agency_name': 'Unknown'}, {'duration': 270, 'departure_time': 11220, 'arrival_time': 11490, 'day': 'current_day', 'from_stop_id': 'A-2', 'to_stop_id': '27-2', 'trip_id': '2-0-12', 'agency_name': 'Unknown'}]}",5775.0
187,50,13110,inter,right,597,[238; 240],[58],500,375,500,375,13485,13545.0,17100.0,17160.0,3555.0,4.0,238,58,,,pt,17535.0,4425.0,"{'duration': 3555, 'source_transfer_time': 0, 'waiting_time': 285, 'trip_time': 3270, 'num_transfers': 4, 'departure_time': 13545, 'departure_day': 'current_day', 'arrival_time': 17100, 'arrival_day': 'current_day', 'steps': [{'duration': 90, 'departure_time': 13830, 'arrival_time': 13920, 'day': 'current_day', 'from_stop_id': '238-1', 'to_stop_id': 'B-1', 'trip_id': '3-0-17', 'agency_name': 'Unknown'}, {'duration': 30, 'departure_time': 13920, 'arrival_time': 13950, 'day': 'current_day', 'from_stop_id': 'B-1', 'to_stop_id': 'B-0', 'trip_id': 'walking', 'agency_name': 'Unknown'}, {'duration': 1800, 'departure_time': 15000, 'arrival_time': 16800, 'day': 'current_day', 'from_stop_id': 'B-0', 'to_stop_id': 'A-0', 'trip_id': 'IE-10-1', 'agency_name': 'Unknown'}, {'duration': 30, 'departure_time': 16800, 'arrival_time': 16830, 'day': 'current_day', 'from_stop_id': 'A-0', 'to_stop_id': 'A-1', 'trip_id': 'walking', 'agency_name': 'Unknown'}, {'duration': 180, 'departure_time': 16920, 'arrival_time': 17100, 'day': 'current_day', 'from_stop_id': 'A-1', 'to_stop_id': '58-1', 'trip_id': '1-0-22', 'agency_name': 'Unknown'}]}",4425.0
156,89,10590,inter,right,598,[177],[88],1000,751,500,375,11341,11401.0,15690.0,15750.0,4289.0,4.0,177,88,,,pt,16125.0,5535.0,"{'duration': 4289, 'source_transfer_time': 0, 'waiting_time': 449, 'trip_time': 3840, 'num_transfers': 4, 'departure_time': 11401, 'departure_day': 'current_day', 'arrival_time': 15690, 'arrival_day': 'current_day', 'steps': [{'duration': 270, 'departure_time': 11850, 'arrival_time': 12120, 'day': 'current_day', 'from_stop_id': '177-1', 'to_stop_id': 'B-1', 'trip_id': '3-0-14', 'agency_name': 'Unknown'}, {'duration': 30, 'departure_time': 12120, 'arrival_time': 12150, 'day': 'current_day', 'from_stop_id': 'B-1', 'to_stop_id': 'B-0', 'trip_id': 'walking', 'agency_name': 'Unknown'}, {'duration': 1800, 'departure_time': 13500, 'arrival_time': 15300, 'day': 'current_day', 'from_stop_id': 'B-0', 'to_stop_id': 'A-0', 'trip_id': 'IE-9-1', 'agency_name': 'Unknown'}, {'duration': 30, 'departure_time': 15300, 'arrival_time': 15330, 'day': 'current_day', 'from_stop_id': 'A-0', 'to_stop_id': 'A-2', 'trip_id': 'walking', 'agency_name': 'Unknown'}, {'duration': 270, 'departure_time': 15420, 'arrival_time': 15690, 'day': 'current_day', 'from_stop_id': 'A-2', 'to_stop_id': '88-2', 'trip_id': '2-1-19', 'agency_name': 'Unknown'}]}",5535.0
149,111,4860,inter,right,599,[148],[110],500,375,500,375,5235,5295.0,8670.0,8730.0,3375.0,4.0,148,110,,,pt,9105.0,4245.0,"{'duration': 3375, 'source_transfer_time': 0, 'waiting_time': 255, 'trip_time': 3120, 'num_transfers': 4, 'departure_time': 5295, 'departure_day': 'current_day', 'arrival_time': 8670, 'arrival_day': 'current_day', 'steps': [{'duration': 270, 'departure_time': 5550, 'arrival_time': 5820, 'day': 'current_day', 'from_stop_id': '148-2', 'to_stop_id': 'B-2', 'trip_id': '4-1-3', 'agency_name': 'Unknown'}, {'duration': 30, 'departure_time': 5820, 'arrival_time': 5850, 'day': 'current_day', 'from_stop_id': 'B-2', 'to_stop_id': 'B-0', 'trip_id': 'walking', 'agency_name': 'Unknown'}, {'duration': 1800, 'departure_time': 6000, 'arrival_time': 7800, 'day': 'current_day', 'from_stop_id': 'B-0', 'to_stop_id': 'A-0', 'trip_id': 'IE-4-1', 'agency_name': 'Unknown'}, {'duration': 30, 'departure_time': 7800, 'arrival_time': 7830, 'day': 'current_day', 'from_stop_id': 'A-0', 'to_stop_id': 'A-2', 'trip_id': 'walking', 'agency_name': 'Unknown'}, {'duration': 450, 'departure_time': 8220, 'arrival_time': 8670, 'day': 'current_day', 'from_stop_id': 'A-2', 'to_stop_id': '110-2', 'trip_id': '2-1-7', 'agency_name': 'Unknown'}]}",4245.0
