start,end,rq_time,rq_type,subnetwork,request_id,start_station_street_ids,end_station_street_ids,walk_start_to_station_street_distance,walk_start_to_station_street_tt,walk_station_to_end_street_distance,walk_station_to_end_street_tt,start_station_street_arrival_time,start_station_departure_time,end_station_arrival_time,end_station_street_arrival_time,pt_journey_duration,num_transfers,selected_start_station_id,selected_end_station_id,walking_time,walking_arrival_time,best_option,end_arrival_time,pt_total_journey_duration,pt_journey_plan,best_journey_duration
106,24,11070,intra,left,0,[106],[24],0,0,0,0,11070,11130.0,12860.0,12920.0,1730.0,3.0,106,24,3383.0,14453.0,pt,12920.0,1850.0,"{'duration': 1730, 'source_transfer_time': 0, 'waiting_time': 540, 'trip_time': 1190, 'num_transfers': 3, 'departure_time': 11130, 'departure_day': 'current_day', 'arrival_time': 12860, 'arrival_day': 'current_day', 'steps': [{'duration': 270, 'departure_time': 11670, 'arrival_time': 11940, 'day': 'current_day', 'from_stop_id': '106-5', 'to_stop_id': '85-5', 'trip_id': '8-1-14', 'agency_name': 'Unknown'}, {'duration': 30, 'departure_time': 11940, 'arrival_time': 11970, 'day': 'current_day', 'from_stop_id': '85-5', 'to_stop_id': '85-3', 'trip_id': 'walking', 'agency_name': 'Unknown'}, {'duration': 290, 'departure_time': 12270, 'arrival_time': 12560, 'day': 'current_day', 'from_stop_id': '85-3', 'to_stop_id': '56-3', 'trip_id': '5-0-10', 'agency_name': 'Unknown'}, {'duration': 290, 'departure_time': 12570, 'arrival_time': 12860, 'day': 'current_day', 'from_stop_id': '56-3', 'to_stop_id': '24-3', 'trip_id': '5-0-14', 'agency_name': 'Unknown'}]}",1850.0
3,56,11280,intra,left,1,[5; 25],[56],1000,751,0,0,12031,12091.0,12560.0,12620.0,469.0,0.0,25,56,2255.0,13535.0,pt,12620.0,1340.0,"{'duration': 469, 'source_transfer_time': 0, 'waiting_time': 79, 'trip_time': 390, 'num_transfers': 0, 'departure_time': 12091, 'departure_day': 'current_day', 'arrival_time': 12560, 'arrival_day': 'current_day', 'steps': [{'duration': 390, 'departure_time': 12170, 'arrival_time': 12560, 'day': 'current_day', 'from_stop_id': '25-3', 'to_stop_id': '56-3', 'trip_id': '5-1-10', 'agency_name': 'Unknown'}]}",1340.0
21,119,8040,intra,left,2,[10; 20],[119],500,375,0,0,8415,8475.0,9570.0,9630.0,1095.0,0.0,10,119,3759.0,11799.0,pt,9630.0,1590.0,"{'duration': 1095, 'source_transfer_time': 0, 'waiting_time': 105, 'trip_time': 990, 'num_transfers': 0, 'departure_time': 8475, 'departure_day': 'current_day', 'arrival_time': 9570, 'arrival_day': 'current_day', 'steps': [{'duration': 990, 'departure_time': 8580, 'arrival_time': 9570, 'day': 'current_day', 'from_stop_id': '10-5', 'to_stop_id': '119-5', 'trip_id': '8-0-9', 'agency_name': 'Unknown'}]}",1590.0
44,93,4380,intra,left,3,[54],[92; 104],500,375,500,375,4755,4815.0,6210.0,6270.0,1395.0,2.0,54,92,5263.0,9643.0,pt,6645.0,2265.0,"{'duration': 1395, 'source_transfer_time': 0, 'waiting_time': 255, 'trip_time': 1140, 'num_transfers': 2, 'departure_time': 4815, 'departure_day': 'current_day', 'arrival_time': 6210, 'arrival_day': 'current_day', 'steps': [{'duration': 540, 'departure_time': 5070, 'arrival_time': 5610, 'day': 'current_day', 'from_stop_id': '54-1', 'to_stop_id': '118-1', 'trip_id': '1-0-3', 'agency_name': 'Unknown'}, {'duration': 30, 'departure_time': 5610, 'arrival_time': 5640, 'day': 'current_day', 'from_stop_id': '118-1', 'to_stop_id': '118-4', 'trip_id': 'walking', 'agency_name': 'Unknown'}, {'duration': 540, 'departure_time': 5670, 'arrival_time': 6210, 'day': 'current_day', 'from_stop_id': '118-4', 'to_stop_id': '92-4', 'trip_id': '7-0-3', 'agency_name': 'Unknown'}]}",2265.0
22,66,11340,intra,left,4,[11; 23],[66],500,375,0,0,11715,11775.0,13260.0,13320.0,1485.0,2.0,11,66,3007.0,14347.0,pt,13320.0,1980.0,"{'duration': 1485, 'source_transfer_time': 0, 'waiting_time': 195, 'trip_time': 1290, 'num_transfers': 2, 'departure_time': 11775, 'departure_day': 'current_day', 'arrival_time': 13260, 'arrival_day': 'current_day', 'steps': [{'duration': 810, 'departure_time': 11970, 'arrival_time': 12780, 'day': 'current_day', 'from_stop_id': '11-4', 'to_stop_id': 'A-4', 'trip_id': '7-0-15', 'agency_name': 'Unknown'}, {'duration': 30, 'departure_time': 12780, 'arrival_time': 12810, 'day': 'current_day', 'from_stop_id': 'A-4', 'to_stop_id': 'A-5', 'trip_id': 'walking', 'agency_name': 'Unknown'}, {'duration': 180, 'departure_time': 13080, 'arrival_time': 13260, 'day': 'current_day', 'from_stop_id': 'A-5', 'to_stop_id': '66-5', 'trip_id': '8-0-15', 'agency_name': 'Unknown'}]}",1980.0
63,60,7470,intra,left,5,[55; 64],[60],500,375,0,0,7845,7905.0,8880.0,8940.0,975.0,0.0,55,60,3383.0,10853.0,pt,8940.0,1470.0,"{'duration': 975, 'source_transfer_time': 0, 'waiting_time': 255, 'trip_time': 720, 'num_transfers': 0, 'departure_time': 7905, 'departure_day': 'current_day', 'arrival_time': 8880, 'arrival_day': 'current_day', 'steps': [{'duration': 720, 'departure_time': 8160, 'arrival_time': 8880, 'day': 'current_day', 'from_stop_id': '55-1', 'to_stop_id': '60-1', 'trip_id': '1-0-8', 'agency_name': 'Unknown'}]}",1470.0
29,106,8160,intra,left,6,[29],[106],0,0,0,0,8160,8220.0,9690.0,9750.0,1470.0,0.0,29,106,5263.0,13423.0,pt,9750.0,1590.0,"{'duration': 1470, 'source_transfer_time': 0, 'waiting_time': 210, 'trip_time': 1260, 'num_transfers': 0, 'departure_time': 8220, 'departure_day': 'current_day', 'arrival_time': 9690, 'arrival_day': 'current_day', 'steps': [{'duration': 1260, 'departure_time': 8430, 'arrival_time': 9690, 'day': 'current_day', 'from_stop_id': '29-5', 'to_stop_id': '106-5', 'trip_id': '8-0-8', 'agency_name': 'Unknown'}]}",1590.0
62,7,8730,intra,left,7,[54],[5; 9; 19; 29],500,375,1000,751,9105,9165.0,10360.0,10420.0,1195.0,2.0,54,29,4887.0,13617.0,pt,11171.0,2441.0,"{'duration': 1195, 'source_transfer_time': 0, 'waiting_time': 105, 'trip_time': 1090, 'num_transfers': 2, 'departure_time': 9165, 'departure_day': 'current_day', 'arrival_time': 10360, 'arrival_day': 'current_day', 'steps': [{'duration': 180, 'departure_time': 9270, 'arrival_time': 9450, 'day': 'current_day', 'from_stop_id': '54-1', 'to_stop_id': '56-1', 'trip_id': '1-0-10', 'agency_name': 'Unknown'}, {'duration': 30, 'departure_time': 9450, 'arrival_time': 9480, 'day': 'current_day', 'from_stop_id': '56-1', 'to_stop_id': '56-3', 'trip_id': 'walking', 'agency_name': 'Unknown'}, {'duration': 790, 'departure_time': 9570, 'arrival_time': 10360, 'day': 'current_day', 'from_stop_id': '56-3', 'to_stop_id': '29-3', 'trip_id': '5-0-9', 'agency_name': 'Unknown'}]}",2441.0
33,79,8880,intra,left,8,[11; 23; 35; 54],[79],1000,751,0,0,9631,9691.0,10740.0,10800.0,1049.0,0.0,23,79,4135.0,13015.0,pt,10800.0,1920.0,"{'duration': 1049, 'source_transfer_time': 0, 'waiting_time': 59, 'trip_time': 990, 'num_transfers': 0, 'departure_time': 9691, 'departure_day': 'current_day', 'arrival_time': 10740, 'arrival_day': 'current_day', 'steps': [{'duration': 990, 'departure_time': 9750, 'arrival_time': 10740, 'day': 'current_day', 'from_stop_id': '23-4', 'to_stop_id': '79-4', 'trip_id': '7-0-11', 'agency_name': 'Unknown'}]}",1920.0
37,20,14100,intra,left,9,[26; 36; 38; 48],[20],500,375,0,0,14475,14535.0,15600.0,15660.0,1065.0,2.0,26,20,2631.0,16731.0,pt,15660.0,1560.0,"{'duration': 1065, 'source_transfer_time': 0, 'waiting_time': 335, 'trip_time': 730, 'num_transfers': 2, 'departure_time': 14535, 'departure_day': 'current_day', 'arrival_time': 15600, 'arrival_day': 'current_day', 'steps': [{'duration': 290, 'departure_time': 14870, 'arrival_time': 15160, 'day': 'current_day', 'from_stop_id': '26-3', 'to_stop_id': '29-3', 'trip_id': '5-0-17', 'agency_name': 'Unknown'}, {'duration': 30, 'departure_time': 15160, 'arrival_time': 15190, 'day': 'current_day', 'from_stop_id': '29-3', 'to_stop_id': '29-5', 'trip_id': 'walking', 'agency_name': 'Unknown'}, {'duration': 270, 'departure_time': 15330, 'arrival_time': 15600, 'day': 'current_day', 'from_stop_id': '29-5', 'to_stop_id': '20-5', 'trip_id': '8-1-18', 'agency_name': 'Unknown'}]}",1560.0
49,21,9780,intra,left,10,[49],[10; 20],0,0,500,375,9780,9840.0,10800.0,10860.0,960.0,0.0,49,20,2631.0,12411.0,pt,11235.0,1455.0,"{'duration': 960, 'source_transfer_time': 0, 'waiting_time': 420, 'trip_time': 540, 'num_transfers': 0, 'departure_time': 9840, 'departure_day': 'current_day', 'arrival_time': 10800, 'arrival_day': 'current_day', 'steps': [{'duration': 540, 'departure_time': 10260, 'arrival_time': 10800, 'day': 'current_day', 'from_stop_id': '49-5', 'to_stop_id': '20-5', 'trip_id': '8-1-10', 'agency_name': 'Unknown'}]}",1455.0
119,54,3600,intra,left,11,[119],[54],0,0,0,0,3600,3660.0,4770.0,4830.0,1110.0,2.0,119,54,2255.0,5855.0,pt,4830.0,1230.0,"{'duration': 1110, 'source_transfer_time': 0, 'waiting_time': 270, 'trip_time': 840, 'num_transfers': 2, 'departure_time': 3660, 'departure_day': 'current_day', 'arrival_time': 4770, 'arrival_day': 'current_day', 'steps': [{'duration': 90, 'departure_time': 3930, 'arrival_time': 4020, 'day': 'current_day', 'from_stop_id': '119-2', 'to_stop_id': 'A-2', 'trip_id': '2-0-0', 'agency_name': 'Unknown'}, {'duration': 30, 'departure_time': 4020, 'arrival_time': 4050, 'day': 'current_day', 'from_stop_id': 'A-2', 'to_stop_id': 'A-1', 'trip_id': 'walking', 'agency_name': 'Unknown'}, {'duration': 450, 'departure_time': 4320, 'arrival_time': 4770, 'day': 'current_day', 'from_stop_id': 'A-1', 'to_stop_id': '54-1', 'trip_id': '1-1-1', 'agency_name': 'Unknown'}]}",1230.0
64,105,11820,intra,left,12,[64],[105],0,0,0,0,11820,11880.0,12780.0,12840.0,900.0,2.0,64,105,2255.0,14075.0,pt,12840.0,1020.0,"{'duration': 900, 'source_transfer_time': 0, 'waiting_time': 190, 'trip_time': 710, 'num_transfers': 2, 'departure_time': 11880, 'departure_day': 'current_day', 'arrival_time': 12780, 'arrival_day': 'current_day', 'steps': [{'duration': 190, 'departure_time': 12070, 'arrival_time': 12260, 'day': 'current_day', 'from_stop_id': '64-3', 'to_stop_id': '85-3', 'trip_id': '5-1-13', 'agency_name': 'Unknown'}, {'duration': 30, 'departure_time': 12260, 'arrival_time': 12290, 'day': 'current_day', 'from_stop_id': '85-3', 'to_stop_id': '85-5', 'trip_id': 'walking', 'agency_name': 'Unknown'}, {'duration': 360, 'departure_time': 12420, 'arrival_time': 12780, 'day': 'current_day', 'from_stop_id': '85-5', 'to_stop_id': '105-5', 'trip_id': '8-0-13', 'agency_name': 'Unknown'}]}",1020.0
116,63,8550,intra,left,13,[116],[55; 64],0,0,500,375,8550,8610.0,9480.0,9540.0,870.0,2.0,116,55,2255.0,10805.0,pt,9915.0,1365.0,"{'duration': 870, 'source_transfer_time': 0, 'waiting_time': 120, 'trip_time': 750, 'num_transfers': 2, 'departure_time': 8610, 'departure_day': 'current_day', 'arrival_time': 9480, 'arrival_day': 'current_day', 'steps': [{'duration': 90, 'departure_time': 8730, 'arrival_time': 8820, 'day': 'current_day', 'from_stop_id': '116-2', 'to_stop_id': 'A-2', 'trip_id': '2-1-8', 'agency_name': 'Unknown'}, {'duration': 30, 'departure_time': 8820, 'arrival_time': 8850, 'day': 'current_day', 'from_stop_id': 'A-2', 'to_stop_id': 'A-1', 'trip_id': 'walking', 'agency_name': 'Unknown'}, {'duration': 360, 'departure_time': 9120, 'arrival_time': 9480, 'day': 'current_day', 'from_stop_id': 'A-1', 'to_stop_id': '55-1', 'trip_id': '1-1-9', 'agency_name': 'Unknown'}]}",1365.0
71,37,11190,intra,left,14,[61],[26; 36; 38; 48],500,375,500,375,11565,11625.0,12360.0,12420.0,735.0,2.0,61,48,3383.0,14573.0,pt,12795.0,1605.0,"{'duration': 735, 'source_transfer_time': 0, 'waiting_time': 45, 'trip_time': 690, 'num_transfers': 2, 'departure_time': 11625, 'departure_day': 'current_day', 'arrival_time': 12360, 'arrival_day': 'current_day', 'steps': [{'duration': 360, 'departure_time': 11670, 'arrival_time': 12030, 'day': 'current_day', 'from_stop_id': '61-1', 'to_stop_id': '118-1', 'trip_id': '1-1-14', 'agency_name': 'Unknown'}, {'duration': 30, 'departure_time': 12030, 'arrival_time': 12060, 'day': 'current_day', 'from_stop_id': '118-1', 'to_stop_id': '118-4', 'trip_id': 'walking', 'agency_name': 'Unknown'}, {'duration': 270, 'departure_time': 12090, 'arrival_time': 12360, 'day': 'current_day', 'from_stop_id': '118-4', 'to_stop_id': '48-4', 'trip_id': '7-1-14', 'agency_name': 'Unknown'}]}",1605.0
113,1,13830,intra,left,15,[91; 103; 115],[0; 12],1000,751,500,375,14581,14641.0,16500.0,16560.0,1859.0,0.0,91,12,6390.0,20220.0,pt,16935.0,3105.0,"{'duration': 1859, 'source_transfer_time': 0, 'waiting_time': 599, 'trip_time': 1260, 'num_transfers': 0, 'departure_time': 14641, 'departure_day': 'current_day', 'arrival_time': 16500, 'arrival_day': 'current_day', 'steps': [{'duration': 1260, 'departure_time': 15240, 'arrival_time': 16500, 'day': 'current_day', 'from_stop_id': '91-4', 'to_stop_id': '12-4', 'trip_id': '7-1-20', 'agency_name': 'Unknown'}]}",3105.0
91,16,13680,intra,left,16,[91],[16],0,0,0,0,13680,13740.0,15180.0,15240.0,1440.0,2.0,91,16,3759.0,17439.0,pt,15240.0,1560.0,"{'duration': 1440, 'source_transfer_time': 0, 'waiting_time': 330, 'trip_time': 1110, 'num_transfers': 2, 'departure_time': 13740, 'departure_day': 'current_day', 'arrival_time': 15180, 'arrival_day': 'current_day', 'steps': [{'duration': 890, 'departure_time': 14070, 'arrival_time': 14960, 'day': 'current_day', 'from_stop_id': '91-3', 'to_stop_id': '27-3', 'trip_id': '5-1-15', 'agency_name': 'Unknown'}, {'duration': 30, 'departure_time': 14960, 'arrival_time': 14990, 'day': 'current_day', 'from_stop_id': '27-3', 'to_stop_id': '27-2', 'trip_id': 'walking', 'agency_name': 'Unknown'}, {'duration': 90, 'departure_time': 15090, 'arrival_time': 15180, 'day': 'current_day', 'from_stop_id': '27-2', 'to_stop_id': '16-2', 'trip_id': '2-0-18', 'agency_name': 'Unknown'}]}",1560.0
32,16,11820,intra,left,17,[10; 20; 30],[16],1000,751,0,0,12571,12631.0,13380.0,13440.0,749.0,2.0,30,16,2255.0,14075.0,pt,13440.0,1620.0,"{'duration': 749, 'source_transfer_time': 0, 'waiting_time': 239, 'trip_time': 510, 'num_transfers': 2, 'departure_time': 12631, 'departure_day': 'current_day', 'arrival_time': 13380, 'arrival_day': 'current_day', 'steps': [{'duration': 290, 'departure_time': 12870, 'arrival_time': 13160, 'day': 'current_day', 'from_stop_id': '30-3', 'to_stop_id': '27-3', 'trip_id': '5-1-12', 'agency_name': 'Unknown'}, {'duration': 30, 'departure_time': 13160, 'arrival_time': 13190, 'day': 'current_day', 'from_stop_id': '27-3', 'to_stop_id': '27-2', 'trip_id': 'walking', 'agency_name': 'Unknown'}, {'duration': 90, 'departure_time': 13290, 'arrival_time': 13380, 'day': 'current_day', 'from_stop_id': '27-2', 'to_stop_id': '16-2', 'trip_id': '2-0-15', 'agency_name': 'Unknown'}]}",1620.0
30,48,12270,intra,left,18,[30],[48],0,0,0,0,12270,12330.0,13560.0,13620.0,1230.0,2.0,30,48,2255.0,14525.0,pt,13620.0,1350.0,"{'duration': 1230, 'source_transfer_time': 0, 'waiting_time': 210, 'trip_time': 1020, 'num_transfers': 2, 'departure_time': 12330, 'departure_day': 'current_day', 'arrival_time': 13560, 'arrival_day': 'current_day', 'steps': [{'duration': 540, 'departure_time': 12540, 'arrival_time': 13080, 'day': 'current_day', 'from_stop_id': '30-5', 'to_stop_id': 'A-5', 'trip_id': '8-0-15', 'agency_name': 'Unknown'}, {'duration': 30, 'departure_time': 13080, 'arrival_time': 13110, 'day': 'current_day', 'from_stop_id': 'A-5', 'to_stop_id': 'A-4', 'trip_id': 'walking', 'agency_name': 'Unknown'}, {'duration': 180, 'departure_time': 13380, 'arrival_time': 13560, 'day': 'current_day', 'from_stop_id': 'A-4', 'to_stop_id': '48-4', 'trip_id': '7-1-16', 'agency_name': 'Unknown'}]}",1350.0
52,113,10860,intra,left,19,[51; 60],[91; 103; 115],500,375,1000,751,11235,11295.0,12260.0,12320.0,965.0,0.0,51,91,2631.0,13491.0,pt,13071.0,2211.0,"{'duration': 965, 'source_transfer_time': 0, 'waiting_time': 575, 'trip_time': 390, 'num_transfers': 0, 'departure_time': 11295, 'departure_day': 'current_day', 'arrival_time': 12260, 'arrival_day': 'current_day', 'steps': [{'duration': 390, 'departure_time': 11870, 'arrival_time': 12260, 'day': 'current_day', 'from_stop_id': '51-3', 'to_stop_id': '91-3', 'trip_id': '5-0-11', 'agency_name': 'Unknown'}]}",2211.0
2,28,4680,intra,left,20,[0; 12; 24],[28],1000,751,0,0,5431,5491.0,6060.0,6120.0,569.0,0.0,24,28,2255.0,6935.0,pt,6120.0,1440.0,"{'duration': 569, 'source_transfer_time': 0, 'waiting_time': 179, 'trip_time': 390, 'num_transfers': 0, 'departure_time': 5491, 'departure_day': 'current_day', 'arrival_time': 6060, 'arrival_day': 'current_day', 'steps': [{'duration': 390, 'departure_time': 5670, 'arrival_time': 6060, 'day': 'current_day', 'from_stop_id': '24-3', 'to_stop_id': '28-3', 'trip_id': '5-0-2', 'agency_name': 'Unknown'}]}",1440.0
59,74,9060,intra,left,21,[59],[74],0,0,0,0,9060,9120.0,10360.0,10420.0,1240.0,2.0,59,74,3007.0,12067.0,pt,10420.0,1360.0,"{'duration': 1240, 'source_transfer_time': 0, 'waiting_time': 330, 'trip_time': 910, 'num_transfers': 2, 'departure_time': 9120, 'departure_day': 'current_day', 'arrival_time': 10360, 'arrival_day': 'current_day', 'steps': [{'duration': 540, 'departure_time': 9450, 'arrival_time': 9990, 'day': 'current_day', 'from_stop_id': '59-1', 'to_stop_id': '56-1', 'trip_id': '1-1-10', 'agency_name': 'Unknown'}, {'duration': 30, 'departure_time': 9990, 'arrival_time': 10020, 'day': 'current_day', 'from_stop_id': '56-1', 'to_stop_id': '56-3', 'trip_id': 'walking', 'agency_name': 'Unknown'}, {'duration': 190, 'departure_time': 10170, 'arrival_time': 10360, 'day': 'current_day', 'from_stop_id': '56-3', 'to_stop_id': '74-3', 'trip_id': '5-1-10', 'agency_name': 'Unknown'}]}",1360.0
21,113,12960,intra,left,22,[10; 20],[91; 103; 115],500,375,1000,751,13335,13395.0,14660.0,14720.0,1265.0,2.0,20,91,4135.0,17095.0,pt,15471.0,2511.0,"{'duration': 1265, 'source_transfer_time': 0, 'waiting_time': 165, 'trip_time': 1100, 'num_transfers': 2, 'departure_time': 13395, 'departure_day': 'current_day', 'arrival_time': 14660, 'arrival_day': 'current_day', 'steps': [{'duration': 270, 'departure_time': 13560, 'arrival_time': 13830, 'day': 'current_day', 'from_stop_id': '20-5', 'to_stop_id': '29-5', 'trip_id': '8-0-17', 'agency_name': 'Unknown'}, {'duration': 30, 'departure_time': 13830, 'arrival_time': 13860, 'day': 'current_day', 'from_stop_id': '29-5', 'to_stop_id': '29-3', 'trip_id': 'walking', 'agency_name': 'Unknown'}, {'duration': 690, 'departure_time': 13970, 'arrival_time': 14660, 'day': 'current_day', 'from_stop_id': '29-3', 'to_stop_id': '91-3', 'trip_id': '5-0-15', 'agency_name': 'Unknown'}]}",2511.0
104,39,12150,intra,left,23,[104],[39],0,0,0,0,12150,12210.0,13950.0,14010.0,1740.0,2.0,104,39,3759.0,15909.0,pt,14010.0,1860.0,"{'duration': 1740, 'source_transfer_time': 0, 'waiting_time': 360, 'trip_time': 1380, 'num_transfers': 2, 'departure_time': 12210, 'departure_day': 'current_day', 'arrival_time': 13950, 'arrival_day': 'current_day', 'steps': [{'duration': 810, 'departure_time': 12570, 'arrival_time': 13380, 'day': 'current_day', 'from_stop_id': '104-4', 'to_stop_id': 'A-4', 'trip_id': '7-1-16', 'agency_name': 'Unknown'}, {'duration': 30, 'departure_time': 13380, 'arrival_time': 13410, 'day': 'current_day', 'from_stop_id': 'A-4', 'to_stop_id': 'A-5', 'trip_id': 'walking', 'agency_name': 'Unknown'}, {'duration': 270, 'departure_time': 13680, 'arrival_time': 13950, 'day': 'current_day', 'from_stop_id': 'A-5', 'to_stop_id': '39-5', 'trip_id': '8-1-16', 'agency_name': 'Unknown'}]}",1860.0
32,48,3870,intra,left,24,[10; 20; 30],[48],1000,751,0,0,4621,4681.0,5760.0,5820.0,1079.0,2.0,30,48,3007.0,6877.0,pt,5820.0,1950.0,"{'duration': 1079, 'source_transfer_time': 0, 'waiting_time': 59, 'trip_time': 1020, 'num_transfers': 2, 'departure_time': 4681, 'departure_day': 'current_day', 'arrival_time': 5760, 'arrival_day': 'current_day', 'steps': [{'duration': 540, 'departure_time': 4740, 'arrival_time': 5280, 'day': 'current_day', 'from_stop_id': '30-5', 'to_stop_id': 'A-5', 'trip_id': '8-0-2', 'agency_name': 'Unknown'}, {'duration': 30, 'departure_time': 5280, 'arrival_time': 5310, 'day': 'current_day', 'from_stop_id': 'A-5', 'to_stop_id': 'A-4', 'trip_id': 'walking', 'agency_name': 'Unknown'}, {'duration': 180, 'departure_time': 5580, 'arrival_time': 5760, 'day': 'current_day', 'from_stop_id': 'A-4', 'to_stop_id': '48-4', 'trip_id': '7-1-3', 'agency_name': 'Unknown'}]}",1950.0
33,111,10080,intra,left,25,[11; 23; 35; 54],[110],1000,751,500,375,10831,10891.0,12270.0,12330.0,1379.0,2.0,23,110,4887.0,14967.0,pt,12705.0,2625.0,"{'duration': 1379, 'source_transfer_time': 0, 'waiting_time': 59, 'trip_time': 1320, 'num_transfers': 2, 'departure_time': 10891, 'departure_day': 'current_day', 'arrival_time': 12270, 'arrival_day': 'current_day', 'steps': [{'duration': 630, 'departure_time': 10950, 'arrival_time': 11580, 'day': 'current_day', 'from_stop_id': '23-4', 'to_stop_id': 'A-4', 'trip_id': '7-0-13', 'agency_name': 'Unknown'}, {'duration': 30, 'departure_time': 11580, 'arrival_time': 11610, 'day': 'current_day', 'from_stop_id': 'A-4', 'to_stop_id': 'A-2', 'trip_id': 'walking', 'agency_name': 'Unknown'}, {'duration': 450, 'departure_time': 11820, 'arrival_time': 12270, 'day': 'current_day', 'from_stop_id': 'A-2', 'to_stop_id': '110-2', 'trip_id': '2-1-13', 'agency_name': 'Unknown'}]}",2625.0
84,10,9840,intra,left,26,[85; 95],[10],500,375,0,0,10215,10275.0,12180.0,12240.0,1905.0,0.0,85,10,6390.0,16230.0,pt,12240.0,2400.0,"{'duration': 1905, 'source_transfer_time': 0, 'waiting_time': 465, 'trip_time': 1440, 'num_transfers': 0, 'departure_time': 10275, 'departure_day': 'current_day', 'arrival_time': 12180, 'arrival_day': 'current_day', 'steps': [{'duration': 1440, 'departure_time': 10740, 'arrival_time': 12180, 'day': 'current_day', 'from_stop_id': '85-5', 'to_stop_id': '10-5', 'trip_id': '8-1-12', 'agency_name': 'Unknown'}]}",2400.0
45,114,5160,intra,left,27,[46; 55],[103; 115],500,375,500,375,5535,5595.0,6900.0,6960.0,1305.0,2.0,55,103,5263.0,10423.0,pt,7335.0,2175.0,"{'duration': 1305, 'source_transfer_time': 0, 'waiting_time': 165, 'trip_time': 1140, 'num_transfers': 2, 'departure_time': 5595, 'departure_day': 'current_day', 'arrival_time': 6900, 'arrival_day': 'current_day', 'steps': [{'duration': 450, 'departure_time': 5760, 'arrival_time': 6210, 'day': 'current_day', 'from_stop_id': '55-1', 'to_stop_id': '118-1', 'trip_id': '1-0-4', 'agency_name': 'Unknown'}, {'duration': 30, 'departure_time': 6210, 'arrival_time': 6240, 'day': 'current_day', 'from_stop_id': '118-1', 'to_stop_id': '118-4', 'trip_id': 'walking', 'agency_name': 'Unknown'}, {'duration': 630, 'departure_time': 6270, 'arrival_time': 6900, 'day': 'current_day', 'from_stop_id': '118-4', 'to_stop_id': '103-4', 'trip_id': '7-0-4', 'agency_name': 'Unknown'}]}",2175.0
1,18,3660,intra,left,28,[0; 12],[19; 29],500,375,500,375,4035,4095.0,4960.0,5020.0,865.0,2.0,12,29,2631.0,6291.0,pt,5395.0,1735.0,"{'duration': 865, 'source_transfer_time': 0, 'waiting_time': 165, 'trip_time': 700, 'num_transfers': 2, 'departure_time': 4095, 'departure_day': 'current_day', 'arrival_time': 4960, 'arrival_day': 'current_day', 'steps': [{'duration': 180, 'departure_time': 4260, 'arrival_time': 4440, 'day': 'current_day', 'from_stop_id': '12-4', 'to_stop_id': '24-4', 'trip_id': '7-0-2', 'agency_name': 'Unknown'}, {'duration': 30, 'departure_time': 4440, 'arrival_time': 4470, 'day': 'current_day', 'from_stop_id': '24-4', 'to_stop_id': '24-3', 'trip_id': 'walking', 'agency_name': 'Unknown'}, {'duration': 490, 'departure_time': 4470, 'arrival_time': 4960, 'day': 'current_day', 'from_stop_id': '24-3', 'to_stop_id': '29-3', 'trip_id': '5-0-0', 'agency_name': 'Unknown'}]}",1735.0
20,62,4260,intra,left,29,[20],[54],0,0,500,375,4260,4320.0,5970.0,6030.0,1650.0,2.0,20,54,5263.0,9523.0,pt,6405.0,2145.0,"{'duration': 1650, 'source_transfer_time': 0, 'waiting_time': 240, 'trip_time': 1410, 'num_transfers': 2, 'departure_time': 4320, 'departure_day': 'current_day', 'arrival_time': 5970, 'arrival_day': 'current_day', 'steps': [{'duration': 720, 'departure_time': 4560, 'arrival_time': 5280, 'day': 'current_day', 'from_stop_id': '20-5', 'to_stop_id': 'A-5', 'trip_id': '8-0-2', 'agency_name': 'Unknown'}, {'duration': 30, 'departure_time': 5280, 'arrival_time': 5310, 'day': 'current_day', 'from_stop_id': 'A-5', 'to_stop_id': 'A-1', 'trip_id': 'walking', 'agency_name': 'Unknown'}, {'duration': 450, 'departure_time': 5520, 'arrival_time': 5970, 'day': 'current_day', 'from_stop_id': 'A-1', 'to_stop_id': '54-1', 'trip_id': '1-1-3', 'agency_name': 'Unknown'}]}",2145.0
92,107,7650,intra,left,30,[92],[96; 106],0,0,500,375,7650,7710.0,8910.0,8970.0,1200.0,4.0,92,96,3383.0,11033.0,pt,9345.0,1695.0,"{'duration': 1200, 'source_transfer_time': 0, 'waiting_time': 240, 'trip_time': 960, 'num_transfers': 4, 'departure_time': 7710, 'departure_day': 'current_day', 'arrival_time': 8910, 'arrival_day': 'current_day', 'steps': [{'duration': 90, 'departure_time': 7950, 'arrival_time': 8040, 'day': 'current_day', 'from_stop_id': '92-4', 'to_stop_id': '91-4', 'trip_id': '7-1-8', 'agency_name': 'Unknown'}, {'duration': 30, 'departure_time': 8040, 'arrival_time': 8070, 'day': 'current_day', 'from_stop_id': '91-4', 'to_stop_id': '91-3', 'trip_id': 'walking', 'agency_name': 'Unknown'}, {'duration': 590, 'departure_time': 8070, 'arrival_time': 8660, 'day': 'current_day', 'from_stop_id': '91-3', 'to_stop_id': '85-3', 'trip_id': '5-0-4', 'agency_name': 'Unknown'}, {'duration': 30, 'departure_time': 8660, 'arrival_time': 8690, 'day': 'current_day', 'from_stop_id': '85-3', 'to_stop_id': '85-5', 'trip_id': 'walking', 'agency_name': 'Unknown'}, {'duration': 90, 'departure_time': 8820, 'arrival_time': 8910, 'day': 'current_day', 'from_stop_id': '85-5', 'to_stop_id': '96-5', 'trip_id': '8-0-7', 'agency_name': 'Unknown'}]}",1695.0
53,107,3840,intra,left,31,[61],[96; 106],500,375,500,375,4215,4275.0,5910.0,5970.0,1635.0,2.0,61,96,5263.0,9103.0,pt,6345.0,2505.0,"{'duration': 1635, 'source_transfer_time': 0, 'waiting_time': 195, 'trip_time': 1440, 'num_transfers': 2, 'departure_time': 4275, 'departure_day': 'current_day', 'arrival_time': 5910, 'arrival_day': 'current_day', 'steps': [{'duration': 450, 'departure_time': 4470, 'arrival_time': 4920, 'day': 'current_day', 'from_stop_id': '61-1', 'to_stop_id': 'A-1', 'trip_id': '1-1-2', 'agency_name': 'Unknown'}, {'duration': 30, 'departure_time': 4920, 'arrival_time': 4950, 'day': 'current_day', 'from_stop_id': 'A-1', 'to_stop_id': 'A-5', 'trip_id': 'walking', 'agency_name': 'Unknown'}, {'duration': 630, 'departure_time': 5280, 'arrival_time': 5910, 'day': 'current_day', 'from_stop_id': 'A-5', 'to_stop_id': '96-5', 'trip_id': '8-0-2', 'agency_name': 'Unknown'}]}",2505.0
24,78,5880,intra,left,32,[24],[67; 77; 79; 89],0,0,500,375,5880,5940.0,6960.0,7020.0,1020.0,0.0,24,67,3383.0,9263.0,pt,7395.0,1515.0,"{'duration': 1020, 'source_transfer_time': 0, 'waiting_time': 300, 'trip_time': 720, 'num_transfers': 0, 'departure_time': 5940, 'departure_day': 'current_day', 'arrival_time': 6960, 'arrival_day': 'current_day', 'steps': [{'duration': 720, 'departure_time': 6240, 'arrival_time': 6960, 'day': 'current_day', 'from_stop_id': '24-4', 'to_stop_id': '67-4', 'trip_id': '7-0-5', 'agency_name': 'Unknown'}]}",1515.0
19,100,4380,intra,left,33,[19],[89; 99],0,0,500,375,4380,4440.0,5860.0,5920.0,1420.0,2.0,19,89,3759.0,8139.0,pt,6295.0,1915.0,"{'duration': 1420, 'source_transfer_time': 0, 'waiting_time': 210, 'trip_time': 1210, 'num_transfers': 2, 'departure_time': 4440, 'departure_day': 'current_day', 'arrival_time': 5860, 'arrival_day': 'current_day', 'steps': [{'duration': 180, 'departure_time': 4650, 'arrival_time': 4830, 'day': 'current_day', 'from_stop_id': '19-5', 'to_stop_id': '29-5', 'trip_id': '8-0-2', 'agency_name': 'Unknown'}, {'duration': 30, 'departure_time': 4830, 'arrival_time': 4860, 'day': 'current_day', 'from_stop_id': '29-5', 'to_stop_id': '29-3', 'trip_id': 'walking', 'agency_name': 'Unknown'}, {'duration': 890, 'departure_time': 4970, 'arrival_time': 5860, 'day': 'current_day', 'from_stop_id': '29-3', 'to_stop_id': '89-3', 'trip_id': '5-0-0', 'agency_name': 'Unknown'}]}",1915.0
5,84,14130,intra,left,34,[5],[85; 95],0,0,500,375,14130,14190.0,15420.0,15480.0,1230.0,2.0,5,85,4511.0,18641.0,pt,15855.0,1725.0,"{'duration': 1230, 'source_transfer_time': 0, 'waiting_time': 180, 'trip_time': 1050, 'num_transfers': 2, 'departure_time': 14190, 'departure_day': 'current_day', 'arrival_time': 15420, 'arrival_day': 'current_day', 'steps': [{'duration': 540, 'departure_time': 14370, 'arrival_time': 14910, 'day': 'current_day', 'from_stop_id': '5-2', 'to_stop_id': '119-2', 'trip_id': '2-1-18', 'agency_name': 'Unknown'}, {'duration': 30, 'departure_time': 14910, 'arrival_time': 14940, 'day': 'current_day', 'from_stop_id': '119-2', 'to_stop_id': '119-5', 'trip_id': 'walking', 'agency_name': 'Unknown'}, {'duration': 450, 'departure_time': 14970, 'arrival_time': 15420, 'day': 'current_day', 'from_stop_id': '119-5', 'to_stop_id': '85-5', 'trip_id': '8-0-18', 'agency_name': 'Unknown'}]}",1725.0
81,9,4560,intra,left,35,[80; 92],[9],500,375,0,0,4935,4995.0,6090.0,6150.0,1095.0,2.0,80,9,2631.0,7191.0,pt,6150.0,1590.0,"{'duration': 1095, 'source_transfer_time': 0, 'waiting_time': 175, 'trip_time': 920, 'num_transfers': 2, 'departure_time': 4995, 'departure_day': 'current_day', 'arrival_time': 6090, 'arrival_day': 'current_day', 'steps': [{'duration': 490, 'departure_time': 5170, 'arrival_time': 5660, 'day': 'current_day', 'from_stop_id': '80-3', 'to_stop_id': '30-3', 'trip_id': '5-1-0', 'agency_name': 'Unknown'}, {'duration': 30, 'departure_time': 5660, 'arrival_time': 5690, 'day': 'current_day', 'from_stop_id': '30-3', 'to_stop_id': '30-5', 'trip_id': 'walking', 'agency_name': 'Unknown'}, {'duration': 270, 'departure_time': 5820, 'arrival_time': 6090, 'day': 'current_day', 'from_stop_id': '30-5', 'to_stop_id': '9-5', 'trip_id': '8-1-2', 'agency_name': 'Unknown'}]}",1590.0
36,42,9600,intra,left,36,[36],[41],0,0,500,375,9600,9660.0,11160.0,11220.0,1500.0,2.0,36,41,2255.0,11855.0,pt,11595.0,1995.0,"{'duration': 1500, 'source_transfer_time': 0, 'waiting_time': 480, 'trip_time': 1020, 'num_transfers': 2, 'departure_time': 9660, 'departure_day': 'current_day', 'arrival_time': 11160, 'arrival_day': 'current_day', 'steps': [{'duration': 90, 'departure_time': 10140, 'arrival_time': 10230, 'day': 'current_day', 'from_stop_id': '36-4', 'to_stop_id': '35-4', 'trip_id': '7-1-10', 'agency_name': 'Unknown'}, {'duration': 30, 'departure_time': 10230, 'arrival_time': 10260, 'day': 'current_day', 'from_stop_id': '35-4', 'to_stop_id': '35-3', 'trip_id': 'walking', 'agency_name': 'Unknown'}, {'duration': 790, 'departure_time': 10370, 'arrival_time': 11160, 'day': 'current_day', 'from_stop_id': '35-3', 'to_stop_id': '41-3', 'trip_id': '5-0-10', 'agency_name': 'Unknown'}]}",1995.0
26,145,8040,inter,left,37,[26],[145],0,0,0,0,8040,8100.0,12120.0,12180.0,4020.0,6.0,26,145,,,pt,12180.0,4140.0,"{'duration': 4020, 'source_transfer_time': 0, 'waiting_time': 170, 'trip_time': 3850, 'num_transfers': 6, 'departure_time': 8100, 'departure_day': 'current_day', 'arrival_time': 12120, 'arrival_day': 'current_day', 'steps': [{'duration': 90, 'departure_time': 8270, 'arrival_time': 8360, 'day': 'current_day', 'from_stop_id': '26-3', 'to_stop_id': '27-3', 'trip_id': '5-0-6', 'agency_name': 'Unknown'}, {'duration': 30, 'departure_time': 8360, 'arrival_time': 8390, 'day': 'current_day', 'from_stop_id': '27-3', 'to_stop_id': '27-2', 'trip_id': 'walking', 'agency_name': 'Unknown'}, {'duration': 270, 'departure_time': 8550, 'arrival_time': 8820, 'day': 'current_day', 'from_stop_id': '27-2', 'to_stop_id': 'A-2', 'trip_id': '2-1-8', 'agency_name': 'Unknown'}, {'duration': 30, 'departure_time': 8820, 'arrival_time': 8850, 'day': 'current_day', 'from_stop_id': 'A-2', 'to_stop_id': 'A-0', 'trip_id': 'walking', 'agency_name': 'Unknown'}, {'duration': 1800, 'departure_time': 9600, 'arrival_time': 11400, 'day': 'current_day', 'from_stop_id': 'A-0', 'to_stop_id': 'B-0', 'trip_id': 'IE-8-0', 'agency_name': 'Unknown'}, {'duration': 30, 'departure_time': 11400, 'arrival_time': 11430, 'day': 'current_day', 'from_stop_id': 'B-0', 'to_stop_id': 'B-4', 'trip_id': 'walking', 'agency_name': 'Unknown'}, {'duration': 540, 'departure_time': 11580, 'arrival_time': 12120, 'day': 'current_day', 'from_stop_id': 'B-4', 'to_stop_id': '145-4', 'trip_id': '9-1-13', 'agency_name': 'Unknown'}]}",4140.0
62,165,8340,inter,left,38,[54],[175],500,375,500,375,8715,8775.0,13170.0,13230.0,4395.0,4.0,54,175,,,pt,13605.0,5265.0,"{'duration': 4395, 'source_transfer_time': 0, 'waiting_time': 495, 'trip_time': 3900, 'num_transfers': 4, 'departure_time': 8775, 'departure_day': 'current_day', 'arrival_time': 13170, 'arrival_day': 'current_day', 'steps': [{'duration': 450, 'departure_time': 9270, 'arrival_time': 9720, 'day': 'current_day', 'from_stop_id': '54-1', 'to_stop_id': 'A-1', 'trip_id': '1-0-10', 'agency_name': 'Unknown'}, {'duration': 30, 'departure_time': 9720, 'arrival_time': 9750, 'day': 'current_day', 'from_stop_id': 'A-1', 'to_stop_id': 'A-0', 'trip_id': 'walking', 'agency_name': 'Unknown'}, {'duration': 1800, 'departure_time': 10800, 'arrival_time': 12600, 'day': 'current_day', 'from_stop_id': 'A-0', 'to_stop_id': 'B-0', 'trip_id': 'IE-9-0', 'agency_name': 'Unknown'}, {'duration': 30, 'departure_time': 12600, 'arrival_time': 12630, 'day': 'current_day', 'from_stop_id': 'B-0', 'to_stop_id': 'B-1', 'trip_id': 'walking', 'agency_name': 'Unknown'}, {'duration': 450, 'departure_time': 12720, 'arrival_time': 13170, 'day': 'current_day', 'from_stop_id': 'B-1', 'to_stop_id': '175-1', 'trip_id': '3-1-15', 'agency_name': 'Unknown'}]}",5265.0
32,174,6180,inter,left,39,[10; 20; 30],[182],1000,751,500,375,6931,6991.0,10770.0,10830.0,3779.0,4.0,10,182,,,pt,11205.0,5025.0,"{'duration': 3779, 'source_transfer_time': 0, 'waiting_time': 389, 'trip_time': 3390, 'num_transfers': 4, 'departure_time': 6991, 'departure_day': 'current_day', 'arrival_time': 10770, 'arrival_day': 'current_day', 'steps': [{'duration': 900, 'departure_time': 7380, 'arrival_time': 8280, 'day': 'current_day', 'from_stop_id': '10-5', 'to_stop_id': 'A-5', 'trip_id': '8-0-7', 'agency_name': 'Unknown'}, {'duration': 30, 'departure_time': 8280, 'arrival_time': 8310, 'day': 'current_day', 'from_stop_id': 'A-5', 'to_stop_id': 'A-0', 'trip_id': 'walking', 'agency_name': 'Unknown'}, {'duration': 1800, 'departure_time': 8400, 'arrival_time': 10200, 'day': 'current_day', 'from_stop_id': 'A-0', 'to_stop_id': 'B-0', 'trip_id': 'IE-7-0', 'agency_name': 'Unknown'}, {'duration': 30, 'departure_time': 10200, 'arrival_time': 10230, 'day': 'current_day', 'from_stop_id': 'B-0', 'to_stop_id': 'B-1', 'trip_id': 'walking', 'agency_name': 'Unknown'}, {'duration': 450, 'departure_time': 10320, 'arrival_time': 10770, 'day': 'current_day', 'from_stop_id': 'B-1', 'to_stop_id': '182-1', 'trip_id': '3-0-11', 'agency_name': 'Unknown'}]}",5025.0
39,181,14130,inter,left,40,[39],[181],0,0,0,0,14130,14190.0,17880.0,17940.0,3690.0,4.0,39,181,,,pt,17940.0,3810.0,"{'duration': 3690, 'source_transfer_time': 0, 'waiting_time': 420, 'trip_time': 3270, 'num_transfers': 4, 'departure_time': 14190, 'departure_day': 'current_day', 'arrival_time': 17880, 'arrival_day': 'current_day', 'steps': [{'duration': 270, 'departure_time': 14610, 'arrival_time': 14880, 'day': 'current_day', 'from_stop_id': '39-5', 'to_stop_id': 'A-5', 'trip_id': '8-0-18', 'agency_name': 'Unknown'}, {'duration': 30, 'departure_time': 14880, 'arrival_time': 14910, 'day': 'current_day', 'from_stop_id': 'A-5', 'to_stop_id': 'A-0', 'trip_id': 'walking', 'agency_name': 'Unknown'}, {'duration': 1800, 'departure_time': 15600, 'arrival_time': 17400, 'day': 'current_day', 'from_stop_id': 'A-0', 'to_stop_id': 'B-0', 'trip_id': 'IE-13-0', 'agency_name': 'Unknown'}, {'duration': 30, 'departure_time': 17400, 'arrival_time': 17430, 'day': 'current_day', 'from_stop_id': 'B-0', 'to_stop_id': 'B-1', 'trip_id': 'walking', 'agency_name': 'Unknown'}, {'duration': 360, 'departure_time': 17520, 'arrival_time': 17880, 'day': 'current_day', 'from_stop_id': 'B-1', 'to_stop_id': '181-1', 'trip_id': '3-0-23', 'agency_name': 'Unknown'}]}",3810.0
32,208,13920,inter,left,41,[10; 20; 30],[208],1000,751,0,0,14671,14731.0,18460.0,18520.0,3729.0,6.0,20,208,,,pt,18520.0,4600.0,"{'duration': 3729, 'source_transfer_time': 0, 'waiting_time': 29, 'trip_time': 3700, 'num_transfers': 6, 'departure_time': 14731, 'departure_day': 'current_day', 'arrival_time': 18460, 'arrival_day': 'current_day', 'steps': [{'duration': 720, 'departure_time': 14760, 'arrival_time': 15480, 'day': 'current_day', 'from_stop_id': '20-5', 'to_stop_id': 'A-5', 'trip_id': '8-0-19', 'agency_name': 'Unknown'}, {'duration': 30, 'departure_time': 15480, 'arrival_time': 15510, 'day': 'current_day', 'from_stop_id': 'A-5', 'to_stop_id': 'A-0', 'trip_id': 'walking', 'agency_name': 'Unknown'}, {'duration': 1800, 'departure_time': 15600, 'arrival_time': 17400, 'day': 'current_day', 'from_stop_id': 'A-0', 'to_stop_id': 'B-0', 'trip_id': 'IE-13-0', 'agency_name': 'Unknown'}, {'duration': 30, 'departure_time': 17400, 'arrival_time': 17430, 'day': 'current_day', 'from_stop_id': 'B-0', 'to_stop_id': 'B-5', 'trip_id': 'walking', 'agency_name': 'Unknown'}, {'duration': 450, 'departure_time': 17880, 'arrival_time': 18330, 'day': 'current_day', 'from_stop_id': 'B-5', 'to_stop_id': '207-5', 'trip_id': '10-0-23', 'agency_name': 'Unknown'}, {'duration': 30, 'departure_time': 18330, 'arrival_time': 18360, 'day': 'current_day', 'from_stop_id': '207-5', 'to_stop_id': '207-3', 'trip_id': 'walking', 'agency_name': 'Unknown'}, {'duration': 90, 'departure_time': 18370, 'arrival_time': 18460, 'day': 'current_day', 'from_stop_id': '207-3', 'to_stop_id': '208-3', 'trip_id': '6-1-23', 'agency_name': 'Unknown'}]}",4600.0
33,206,12810,inter,left,42,[11; 23; 35; 54],[206],1000,751,0,0,13561,13621.0,18260.0,18320.0,4639.0,6.0,11,206,,,pt,18320.0,5510.0,"{'duration': 4639, 'source_transfer_time': 0, 'waiting_time': 149, 'trip_time': 4490, 'num_transfers': 6, 'departure_time': 13621, 'departure_day': 'current_day', 'arrival_time': 18260, 'arrival_day': 'current_day', 'steps': [{'duration': 810, 'departure_time': 13770, 'arrival_time': 14580, 'day': 'current_day', 'from_stop_id': '11-4', 'to_stop_id': 'A-4', 'trip_id': '7-0-18', 'agency_name': 'Unknown'}, {'duration': 30, 'departure_time': 14580, 'arrival_time': 14610, 'day': 'current_day', 'from_stop_id': 'A-4', 'to_stop_id': 'A-0', 'trip_id': 'walking', 'agency_name': 'Unknown'}, {'duration': 1800, 'departure_time': 15600, 'arrival_time': 17400, 'day': 'current_day', 'from_stop_id': 'A-0', 'to_stop_id': 'B-0', 'trip_id': 'IE-13-0', 'agency_name': 'Unknown'}, {'duration': 30, 'departure_time': 17400, 'arrival_time': 17430, 'day': 'current_day', 'from_stop_id': 'B-0', 'to_stop_id': 'B-1', 'trip_id': 'walking', 'agency_name': 'Unknown'}, {'duration': 270, 'departure_time': 17520, 'arrival_time': 17790, 'day': 'current_day', 'from_stop_id': 'B-1', 'to_stop_id': '177-1', 'trip_id': '3-1-23', 'agency_name': 'Unknown'}, {'duration': 30, 'departure_time': 17790, 'arrival_time': 17820, 'day': 'current_day', 'from_stop_id': '177-1', 'to_stop_id': '177-3', 'trip_id': 'walking', 'agency_name': 'Unknown'}, {'duration': 290, 'departure_time': 17970, 'arrival_time': 18260, 'day': 'current_day', 'from_stop_id': '177-3', 'to_stop_id': '206-3', 'trip_id': '6-1-23', 'agency_name': 'Unknown'}]}",5510.0
90,200,14040,inter,left,43,[90],[200],0,0,0,0,14040,14100.0,17940.0,18000.0,3840.0,6.0,90,200,,,pt,18000.0,3960.0,"{'duration': 3840, 'source_transfer_time': 0, 'waiting_time': 70, 'trip_time': 3770, 'num_transfers': 6, 'departure_time': 14100, 'departure_day': 'current_day', 'arrival_time': 17940, 'arrival_day': 'current_day', 'steps': [{'duration': 190, 'departure_time': 14170, 'arrival_time': 14360, 'day': 'current_day', 'from_stop_id': '90-3', 'to_stop_id': '88-3', 'trip_id': '5-0-14', 'agency_name': 'Unknown'}, {'duration': 30, 'departure_time': 14360, 'arrival_time': 14390, 'day': 'current_day', 'from_stop_id': '88-3', 'to_stop_id': '88-2', 'trip_id': 'walking', 'agency_name': 'Unknown'}, {'duration': 270, 'departure_time': 14550, 'arrival_time': 14820, 'day': 'current_day', 'from_stop_id': '88-2', 'to_stop_id': 'A-2', 'trip_id': '2-0-18', 'agency_name': 'Unknown'}, {'duration': 30, 'departure_time': 14820, 'arrival_time': 14850, 'day': 'current_day', 'from_stop_id': 'A-2', 'to_stop_id': 'A-0', 'trip_id': 'walking', 'agency_name': 'Unknown'}, {'duration': 1800, 'departure_time': 15600, 'arrival_time': 17400, 'day': 'current_day', 'from_stop_id': 'A-0', 'to_stop_id': 'B-0', 'trip_id': 'IE-13-0', 'agency_name': 'Unknown'}, {'duration': 30, 'departure_time': 17400, 'arrival_time': 17430, 'day': 'current_day', 'from_stop_id': 'B-0', 'to_stop_id': 'B-4', 'trip_id': 'walking', 'agency_name': 'Unknown'}, {'duration': 360, 'departure_time': 17580, 'arrival_time': 17940, 'day': 'current_day', 'from_stop_id': 'B-4', 'to_stop_id': '200-4', 'trip_id': '9-0-23', 'agency_name': 'Unknown'}]}",3960.0
105,138,13410,inter,left,44,[105],[137; 149],0,0,500,375,13410,13470.0,18180.0,18240.0,4710.0,4.0,105,137,,,pt,18615.0,5205.0,"{'duration': 4710, 'source_transfer_time': 0, 'waiting_time': 510, 'trip_time': 4200, 'num_transfers': 4, 'departure_time': 13470, 'departure_day': 'current_day', 'arrival_time': 18180, 'arrival_day': 'current_day', 'steps': [{'duration': 900, 'departure_time': 13980, 'arrival_time': 14880, 'day': 'current_day', 'from_stop_id': '105-5', 'to_stop_id': 'A-5', 'trip_id': '8-1-18', 'agency_name': 'Unknown'}, {'duration': 30, 'departure_time': 14880, 'arrival_time': 14910, 'day': 'current_day', 'from_stop_id': 'A-5', 'to_stop_id': 'A-0', 'trip_id': 'walking', 'agency_name': 'Unknown'}, {'duration': 1800, 'departure_time': 15600, 'arrival_time': 17400, 'day': 'current_day', 'from_stop_id': 'A-0', 'to_stop_id': 'B-0', 'trip_id': 'IE-13-0', 'agency_name': 'Unknown'}, {'duration': 30, 'departure_time': 17400, 'arrival_time': 17430, 'day': 'current_day', 'from_stop_id': 'B-0', 'to_stop_id': 'B-2', 'trip_id': 'walking', 'agency_name': 'Unknown'}, {'duration': 360, 'departure_time': 17820, 'arrival_time': 18180, 'day': 'current_day', 'from_stop_id': 'B-2', 'to_stop_id': '137-2', 'trip_id': '4-0-23', 'agency_name': 'Unknown'}]}",5205.0
13,216,10260,inter,left,45,[12; 24],[216],500,375,0,0,10635,10695.0,15000.0,15060.0,4305.0,4.0,12,216,,,pt,15060.0,4800.0,"{'duration': 4305, 'source_transfer_time': 0, 'waiting_time': 165, 'trip_time': 4140, 'num_transfers': 4, 'departure_time': 10695, 'departure_day': 'current_day', 'arrival_time': 15000, 'arrival_day': 'current_day', 'steps': [{'duration': 720, 'departure_time': 10860, 'arrival_time': 11580, 'day': 'current_day', 'from_stop_id': '12-4', 'to_stop_id': 'A-4', 'trip_id': '7-0-13', 'agency_name': 'Unknown'}, {'duration': 30, 'departure_time': 11580, 'arrival_time': 11610, 'day': 'current_day', 'from_stop_id': 'A-4', 'to_stop_id': 'A-0', 'trip_id': 'walking', 'agency_name': 'Unknown'}, {'duration': 1800, 'departure_time': 12000, 'arrival_time': 13800, 'day': 'current_day', 'from_stop_id': 'A-0', 'to_stop_id': 'B-0', 'trip_id': 'IE-10-0', 'agency_name': 'Unknown'}, {'duration': 30, 'departure_time': 13800, 'arrival_time': 13830, 'day': 'current_day', 'from_stop_id': 'B-0', 'to_stop_id': 'B-5', 'trip_id': 'walking', 'agency_name': 'Unknown'}, {'duration': 720, 'departure_time': 14280, 'arrival_time': 15000, 'day': 'current_day', 'from_stop_id': 'B-5', 'to_stop_id': '216-5', 'trip_id': '10-0-17', 'agency_name': 'Unknown'}]}",4800.0
63,162,3990,inter,left,46,[55; 64],[162],500,375,0,0,4365,4425.0,8560.0,8620.0,4135.0,6.0,55,162,,,pt,8620.0,4630.0,"{'duration': 4135, 'source_transfer_time': 0, 'waiting_time': 135, 'trip_time': 4000, 'num_transfers': 6, 'departure_time': 4425, 'departure_day': 'current_day', 'arrival_time': 8560, 'arrival_day': 'current_day', 'steps': [{'duration': 360, 'departure_time': 4560, 'arrival_time': 4920, 'day': 'current_day', 'from_stop_id': '55-1', 'to_stop_id': 'A-1', 'trip_id': '1-0-2', 'agency_name': 'Unknown'}, {'duration': 30, 'departure_time': 4920, 'arrival_time': 4950, 'day': 'current_day', 'from_stop_id': 'A-1', 'to_stop_id': 'A-0', 'trip_id': 'walking', 'agency_name': 'Unknown'}, {'duration': 1800, 'departure_time': 6000, 'arrival_time': 7800, 'day': 'current_day', 'from_stop_id': 'A-0', 'to_stop_id': 'B-0', 'trip_id': 'IE-5-0', 'agency_name': 'Unknown'}, {'duration': 30, 'departure_time': 7800, 'arrival_time': 7830, 'day': 'current_day', 'from_stop_id': 'B-0', 'to_stop_id': 'B-1', 'trip_id': 'walking', 'agency_name': 'Unknown'}, {'duration': 270, 'departure_time': 7920, 'arrival_time': 8190, 'day': 'current_day', 'from_stop_id': 'B-1', 'to_stop_id': '180-1', 'trip_id': '3-0-7', 'agency_name': 'Unknown'}, {'duration': 30, 'departure_time': 8190, 'arrival_time': 8220, 'day': 'current_day', 'from_stop_id': '180-1', 'to_stop_id': '180-3', 'trip_id': 'walking', 'agency_name': 'Unknown'}, {'duration': 190, 'departure_time': 8370, 'arrival_time': 8560, 'day': 'current_day', 'from_stop_id': '180-3', 'to_stop_id': '162-3', 'trip_id': '6-1-5', 'agency_name': 'Unknown'}]}",4630.0
77,217,10080,inter,left,47,[77],[217],0,0,0,0,10080,10140.0,13710.0,13770.0,3570.0,4.0,77,217,,,pt,13770.0,3690.0,"{'duration': 3570, 'source_transfer_time': 0, 'waiting_time': 300, 'trip_time': 3270, 'num_transfers': 4, 'departure_time': 10140, 'departure_day': 'current_day', 'arrival_time': 13710, 'arrival_day': 'current_day', 'steps': [{'duration': 180, 'departure_time': 10440, 'arrival_time': 10620, 'day': 'current_day', 'from_stop_id': '77-2', 'to_stop_id': 'A-2', 'trip_id': '2-0-11', 'agency_name': 'Unknown'}, {'duration': 30, 'departure_time': 10620, 'arrival_time': 10650, 'day': 'current_day', 'from_stop_id': 'A-2', 'to_stop_id': 'A-0', 'trip_id': 'walking', 'agency_name': 'Unknown'}, {'duration': 1800, 'departure_time': 10800, 'arrival_time': 12600, 'day': 'current_day', 'from_stop_id': 'A-0', 'to_stop_id': 'B-0', 'trip_id': 'IE-9-0', 'agency_name': 'Unknown'}, {'duration': 30, 'departure_time': 12600, 'arrival_time': 12630, 'day': 'current_day', 'from_stop_id': 'B-0', 'to_stop_id': 'B-5', 'trip_id': 'walking', 'agency_name': 'Unknown'}, {'duration': 630, 'departure_time': 13080, 'arrival_time': 13710, 'day': 'current_day', 'from_stop_id': 'B-5', 'to_stop_id': '217-5', 'trip_id': '10-0-15', 'agency_name': 'Unknown'}]}",3690.0
60,168,9090,inter,left,48,[60],[168],0,0,0,0,9090,9150.0,13050.0,13110.0,3900.0,4.0,60,168,,,pt,13110.0,4020.0,"{'duration': 3900, 'source_transfer_time': 0, 'waiting_time': 210, 'trip_time': 3690, 'num_transfers': 4, 'departure_time': 9150, 'departure_day': 'current_day', 'arrival_time': 13050, 'arrival_day': 'current_day', 'steps': [{'duration': 360, 'departure_time': 9360, 'arrival_time': 9720, 'day': 'current_day', 'from_stop_id': '60-1', 'to_stop_id': 'A-1', 'trip_id': '1-1-10', 'agency_name': 'Unknown'}, {'duration': 30, 'departure_time': 9720, 'arrival_time': 9750, 'day': 'current_day', 'from_stop_id': 'A-1', 'to_stop_id': 'A-0', 'trip_id': 'walking', 'agency_name': 'Unknown'}, {'duration': 1800, 'departure_time': 10800, 'arrival_time': 12600, 'day': 'current_day', 'from_stop_id': 'A-0', 'to_stop_id': 'B-0', 'trip_id': 'IE-9-0', 'agency_name': 'Unknown'}, {'duration': 30, 'departure_time': 12600, 'arrival_time': 12630, 'day': 'current_day', 'from_stop_id': 'B-0', 'to_stop_id': 'B-4', 'trip_id': 'walking', 'agency_name': 'Unknown'}, {'duration': 270, 'departure_time': 12780, 'arrival_time': 13050, 'day': 'current_day', 'from_stop_id': 'B-4', 'to_stop_id': '168-4', 'trip_id': '9-1-15', 'agency_name': 'Unknown'}]}",4020.0
106,177,9990,inter,left,49,[106],[177],0,0,0,0,9990,10050.0,14190.0,14250.0,4140.0,4.0,106,177,,,pt,14250.0,4260.0,"{'duration': 4140, 'source_transfer_time': 0, 'waiting_time': 420, 'trip_time': 3720, 'num_transfers': 4, 'departure_time': 10050, 'departure_day': 'current_day', 'arrival_time': 14190, 'arrival_day': 'current_day', 'steps': [{'duration': 810, 'departure_time': 10470, 'arrival_time': 11280, 'day': 'current_day', 'from_stop_id': '106-5', 'to_stop_id': 'A-5', 'trip_id': '8-1-12', 'agency_name': 'Unknown'}, {'duration': 30, 'departure_time': 11280, 'arrival_time': 11310, 'day': 'current_day', 'from_stop_id': 'A-5', 'to_stop_id': 'A-0', 'trip_id': 'walking', 'agency_name': 'Unknown'}, {'duration': 1800, 'departure_time': 12000, 'arrival_time': 13800, 'day': 'current_day', 'from_stop_id': 'A-0', 'to_stop_id': 'B-0', 'trip_id': 'IE-10-0', 'agency_name': 'Unknown'}, {'duration': 30, 'departure_time': 13800, 'arrival_time': 13830, 'day': 'current_day', 'from_stop_id': 'B-0', 'to_stop_id': 'B-1', 'trip_id': 'walking', 'agency_name': 'Unknown'}, {'duration': 270, 'departure_time': 13920, 'arrival_time': 14190, 'day': 'current_day', 'from_stop_id': 'B-1', 'to_stop_id': '177-1', 'trip_id': '3-1-17', 'agency_name': 'Unknown'}]}",4260.0
70,208,3960,inter,left,50,[60; 69],[208],500,375,0,0,4335,4395.0,8860.0,8920.0,4465.0,6.0,60,208,,,pt,8920.0,4960.0,"{'duration': 4465, 'source_transfer_time': 0, 'waiting_time': 165, 'trip_time': 4300, 'num_transfers': 6, 'departure_time': 4395, 'departure_day': 'current_day', 'arrival_time': 8860, 'arrival_day': 'current_day', 'steps': [{'duration': 360, 'departure_time': 4560, 'arrival_time': 4920, 'day': 'current_day', 'from_stop_id': '60-1', 'to_stop_id': 'A-1', 'trip_id': '1-1-2', 'agency_name': 'Unknown'}, {'duration': 30, 'departure_time': 4920, 'arrival_time': 4950, 'day': 'current_day', 'from_stop_id': 'A-1', 'to_stop_id': 'A-0', 'trip_id': 'walking', 'agency_name': 'Unknown'}, {'duration': 1800, 'departure_time': 6000, 'arrival_time': 7800, 'day': 'current_day', 'from_stop_id': 'A-0', 'to_stop_id': 'B-0', 'trip_id': 'IE-5-0', 'agency_name': 'Unknown'}, {'duration': 30, 'departure_time': 7800, 'arrival_time': 7830, 'day': 'current_day', 'from_stop_id': 'B-0', 'to_stop_id': 'B-1', 'trip_id': 'walking', 'agency_name': 'Unknown'}, {'duration': 270, 'departure_time': 7920, 'arrival_time': 8190, 'day': 'current_day', 'from_stop_id': 'B-1', 'to_stop_id': '177-1', 'trip_id': '3-1-7', 'agency_name': 'Unknown'}, {'duration': 30, 'departure_time': 8190, 'arrival_time': 8220, 'day': 'current_day', 'from_stop_id': '177-1', 'to_stop_id': '177-3', 'trip_id': 'walking', 'agency_name': 'Unknown'}, {'duration': 490, 'departure_time': 8370, 'arrival_time': 8860, 'day': 'current_day', 'from_stop_id': '177-3', 'to_stop_id': '208-3', 'trip_id': '6-1-7', 'agency_name': 'Unknown'}]}",4960.0
28,232,6900,inter,left,51,[28],[231],0,0,500,375,6900,6960.0,11070.0,11130.0,4110.0,6.0,28,231,,,pt,11505.0,4605.0,"{'duration': 4110, 'source_transfer_time': 0, 'waiting_time': 110, 'trip_time': 4000, 'num_transfers': 6, 'departure_time': 6960, 'departure_day': 'current_day', 'arrival_time': 11070, 'arrival_day': 'current_day', 'steps': [{'duration': 90, 'departure_time': 7070, 'arrival_time': 7160, 'day': 'current_day', 'from_stop_id': '28-3', 'to_stop_id': '27-3', 'trip_id': '5-1-2', 'agency_name': 'Unknown'}, {'duration': 30, 'departure_time': 7160, 'arrival_time': 7190, 'day': 'current_day', 'from_stop_id': '27-3', 'to_stop_id': '27-2', 'trip_id': 'walking', 'agency_name': 'Unknown'}, {'duration': 270, 'departure_time': 7350, 'arrival_time': 7620, 'day': 'current_day', 'from_stop_id': '27-2', 'to_stop_id': 'A-2', 'trip_id': '2-1-6', 'agency_name': 'Unknown'}, {'duration': 30, 'departure_time': 7620, 'arrival_time': 7650, 'day': 'current_day', 'from_stop_id': 'A-2', 'to_stop_id': 'A-0', 'trip_id': 'walking', 'agency_name': 'Unknown'}, {'duration': 1800, 'departure_time': 8400, 'arrival_time': 10200, 'day': 'current_day', 'from_stop_id': 'A-0', 'to_stop_id': 'B-0', 'trip_id': 'IE-7-0', 'agency_name': 'Unknown'}, {'duration': 30, 'departure_time': 10200, 'arrival_time': 10230, 'day': 'current_day', 'from_stop_id': 'B-0', 'to_stop_id': 'B-2', 'trip_id': 'walking', 'agency_name': 'Unknown'}, {'duration': 450, 'departure_time': 10620, 'arrival_time': 11070, 'day': 'current_day', 'from_stop_id': 'B-2', 'to_stop_id': '231-2', 'trip_id': '4-1-11', 'agency_name': 'Unknown'}]}",4605.0
10,132,4650,inter,left,52,[10],[132],0,0,0,0,4650,4710.0,8790.0,8850.0,4080.0,4.0,10,132,,,pt,8850.0,4200.0,"{'duration': 4080, 'source_transfer_time': 0, 'waiting_time': 270, 'trip_time': 3810, 'num_transfers': 4, 'departure_time': 4710, 'departure_day': 'current_day', 'arrival_time': 8790, 'arrival_day': 'current_day', 'steps': [{'duration': 900, 'departure_time': 4980, 'arrival_time': 5880, 'day': 'current_day', 'from_stop_id': '10-5', 'to_stop_id': 'A-5', 'trip_id': '8-0-3', 'agency_name': 'Unknown'}, {'duration': 30, 'departure_time': 5880, 'arrival_time': 5910, 'day': 'current_day', 'from_stop_id': 'A-5', 'to_stop_id': 'A-0', 'trip_id': 'walking', 'agency_name': 'Unknown'}, {'duration': 1800, 'departure_time': 6000, 'arrival_time': 7800, 'day': 'current_day', 'from_stop_id': 'A-0', 'to_stop_id': 'B-0', 'trip_id': 'IE-5-0', 'agency_name': 'Unknown'}, {'duration': 30, 'departure_time': 7800, 'arrival_time': 7830, 'day': 'current_day', 'from_stop_id': 'B-0', 'to_stop_id': 'B-4', 'trip_id': 'walking', 'agency_name': 'Unknown'}, {'duration': 810, 'departure_time': 7980, 'arrival_time': 8790, 'day': 'current_day', 'from_stop_id': 'B-4', 'to_stop_id': '132-4', 'trip_id': '9-1-7', 'agency_name': 'Unknown'}]}",4200.0
85,213,12750,inter,left,53,[85],[213],0,0,0,0,12750,12810.0,17010.0,17070.0,4200.0,4.0,85,213,,,pt,17070.0,4320.0,"{'duration': 4200, 'source_transfer_time': 0, 'waiting_time': 330, 'trip_time': 3870, 'num_transfers': 4, 'departure_time': 12810, 'departure_day': 'current_day', 'arrival_time': 17010, 'arrival_day': 'current_day', 'steps': [{'duration': 540, 'departure_time': 13140, 'arrival_time': 13680, 'day': 'current_day', 'from_stop_id': '85-5', 'to_stop_id': 'A-5', 'trip_id': '8-1-16', 'agency_name': 'Unknown'}, {'duration': 30, 'departure_time': 13680, 'arrival_time': 13710, 'day': 'current_day', 'from_stop_id': 'A-5', 'to_stop_id': 'A-0', 'trip_id': 'walking', 'agency_name': 'Unknown'}, {'duration': 1800, 'departure_time': 14400, 'arrival_time': 16200, 'day': 'current_day', 'from_stop_id': 'A-0', 'to_stop_id': 'B-0', 'trip_id': 'IE-12-0', 'agency_name': 'Unknown'}, {'duration': 30, 'departure_time': 16200, 'arrival_time': 16230, 'day': 'current_day', 'from_stop_id': 'B-0', 'to_stop_id': 'B-4', 'trip_id': 'walking', 'agency_name': 'Unknown'}, {'duration': 630, 'departure_time': 16380, 'arrival_time': 17010, 'day': 'current_day', 'from_stop_id': 'B-4', 'to_stop_id': '213-4', 'trip_id': '9-0-21', 'agency_name': 'Unknown'}]}",4320.0
72,210,4620,inter,left,54,[54; 74],[210],1000,751,0,0,5371,5431.0,10060.0,10120.0,4629.0,6.0,54,210,,,pt,10120.0,5500.0,"{'duration': 4629, 'source_transfer_time': 0, 'waiting_time': 239, 'trip_time': 4390, 'num_transfers': 6, 'departure_time': 5431, 'departure_day': 'current_day', 'arrival_time': 10060, 'arrival_day': 'current_day', 'steps': [{'duration': 450, 'departure_time': 5670, 'arrival_time': 6120, 'day': 'current_day', 'from_stop_id': '54-1', 'to_stop_id': 'A-1', 'trip_id': '1-0-4', 'agency_name': 'Unknown'}, {'duration': 30, 'departure_time': 6120, 'arrival_time': 6150, 'day': 'current_day', 'from_stop_id': 'A-1', 'to_stop_id': 'A-0', 'trip_id': 'walking', 'agency_name': 'Unknown'}, {'duration': 1800, 'departure_time': 7200, 'arrival_time': 9000, 'day': 'current_day', 'from_stop_id': 'A-0', 'to_stop_id': 'B-0', 'trip_id': 'IE-6-0', 'agency_name': 'Unknown'}, {'duration': 30, 'departure_time': 9000, 'arrival_time': 9030, 'day': 'current_day', 'from_stop_id': 'B-0', 'to_stop_id': 'B-4', 'trip_id': 'walking', 'agency_name': 'Unknown'}, {'duration': 450, 'departure_time': 9180, 'arrival_time': 9630, 'day': 'current_day', 'from_stop_id': 'B-4', 'to_stop_id': '201-4', 'trip_id': '9-0-9', 'agency_name': 'Unknown'}, {'duration': 30, 'departure_time': 9630, 'arrival_time': 9660, 'day': 'current_day', 'from_stop_id': '201-4', 'to_stop_id': '201-3', 'trip_id': 'walking', 'agency_name': 'Unknown'}, {'duration': 290, 'departure_time': 9770, 'arrival_time': 10060, 'day': 'current_day', 'from_stop_id': '201-3', 'to_stop_id': '210-3', 'trip_id': '6-0-7', 'agency_name': 'Unknown'}]}",5500.0
11,210,9210,inter,left,55,[11],[210],0,0,0,0,9210,9270.0,13660.0,13720.0,4390.0,6.0,11,210,,,pt,13720.0,4510.0,"{'duration': 4390, 'source_transfer_time': 0, 'waiting_time': 300, 'trip_time': 4090, 'num_transfers': 6, 'departure_time': 9270, 'departure_day': 'current_day', 'arrival_time': 13660, 'arrival_day': 'current_day', 'steps': [{'duration': 810, 'departure_time': 9570, 'arrival_time': 10380, 'day': 'current_day', 'from_stop_id': '11-4', 'to_stop_id': 'A-4', 'trip_id': '7-0-11', 'agency_name': 'Unknown'}, {'duration': 30, 'departure_time': 10380, 'arrival_time': 10410, 'day': 'current_day', 'from_stop_id': 'A-4', 'to_stop_id': 'A-0', 'trip_id': 'walking', 'agency_name': 'Unknown'}, {'duration': 1800, 'departure_time': 10800, 'arrival_time': 12600, 'day': 'current_day', 'from_stop_id': 'A-0', 'to_stop_id': 'B-0', 'trip_id': 'IE-9-0', 'agency_name': 'Unknown'}, {'duration': 30, 'departure_time': 12600, 'arrival_time': 12630, 'day': 'current_day', 'from_stop_id': 'B-0', 'to_stop_id': 'B-4', 'trip_id': 'walking', 'agency_name': 'Unknown'}, {'duration': 450, 'departure_time': 12780, 'arrival_time': 13230, 'day': 'current_day', 'from_stop_id': 'B-4', 'to_stop_id': '201-4', 'trip_id': '9-0-15', 'agency_name': 'Unknown'}, {'duration': 30, 'departure_time': 13230, 'arrival_time': 13260, 'day': 'current_day', 'from_stop_id': '201-4', 'to_stop_id': '201-3', 'trip_id': 'walking', 'agency_name': 'Unknown'}, {'duration': 290, 'departure_time': 13370, 'arrival_time': 13660, 'day': 'current_day', 'from_stop_id': '201-3', 'to_stop_id': '210-3', 'trip_id': '6-0-13', 'agency_name': 'Unknown'}]}",4510.0
4,206,10230,inter,left,56,[5],[206],500,375,0,0,10605,10665.0,14660.0,14720.0,3995.0,6.0,5,206,,,pt,14720.0,4490.0,"{'duration': 3995, 'source_transfer_time': 0, 'waiting_time': 105, 'trip_time': 3890, 'num_transfers': 6, 'departure_time': 10665, 'departure_day': 'current_day', 'arrival_time': 14660, 'arrival_day': 'current_day', 'steps': [{'duration': 450, 'departure_time': 10770, 'arrival_time': 11220, 'day': 'current_day', 'from_stop_id': '5-2', 'to_stop_id': 'A-2', 'trip_id': '2-1-12', 'agency_name': 'Unknown'}, {'duration': 30, 'departure_time': 11220, 'arrival_time': 11250, 'day': 'current_day', 'from_stop_id': 'A-2', 'to_stop_id': 'A-0', 'trip_id': 'walking', 'agency_name': 'Unknown'}, {'duration': 1800, 'departure_time': 12000, 'arrival_time': 13800, 'day': 'current_day', 'from_stop_id': 'A-0', 'to_stop_id': 'B-0', 'trip_id': 'IE-10-0', 'agency_name': 'Unknown'}, {'duration': 30, 'departure_time': 13800, 'arrival_time': 13830, 'day': 'current_day', 'from_stop_id': 'B-0', 'to_stop_id': 'B-1', 'trip_id': 'walking', 'agency_name': 'Unknown'}, {'duration': 270, 'departure_time': 13920, 'arrival_time': 14190, 'day': 'current_day', 'from_stop_id': 'B-1', 'to_stop_id': '177-1', 'trip_id': '3-1-17', 'agency_name': 'Unknown'}, {'duration': 30, 'departure_time': 14190, 'arrival_time': 14220, 'day': 'current_day', 'from_stop_id': '177-1', 'to_stop_id': '177-3', 'trip_id': 'walking', 'agency_name': 'Unknown'}, {'duration': 290, 'departure_time': 14370, 'arrival_time': 14660, 'day': 'current_day', 'from_stop_id': '177-3', 'to_stop_id': '206-3', 'trip_id': '6-1-17', 'agency_name': 'Unknown'}]}",4490.0
0,177,6420,inter,left,57,[0],[177],0,0,0,0,6420,6480.0,10590.0,10650.0,4110.0,4.0,0,177,,,pt,10650.0,4230.0,"{'duration': 4110, 'source_transfer_time': 0, 'waiting_time': 0, 'trip_time': 4110, 'num_transfers': 4, 'departure_time': 6480, 'departure_day': 'current_day', 'arrival_time': 10590, 'arrival_day': 'current_day', 'steps': [{'duration': 900, 'departure_time': 6480, 'arrival_time': 7380, 'day': 'current_day', 'from_stop_id': '0-4', 'to_stop_id': 'A-4', 'trip_id': '7-0-6', 'agency_name': 'Unknown'}, {'duration': 30, 'departure_time': 7380, 'arrival_time': 7410, 'day': 'current_day', 'from_stop_id': 'A-4', 'to_stop_id': 'A-0', 'trip_id': 'walking', 'agency_name': 'Unknown'}, {'duration': 1800, 'departure_time': 8400, 'arrival_time': 10200, 'day': 'current_day', 'from_stop_id': 'A-0', 'to_stop_id': 'B-0', 'trip_id': 'IE-7-0', 'agency_name': 'Unknown'}, {'duration': 30, 'departure_time': 10200, 'arrival_time': 10230, 'day': 'current_day', 'from_stop_id': 'B-0', 'to_stop_id': 'B-1', 'trip_id': 'walking', 'agency_name': 'Unknown'}, {'duration': 270, 'departure_time': 10320, 'arrival_time': 10590, 'day': 'current_day', 'from_stop_id': 'B-1', 'to_stop_id': '177-1', 'trip_id': '3-1-11', 'agency_name': 'Unknown'}]}",4230.0
45,192,14190,inter,left,58,[46; 55],[182],500,375,500,375,14565,14625.0,17970.0,18030.0,3345.0,4.0,55,182,,,pt,18405.0,4215.0,"{'duration': 3345, 'source_transfer_time': 0, 'waiting_time': 135, 'trip_time': 3210, 'num_transfers': 4, 'departure_time': 14625, 'departure_day': 'current_day', 'arrival_time': 17970, 'arrival_day': 'current_day', 'steps': [{'duration': 360, 'departure_time': 14760, 'arrival_time': 15120, 'day': 'current_day', 'from_stop_id': '55-1', 'to_stop_id': 'A-1', 'trip_id': '1-0-19', 'agency_name': 'Unknown'}, {'duration': 30, 'departure_time': 15120, 'arrival_time': 15150, 'day': 'current_day', 'from_stop_id': 'A-1', 'to_stop_id': 'A-0', 'trip_id': 'walking', 'agency_name': 'Unknown'}, {'duration': 1800, 'departure_time': 15600, 'arrival_time': 17400, 'day': 'current_day', 'from_stop_id': 'A-0', 'to_stop_id': 'B-0', 'trip_id': 'IE-13-0', 'agency_name': 'Unknown'}, {'duration': 30, 'departure_time': 17400, 'arrival_time': 17430, 'day': 'current_day', 'from_stop_id': 'B-0', 'to_stop_id': 'B-1', 'trip_id': 'walking', 'agency_name': 'Unknown'}, {'duration': 450, 'departure_time': 17520, 'arrival_time': 17970, 'day': 'current_day', 'from_stop_id': 'B-1', 'to_stop_id': '182-1', 'trip_id': '3-0-23', 'agency_name': 'Unknown'}]}",4215.0
98,142,8460,inter,left,59,[87; 99],[131; 141],500,375,500,375,8835,8895.0,12600.0,12660.0,3705.0,4.0,99,141,,,pt,13035.0,4575.0,"{'duration': 3705, 'source_transfer_time': 0, 'waiting_time': 165, 'trip_time': 3540, 'num_transfers': 4, 'departure_time': 8895, 'departure_day': 'current_day', 'arrival_time': 12600, 'arrival_day': 'current_day', 'steps': [{'duration': 360, 'departure_time': 9060, 'arrival_time': 9420, 'day': 'current_day', 'from_stop_id': '99-2', 'to_stop_id': 'A-2', 'trip_id': '2-0-9', 'agency_name': 'Unknown'}, {'duration': 30, 'departure_time': 9420, 'arrival_time': 9450, 'day': 'current_day', 'from_stop_id': 'A-2', 'to_stop_id': 'A-0', 'trip_id': 'walking', 'agency_name': 'Unknown'}, {'duration': 1800, 'departure_time': 9600, 'arrival_time': 11400, 'day': 'current_day', 'from_stop_id': 'A-0', 'to_stop_id': 'B-0', 'trip_id': 'IE-8-0', 'agency_name': 'Unknown'}, {'duration': 30, 'departure_time': 11400, 'arrival_time': 11430, 'day': 'current_day', 'from_stop_id': 'B-0', 'to_stop_id': 'B-5', 'trip_id': 'walking', 'agency_name': 'Unknown'}, {'duration': 720, 'departure_time': 11880, 'arrival_time': 12600, 'day': 'current_day', 'from_stop_id': 'B-5', 'to_stop_id': '141-5', 'trip_id': '10-1-13', 'agency_name': 'Unknown'}]}",4575.0
110,150,11490,inter,left,60,[110],[150],0,0,0,0,11490,11550.0,15930.0,15990.0,4380.0,4.0,110,150,,,pt,15990.0,4500.0,"{'duration': 4380, 'source_transfer_time': 0, 'waiting_time': 420, 'trip_time': 3960, 'num_transfers': 4, 'departure_time': 11550, 'departure_day': 'current_day', 'arrival_time': 15930, 'arrival_day': 'current_day', 'steps': [{'duration': 450, 'departure_time': 11970, 'arrival_time': 12420, 'day': 'current_day', 'from_stop_id': '110-2', 'to_stop_id': 'A-2', 'trip_id': '2-0-14', 'agency_name': 'Unknown'}, {'duration': 30, 'departure_time': 12420, 'arrival_time': 12450, 'day': 'current_day', 'from_stop_id': 'A-2', 'to_stop_id': 'A-0', 'trip_id': 'walking', 'agency_name': 'Unknown'}, {'duration': 1800, 'departure_time': 13200, 'arrival_time': 15000, 'day': 'current_day', 'from_stop_id': 'A-0', 'to_stop_id': 'B-0', 'trip_id': 'IE-11-0', 'agency_name': 'Unknown'}, {'duration': 30, 'departure_time': 15000, 'arrival_time': 15030, 'day': 'current_day', 'from_stop_id': 'B-0', 'to_stop_id': 'B-5', 'trip_id': 'walking', 'agency_name': 'Unknown'}, {'duration': 450, 'departure_time': 15480, 'arrival_time': 15930, 'day': 'current_day', 'from_stop_id': 'B-5', 'to_stop_id': '150-5', 'trip_id': '10-1-19', 'agency_name': 'Unknown'}]}",4500.0
94,151,13560,inter,left,61,[95; 105],[151],500,375,0,0,13935,13995.0,18260.0,18320.0,4265.0,6.0,95,151,,,pt,18320.0,4760.0,"{'duration': 4265, 'source_transfer_time': 0, 'waiting_time': 165, 'trip_time': 4100, 'num_transfers': 6, 'departure_time': 13995, 'departure_day': 'current_day', 'arrival_time': 18260, 'arrival_day': 'current_day', 'steps': [{'duration': 720, 'departure_time': 14160, 'arrival_time': 14880, 'day': 'current_day', 'from_stop_id': '95-5', 'to_stop_id': 'A-5', 'trip_id': '8-1-18', 'agency_name': 'Unknown'}, {'duration': 30, 'departure_time': 14880, 'arrival_time': 14910, 'day': 'current_day', 'from_stop_id': 'A-5', 'to_stop_id': 'A-0', 'trip_id': 'walking', 'agency_name': 'Unknown'}, {'duration': 1800, 'departure_time': 15600, 'arrival_time': 17400, 'day': 'current_day', 'from_stop_id': 'A-0', 'to_stop_id': 'B-0', 'trip_id': 'IE-13-0', 'agency_name': 'Unknown'}, {'duration': 30, 'departure_time': 17400, 'arrival_time': 17430, 'day': 'current_day', 'from_stop_id': 'B-0', 'to_stop_id': 'B-1', 'trip_id': 'walking', 'agency_name': 'Unknown'}, {'duration': 270, 'departure_time': 17520, 'arrival_time': 17790, 'day': 'current_day', 'from_stop_id': 'B-1', 'to_stop_id': '180-1', 'trip_id': '3-0-23', 'agency_name': 'Unknown'}, {'duration': 30, 'departure_time': 17790, 'arrival_time': 17820, 'day': 'current_day', 'from_stop_id': '180-1', 'to_stop_id': '180-3', 'trip_id': 'walking', 'agency_name': 'Unknown'}, {'duration': 290, 'departure_time': 17970, 'arrival_time': 18260, 'day': 'current_day', 'from_stop_id': '180-3', 'to_stop_id': '151-3', 'trip_id': '6-1-21', 'agency_name': 'Unknown'}]}",4760.0
39,178,10950,inter,left,62,[39],[178],0,0,0,0,10950,11010.0,14100.0,14160.0,3090.0,4.0,39,178,,,pt,14160.0,3210.0,"{'duration': 3090, 'source_transfer_time': 0, 'waiting_time': 0, 'trip_time': 3090, 'num_transfers': 4, 'departure_time': 11010, 'departure_day': 'current_day', 'arrival_time': 14100, 'arrival_day': 'current_day', 'steps': [{'duration': 270, 'departure_time': 11010, 'arrival_time': 11280, 'day': 'current_day', 'from_stop_id': '39-5', 'to_stop_id': 'A-5', 'trip_id': '8-0-12', 'agency_name': 'Unknown'}, {'duration': 30, 'departure_time': 11280, 'arrival_time': 11310, 'day': 'current_day', 'from_stop_id': 'A-5', 'to_stop_id': 'A-0', 'trip_id': 'walking', 'agency_name': 'Unknown'}, {'duration': 1800, 'departure_time': 12000, 'arrival_time': 13800, 'day': 'current_day', 'from_stop_id': 'A-0', 'to_stop_id': 'B-0', 'trip_id': 'IE-10-0', 'agency_name': 'Unknown'}, {'duration': 30, 'departure_time': 13800, 'arrival_time': 13830, 'day': 'current_day', 'from_stop_id': 'B-0', 'to_stop_id': 'B-1', 'trip_id': 'walking', 'agency_name': 'Unknown'}, {'duration': 180, 'departure_time': 13920, 'arrival_time': 14100, 'day': 'current_day', 'from_stop_id': 'B-1', 'to_stop_id': '178-1', 'trip_id': '3-1-17', 'agency_name': 'Unknown'}]}",3210.0
103,229,8760,inter,left,63,[103],[207; 217; 227; 231],0,0,1000,751,8760,8820.0,13470.0,13530.0,4650.0,4.0,103,231,,,pt,14281.0,5521.0,"{'duration': 4650, 'source_transfer_time': 0, 'waiting_time': 240, 'trip_time': 4410, 'num_transfers': 4, 'departure_time': 8820, 'departure_day': 'current_day', 'arrival_time': 13470, 'arrival_day': 'current_day', 'steps': [{'duration': 720, 'departure_time': 9060, 'arrival_time': 9780, 'day': 'current_day', 'from_stop_id': '103-4', 'to_stop_id': 'A-4', 'trip_id': '7-1-10', 'agency_name': 'Unknown'}, {'duration': 30, 'departure_time': 9780, 'arrival_time': 9810, 'day': 'current_day', 'from_stop_id': 'A-4', 'to_stop_id': 'A-0', 'trip_id': 'walking', 'agency_name': 'Unknown'}, {'duration': 1800, 'departure_time': 10800, 'arrival_time': 12600, 'day': 'current_day', 'from_stop_id': 'A-0', 'to_stop_id': 'B-0', 'trip_id': 'IE-9-0', 'agency_name': 'Unknown'}, {'duration': 30, 'departure_time': 12600, 'arrival_time': 12630, 'day': 'current_day', 'from_stop_id': 'B-0', 'to_stop_id': 'B-2', 'trip_id': 'walking', 'agency_name': 'Unknown'}, {'duration': 450, 'departure_time': 13020, 'arrival_time': 13470, 'day': 'current_day', 'from_stop_id': 'B-2', 'to_stop_id': '231-2', 'trip_id': '4-1-15', 'agency_name': 'Unknown'}]}",5521.0
21,215,4830,inter,left,64,[10; 20],[216; 226],500,375,500,375,5205,5265.0,10200.0,10260.0,4935.0,4.0,10,216,,,pt,10635.0,5805.0,"{'duration': 4935, 'source_transfer_time': 0, 'waiting_time': 315, 'trip_time': 4620, 'num_transfers': 4, 'departure_time': 5265, 'departure_day': 'current_day', 'arrival_time': 10200, 'arrival_day': 'current_day', 'steps': [{'duration': 900, 'departure_time': 5580, 'arrival_time': 6480, 'day': 'current_day', 'from_stop_id': '10-5', 'to_stop_id': 'A-5', 'trip_id': '8-0-4', 'agency_name': 'Unknown'}, {'duration': 30, 'departure_time': 6480, 'arrival_time': 6510, 'day': 'current_day', 'from_stop_id': 'A-5', 'to_stop_id': 'A-0', 'trip_id': 'walking', 'agency_name': 'Unknown'}, {'duration': 1800, 'departure_time': 7200, 'arrival_time': 9000, 'day': 'current_day', 'from_stop_id': 'A-0', 'to_stop_id': 'B-0', 'trip_id': 'IE-6-0', 'agency_name': 'Unknown'}, {'duration': 30, 'departure_time': 9000, 'arrival_time': 9030, 'day': 'current_day', 'from_stop_id': 'B-0', 'to_stop_id': 'B-5', 'trip_id': 'walking', 'agency_name': 'Unknown'}, {'duration': 720, 'departure_time': 9480, 'arrival_time': 10200, 'day': 'current_day', 'from_stop_id': 'B-5', 'to_stop_id': '216-5', 'trip_id': '10-0-9', 'agency_name': 'Unknown'}]}",5805.0
71,213,4620,inter,left,65,[61],[213],500,375,0,0,4995,5055.0,8610.0,8670.0,3555.0,4.0,61,213,,,pt,8670.0,4050.0,"{'duration': 3555, 'source_transfer_time': 0, 'waiting_time': 15, 'trip_time': 3540, 'num_transfers': 4, 'departure_time': 5055, 'departure_day': 'current_day', 'arrival_time': 8610, 'arrival_day': 'current_day', 'steps': [{'duration': 450, 'departure_time': 5070, 'arrival_time': 5520, 'day': 'current_day', 'from_stop_id': '61-1', 'to_stop_id': 'A-1', 'trip_id': '1-1-3', 'agency_name': 'Unknown'}, {'duration': 30, 'departure_time': 5520, 'arrival_time': 5550, 'day': 'current_day', 'from_stop_id': 'A-1', 'to_stop_id': 'A-0', 'trip_id': 'walking', 'agency_name': 'Unknown'}, {'duration': 1800, 'departure_time': 6000, 'arrival_time': 7800, 'day': 'current_day', 'from_stop_id': 'A-0', 'to_stop_id': 'B-0', 'trip_id': 'IE-5-0', 'agency_name': 'Unknown'}, {'duration': 30, 'departure_time': 7800, 'arrival_time': 7830, 'day': 'current_day', 'from_stop_id': 'B-0', 'to_stop_id': 'B-4', 'trip_id': 'walking', 'agency_name': 'Unknown'}, {'duration': 630, 'departure_time': 7980, 'arrival_time': 8610, 'day': 'current_day', 'from_stop_id': 'B-4', 'to_stop_id': '213-4', 'trip_id': '9-0-7', 'agency_name': 'Unknown'}]}",4050.0
15,143,12630,inter,left,66,[16; 26],[132; 144],500,375,500,375,13005,13065.0,17010.0,17070.0,3945.0,4.0,16,144,,,pt,17445.0,4815.0,"{'duration': 3945, 'source_transfer_time': 0, 'waiting_time': 195, 'trip_time': 3750, 'num_transfers': 4, 'departure_time': 13065, 'departure_day': 'current_day', 'arrival_time': 17010, 'arrival_day': 'current_day', 'steps': [{'duration': 360, 'departure_time': 13260, 'arrival_time': 13620, 'day': 'current_day', 'from_stop_id': '16-2', 'to_stop_id': 'A-2', 'trip_id': '2-1-16', 'agency_name': 'Unknown'}, {'duration': 30, 'departure_time': 13620, 'arrival_time': 13650, 'day': 'current_day', 'from_stop_id': 'A-2', 'to_stop_id': 'A-0', 'trip_id': 'walking', 'agency_name': 'Unknown'}, {'duration': 1800, 'departure_time': 14400, 'arrival_time': 16200, 'day': 'current_day', 'from_stop_id': 'A-0', 'to_stop_id': 'B-0', 'trip_id': 'IE-12-0', 'agency_name': 'Unknown'}, {'duration': 30, 'departure_time': 16200, 'arrival_time': 16230, 'day': 'current_day', 'from_stop_id': 'B-0', 'to_stop_id': 'B-4', 'trip_id': 'walking', 'agency_name': 'Unknown'}, {'duration': 630, 'departure_time': 16380, 'arrival_time': 17010, 'day': 'current_day', 'from_stop_id': 'B-4', 'to_stop_id': '144-4', 'trip_id': '9-1-21', 'agency_name': 'Unknown'}]}",4815.0
36,161,6300,inter,left,67,[36],[161],0,0,0,0,6300,6360.0,9840.0,9900.0,3480.0,4.0,36,161,,,pt,9900.0,3600.0,"{'duration': 3480, 'source_transfer_time': 0, 'waiting_time': 60, 'trip_time': 3420, 'num_transfers': 4, 'departure_time': 6360, 'departure_day': 'current_day', 'arrival_time': 9840, 'arrival_day': 'current_day', 'steps': [{'duration': 360, 'departure_time': 6420, 'arrival_time': 6780, 'day': 'current_day', 'from_stop_id': '36-4', 'to_stop_id': 'A-4', 'trip_id': '7-0-5', 'agency_name': 'Unknown'}, {'duration': 30, 'departure_time': 6780, 'arrival_time': 6810, 'day': 'current_day', 'from_stop_id': 'A-4', 'to_stop_id': 'A-0', 'trip_id': 'walking', 'agency_name': 'Unknown'}, {'duration': 1800, 'departure_time': 7200, 'arrival_time': 9000, 'day': 'current_day', 'from_stop_id': 'A-0', 'to_stop_id': 'B-0', 'trip_id': 'IE-6-0', 'agency_name': 'Unknown'}, {'duration': 30, 'departure_time': 9000, 'arrival_time': 9030, 'day': 'current_day', 'from_stop_id': 'B-0', 'to_stop_id': 'B-5', 'trip_id': 'walking', 'agency_name': 'Unknown'}, {'duration': 360, 'departure_time': 9480, 'arrival_time': 9840, 'day': 'current_day', 'from_stop_id': 'B-5', 'to_stop_id': '161-5', 'trip_id': '10-1-9', 'agency_name': 'Unknown'}]}",3600.0
52,130,13350,inter,left,68,[51; 60],[130],500,375,0,0,13725,13785.0,18690.0,18750.0,4905.0,6.0,51,130,,,pt,18750.0,5400.0,"{'duration': 4905, 'source_transfer_time': 0, 'waiting_time': 85, 'trip_time': 4820, 'num_transfers': 6, 'departure_time': 13785, 'departure_day': 'current_day', 'arrival_time': 18690, 'arrival_day': 'current_day', 'steps': [{'duration': 490, 'departure_time': 13870, 'arrival_time': 14360, 'day': 'current_day', 'from_stop_id': '51-3', 'to_stop_id': '27-3', 'trip_id': '5-1-14', 'agency_name': 'Unknown'}, {'duration': 30, 'departure_time': 14360, 'arrival_time': 14390, 'day': 'current_day', 'from_stop_id': '27-3', 'to_stop_id': '27-2', 'trip_id': 'walking', 'agency_name': 'Unknown'}, {'duration': 270, 'departure_time': 14550, 'arrival_time': 14820, 'day': 'current_day', 'from_stop_id': '27-2', 'to_stop_id': 'A-2', 'trip_id': '2-1-18', 'agency_name': 'Unknown'}, {'duration': 30, 'departure_time': 14820, 'arrival_time': 14850, 'day': 'current_day', 'from_stop_id': 'A-2', 'to_stop_id': 'A-0', 'trip_id': 'walking', 'agency_name': 'Unknown'}, {'duration': 1800, 'departure_time': 15600, 'arrival_time': 17400, 'day': 'current_day', 'from_stop_id': 'A-0', 'to_stop_id': 'B-0', 'trip_id': 'IE-13-0', 'agency_name': 'Unknown'}, {'duration': 30, 'departure_time': 17400, 'arrival_time': 17430, 'day': 'current_day', 'from_stop_id': 'B-0', 'to_stop_id': 'B-5', 'trip_id': 'walking', 'agency_name': 'Unknown'}, {'duration': 810, 'departure_time': 17880, 'arrival_time': 18690, 'day': 'current_day', 'from_stop_id': 'B-5', 'to_stop_id': '130-5', 'trip_id': '10-1-23', 'agency_name': 'Unknown'}]}",5400.0
54,133,4380,inter,left,69,[54],[133],0,0,0,0,4380,4440.0,8700.0,8760.0,4260.0,4.0,54,133,,,pt,8760.0,4380.0,"{'duration': 4260, 'source_transfer_time': 0, 'waiting_time': 30, 'trip_time': 4230, 'num_transfers': 4, 'departure_time': 4440, 'departure_day': 'current_day', 'arrival_time': 8700, 'arrival_day': 'current_day', 'steps': [{'duration': 450, 'departure_time': 4470, 'arrival_time': 4920, 'day': 'current_day', 'from_stop_id': '54-1', 'to_stop_id': 'A-1', 'trip_id': '1-0-2', 'agency_name': 'Unknown'}, {'duration': 30, 'departure_time': 4920, 'arrival_time': 4950, 'day': 'current_day', 'from_stop_id': 'A-1', 'to_stop_id': 'A-0', 'trip_id': 'walking', 'agency_name': 'Unknown'}, {'duration': 1800, 'departure_time': 6000, 'arrival_time': 7800, 'day': 'current_day', 'from_stop_id': 'A-0', 'to_stop_id': 'B-0', 'trip_id': 'IE-5-0', 'agency_name': 'Unknown'}, {'duration': 30, 'departure_time': 7800, 'arrival_time': 7830, 'day': 'current_day', 'from_stop_id': 'B-0', 'to_stop_id': 'B-4', 'trip_id': 'walking', 'agency_name': 'Unknown'}, {'duration': 720, 'departure_time': 7980, 'arrival_time': 8700, 'day': 'current_day', 'from_stop_id': 'B-4', 'to_stop_id': '133-4', 'trip_id': '9-1-7', 'agency_name': 'Unknown'}]}",4380.0
35,145,10380,inter,left,70,[35],[145],0,0,0,0,10380,10440.0,14520.0,14580.0,4080.0,4.0,35,145,,,pt,14580.0,4200.0,"{'duration': 4080, 'source_transfer_time': 0, 'waiting_time': 90, 'trip_time': 3990, 'num_transfers': 4, 'departure_time': 10440, 'departure_day': 'current_day', 'arrival_time': 14520, 'arrival_day': 'current_day', 'steps': [{'duration': 450, 'departure_time': 10530, 'arrival_time': 10980, 'day': 'current_day', 'from_stop_id': '35-4', 'to_stop_id': 'A-4', 'trip_id': '7-0-12', 'agency_name': 'Unknown'}, {'duration': 30, 'departure_time': 10980, 'arrival_time': 11010, 'day': 'current_day', 'from_stop_id': 'A-4', 'to_stop_id': 'A-0', 'trip_id': 'walking', 'agency_name': 'Unknown'}, {'duration': 1800, 'departure_time': 12000, 'arrival_time': 13800, 'day': 'current_day', 'from_stop_id': 'A-0', 'to_stop_id': 'B-0', 'trip_id': 'IE-10-0', 'agency_name': 'Unknown'}, {'duration': 30, 'departure_time': 13800, 'arrival_time': 13830, 'day': 'current_day', 'from_stop_id': 'B-0', 'to_stop_id': 'B-4', 'trip_id': 'walking', 'agency_name': 'Unknown'}, {'duration': 540, 'departure_time': 13980, 'arrival_time': 14520, 'day': 'current_day', 'from_stop_id': 'B-4', 'to_stop_id': '145-4', 'trip_id': '9-1-17', 'agency_name': 'Unknown'}]}",4200.0
23,171,11820,inter,left,71,[23],[161; 170; 172; 179],0,0,500,375,11820,11880.0,15300.0,15360.0,3420.0,4.0,23,179,,,pt,15735.0,3915.0,"{'duration': 3420, 'source_transfer_time': 0, 'waiting_time': 270, 'trip_time': 3150, 'num_transfers': 4, 'departure_time': 11880, 'departure_day': 'current_day', 'arrival_time': 15300, 'arrival_day': 'current_day', 'steps': [{'duration': 630, 'departure_time': 12150, 'arrival_time': 12780, 'day': 'current_day', 'from_stop_id': '23-4', 'to_stop_id': 'A-4', 'trip_id': '7-0-15', 'agency_name': 'Unknown'}, {'duration': 30, 'departure_time': 12780, 'arrival_time': 12810, 'day': 'current_day', 'from_stop_id': 'A-4', 'to_stop_id': 'A-0', 'trip_id': 'walking', 'agency_name': 'Unknown'}, {'duration': 1800, 'departure_time': 13200, 'arrival_time': 15000, 'day': 'current_day', 'from_stop_id': 'A-0', 'to_stop_id': 'B-0', 'trip_id': 'IE-11-0', 'agency_name': 'Unknown'}, {'duration': 30, 'departure_time': 15000, 'arrival_time': 15030, 'day': 'current_day', 'from_stop_id': 'B-0', 'to_stop_id': 'B-1', 'trip_id': 'walking', 'agency_name': 'Unknown'}, {'duration': 180, 'departure_time': 15120, 'arrival_time': 15300, 'day': 'current_day', 'from_stop_id': 'B-1', 'to_stop_id': '179-1', 'trip_id': '3-0-19', 'agency_name': 'Unknown'}]}",3915.0
64,192,8400,inter,left,72,[64],[182],0,0,500,375,8400,8460.0,11970.0,12030.0,3510.0,6.0,64,182,,,pt,12405.0,4005.0,"{'duration': 3510, 'source_transfer_time': 0, 'waiting_time': 10, 'trip_time': 3500, 'num_transfers': 6, 'departure_time': 8460, 'departure_day': 'current_day', 'arrival_time': 11970, 'arrival_day': 'current_day', 'steps': [{'duration': 490, 'departure_time': 8470, 'arrival_time': 8960, 'day': 'current_day', 'from_stop_id': '64-3', 'to_stop_id': '88-3', 'trip_id': '5-1-7', 'agency_name': 'Unknown'}, {'duration': 30, 'departure_time': 8960, 'arrival_time': 8990, 'day': 'current_day', 'from_stop_id': '88-3', 'to_stop_id': '88-2', 'trip_id': 'walking', 'agency_name': 'Unknown'}, {'duration': 270, 'departure_time': 9150, 'arrival_time': 9420, 'day': 'current_day', 'from_stop_id': '88-2', 'to_stop_id': 'A-2', 'trip_id': '2-0-9', 'agency_name': 'Unknown'}, {'duration': 30, 'departure_time': 9420, 'arrival_time': 9450, 'day': 'current_day', 'from_stop_id': 'A-2', 'to_stop_id': 'A-0', 'trip_id': 'walking', 'agency_name': 'Unknown'}, {'duration': 1800, 'departure_time': 9600, 'arrival_time': 11400, 'day': 'current_day', 'from_stop_id': 'A-0', 'to_stop_id': 'B-0', 'trip_id': 'IE-8-0', 'agency_name': 'Unknown'}, {'duration': 30, 'departure_time': 11400, 'arrival_time': 11430, 'day': 'current_day', 'from_stop_id': 'B-0', 'to_stop_id': 'B-1', 'trip_id': 'walking', 'agency_name': 'Unknown'}, {'duration': 450, 'departure_time': 11520, 'arrival_time': 11970, 'day': 'current_day', 'from_stop_id': 'B-1', 'to_stop_id': '182-1', 'trip_id': '3-0-13', 'agency_name': 'Unknown'}]}",4005.0
78,204,12060,inter,left,73,[67; 77; 79; 89],[206; 216; 226],500,375,1000,751,12435,12495.0,15860.0,15920.0,3365.0,6.0,67,206,,,pt,16671.0,4611.0,"{'duration': 3365, 'source_transfer_time': 0, 'waiting_time': 105, 'trip_time': 3260, 'num_transfers': 6, 'departure_time': 12495, 'departure_day': 'current_day', 'arrival_time': 15860, 'arrival_day': 'current_day', 'steps': [{'duration': 180, 'departure_time': 12600, 'arrival_time': 12780, 'day': 'current_day', 'from_stop_id': '67-4', 'to_stop_id': 'A-4', 'trip_id': '7-1-15', 'agency_name': 'Unknown'}, {'duration': 30, 'departure_time': 12780, 'arrival_time': 12810, 'day': 'current_day', 'from_stop_id': 'A-4', 'to_stop_id': 'A-0', 'trip_id': 'walking', 'agency_name': 'Unknown'}, {'duration': 1800, 'departure_time': 13200, 'arrival_time': 15000, 'day': 'current_day', 'from_stop_id': 'A-0', 'to_stop_id': 'B-0', 'trip_id': 'IE-11-0', 'agency_name': 'Unknown'}, {'duration': 30, 'departure_time': 15000, 'arrival_time': 15030, 'day': 'current_day', 'from_stop_id': 'B-0', 'to_stop_id': 'B-1', 'trip_id': 'walking', 'agency_name': 'Unknown'}, {'duration': 270, 'departure_time': 15120, 'arrival_time': 15390, 'day': 'current_day', 'from_stop_id': 'B-1', 'to_stop_id': '177-1', 'trip_id': '3-1-19', 'agency_name': 'Unknown'}, {'duration': 30, 'departure_time': 15390, 'arrival_time': 15420, 'day': 'current_day', 'from_stop_id': '177-1', 'to_stop_id': '177-3', 'trip_id': 'walking', 'agency_name': 'Unknown'}, {'duration': 290, 'departure_time': 15570, 'arrival_time': 15860, 'day': 'current_day', 'from_stop_id': '177-3', 'to_stop_id': '206-3', 'trip_id': '6-1-19', 'agency_name': 'Unknown'}]}",4611.0
3,158,11910,inter,left,74,[5; 25],[147; 157; 159; 169],1000,751,500,375,12661,12721.0,16560.0,16620.0,3839.0,4.0,5,169,,,pt,16995.0,5085.0,"{'duration': 3839, 'source_transfer_time': 0, 'waiting_time': 449, 'trip_time': 3390, 'num_transfers': 4, 'departure_time': 12721, 'departure_day': 'current_day', 'arrival_time': 16560, 'arrival_day': 'current_day', 'steps': [{'duration': 450, 'departure_time': 13170, 'arrival_time': 13620, 'day': 'current_day', 'from_stop_id': '5-2', 'to_stop_id': 'A-2', 'trip_id': '2-1-16', 'agency_name': 'Unknown'}, {'duration': 30, 'departure_time': 13620, 'arrival_time': 13650, 'day': 'current_day', 'from_stop_id': 'A-2', 'to_stop_id': 'A-0', 'trip_id': 'walking', 'agency_name': 'Unknown'}, {'duration': 1800, 'departure_time': 14400, 'arrival_time': 16200, 'day': 'current_day', 'from_stop_id': 'A-0', 'to_stop_id': 'B-0', 'trip_id': 'IE-12-0', 'agency_name': 'Unknown'}, {'duration': 30, 'departure_time': 16200, 'arrival_time': 16230, 'day': 'current_day', 'from_stop_id': 'B-0', 'to_stop_id': 'B-4', 'trip_id': 'walking', 'agency_name': 'Unknown'}, {'duration': 180, 'departure_time': 16380, 'arrival_time': 16560, 'day': 'current_day', 'from_stop_id': 'B-4', 'to_stop_id': '169-4', 'trip_id': '9-1-21', 'agency_name': 'Unknown'}]}",5085.0
23,230,13560,inter,left,75,[23],[231],0,0,500,375,13560,13620.0,18270.0,18330.0,4650.0,4.0,23,231,,,pt,18705.0,5145.0,"{'duration': 4650, 'source_transfer_time': 0, 'waiting_time': 330, 'trip_time': 4320, 'num_transfers': 4, 'departure_time': 13620, 'departure_day': 'current_day', 'arrival_time': 18270, 'arrival_day': 'current_day', 'steps': [{'duration': 630, 'departure_time': 13950, 'arrival_time': 14580, 'day': 'current_day', 'from_stop_id': '23-4', 'to_stop_id': 'A-4', 'trip_id': '7-0-18', 'agency_name': 'Unknown'}, {'duration': 30, 'departure_time': 14580, 'arrival_time': 14610, 'day': 'current_day', 'from_stop_id': 'A-4', 'to_stop_id': 'A-0', 'trip_id': 'walking', 'agency_name': 'Unknown'}, {'duration': 1800, 'departure_time': 15600, 'arrival_time': 17400, 'day': 'current_day', 'from_stop_id': 'A-0', 'to_stop_id': 'B-0', 'trip_id': 'IE-13-0', 'agency_name': 'Unknown'}, {'duration': 30, 'departure_time': 17400, 'arrival_time': 17430, 'day': 'current_day', 'from_stop_id': 'B-0', 'to_stop_id': 'B-2', 'trip_id': 'walking', 'agency_name': 'Unknown'}, {'duration': 450, 'departure_time': 17820, 'arrival_time': 18270, 'day': 'current_day', 'from_stop_id': 'B-2', 'to_stop_id': '231-2', 'trip_id': '4-1-23', 'agency_name': 'Unknown'}]}",5145.0
18,155,14040,inter,left,76,[19; 29],[144; 156],500,375,500,375,14415,14475.0,18030.0,18090.0,3555.0,4.0,19,156,,,pt,18465.0,4425.0,"{'duration': 3555, 'source_transfer_time': 0, 'waiting_time': 375, 'trip_time': 3180, 'num_transfers': 4, 'departure_time': 14475, 'departure_day': 'current_day', 'arrival_time': 18030, 'arrival_day': 'current_day', 'steps': [{'duration': 630, 'departure_time': 14850, 'arrival_time': 15480, 'day': 'current_day', 'from_stop_id': '19-5', 'to_stop_id': 'A-5', 'trip_id': '8-0-19', 'agency_name': 'Unknown'}, {'duration': 30, 'departure_time': 15480, 'arrival_time': 15510, 'day': 'current_day', 'from_stop_id': 'A-5', 'to_stop_id': 'A-0', 'trip_id': 'walking', 'agency_name': 'Unknown'}, {'duration': 1800, 'departure_time': 15600, 'arrival_time': 17400, 'day': 'current_day', 'from_stop_id': 'A-0', 'to_stop_id': 'B-0', 'trip_id': 'IE-13-0', 'agency_name': 'Unknown'}, {'duration': 30, 'departure_time': 17400, 'arrival_time': 17430, 'day': 'current_day', 'from_stop_id': 'B-0', 'to_stop_id': 'B-4', 'trip_id': 'walking', 'agency_name': 'Unknown'}, {'duration': 450, 'departure_time': 17580, 'arrival_time': 18030, 'day': 'current_day', 'from_stop_id': 'B-4', 'to_stop_id': '156-4', 'trip_id': '9-1-23', 'agency_name': 'Unknown'}]}",4425.0
6,191,8010,inter,left,77,[5],[181; 190],500,375,500,375,8385,8445.0,11880.0,11940.0,3435.0,4.0,5,181,,,pt,12315.0,4305.0,"{'duration': 3435, 'source_transfer_time': 0, 'waiting_time': 525, 'trip_time': 2910, 'num_transfers': 4, 'departure_time': 8445, 'departure_day': 'current_day', 'arrival_time': 11880, 'arrival_day': 'current_day', 'steps': [{'duration': 450, 'departure_time': 8970, 'arrival_time': 9420, 'day': 'current_day', 'from_stop_id': '5-2', 'to_stop_id': 'A-2', 'trip_id': '2-1-9', 'agency_name': 'Unknown'}, {'duration': 30, 'departure_time': 9420, 'arrival_time': 9450, 'day': 'current_day', 'from_stop_id': 'A-2', 'to_stop_id': 'A-0', 'trip_id': 'walking', 'agency_name': 'Unknown'}, {'duration': 1800, 'departure_time': 9600, 'arrival_time': 11400, 'day': 'current_day', 'from_stop_id': 'A-0', 'to_stop_id': 'B-0', 'trip_id': 'IE-8-0', 'agency_name': 'Unknown'}, {'duration': 30, 'departure_time': 11400, 'arrival_time': 11430, 'day': 'current_day', 'from_stop_id': 'B-0', 'to_stop_id': 'B-1', 'trip_id': 'walking', 'agency_name': 'Unknown'}, {'duration': 360, 'departure_time': 11520, 'arrival_time': 11880, 'day': 'current_day', 'from_stop_id': 'B-1', 'to_stop_id': '181-1', 'trip_id': '3-0-13', 'agency_name': 'Unknown'}]}",4305.0
60,198,10530,inter,left,78,[60],[198],0,0,0,0,10530,10590.0,14400.0,14460.0,3810.0,4.0,60,198,,,pt,14460.0,3930.0,"{'duration': 3810, 'source_transfer_time': 0, 'waiting_time': 570, 'trip_time': 3240, 'num_transfers': 4, 'departure_time': 10590, 'departure_day': 'current_day', 'arrival_time': 14400, 'arrival_day': 'current_day', 'steps': [{'duration': 360, 'departure_time': 11160, 'arrival_time': 11520, 'day': 'current_day', 'from_stop_id': '60-1', 'to_stop_id': 'A-1', 'trip_id': '1-1-13', 'agency_name': 'Unknown'}, {'duration': 30, 'departure_time': 11520, 'arrival_time': 11550, 'day': 'current_day', 'from_stop_id': 'A-1', 'to_stop_id': 'A-0', 'trip_id': 'walking', 'agency_name': 'Unknown'}, {'duration': 1800, 'departure_time': 12000, 'arrival_time': 13800, 'day': 'current_day', 'from_stop_id': 'A-0', 'to_stop_id': 'B-0', 'trip_id': 'IE-10-0', 'agency_name': 'Unknown'}, {'duration': 30, 'departure_time': 13800, 'arrival_time': 13830, 'day': 'current_day', 'from_stop_id': 'B-0', 'to_stop_id': 'B-2', 'trip_id': 'walking', 'agency_name': 'Unknown'}, {'duration': 180, 'departure_time': 14220, 'arrival_time': 14400, 'day': 'current_day', 'from_stop_id': 'B-2', 'to_stop_id': '198-2', 'trip_id': '4-1-17', 'agency_name': 'Unknown'}]}",3930.0
109,160,5520,inter,left,79,[110],[160],500,375,0,0,5895,5955.0,9750.0,9810.0,3795.0,4.0,110,160,,,pt,9810.0,4290.0,"{'duration': 3795, 'source_transfer_time': 0, 'waiting_time': 15, 'trip_time': 3780, 'num_transfers': 4, 'departure_time': 5955, 'departure_day': 'current_day', 'arrival_time': 9750, 'arrival_day': 'current_day', 'steps': [{'duration': 450, 'departure_time': 5970, 'arrival_time': 6420, 'day': 'current_day', 'from_stop_id': '110-2', 'to_stop_id': 'A-2', 'trip_id': '2-0-4', 'agency_name': 'Unknown'}, {'duration': 30, 'departure_time': 6420, 'arrival_time': 6450, 'day': 'current_day', 'from_stop_id': 'A-2', 'to_stop_id': 'A-0', 'trip_id': 'walking', 'agency_name': 'Unknown'}, {'duration': 1800, 'departure_time': 7200, 'arrival_time': 9000, 'day': 'current_day', 'from_stop_id': 'A-0', 'to_stop_id': 'B-0', 'trip_id': 'IE-6-0', 'agency_name': 'Unknown'}, {'duration': 30, 'departure_time': 9000, 'arrival_time': 9030, 'day': 'current_day', 'from_stop_id': 'B-0', 'to_stop_id': 'B-5', 'trip_id': 'walking', 'agency_name': 'Unknown'}, {'duration': 270, 'departure_time': 9480, 'arrival_time': 9750, 'day': 'current_day', 'from_stop_id': 'B-5', 'to_stop_id': '160-5', 'trip_id': '10-1-9', 'agency_name': 'Unknown'}]}",4290.0
60,133,3720,inter,left,80,[60],[133],0,0,0,0,3720,3780.0,7500.0,7560.0,3720.0,4.0,60,133,,,pt,7560.0,3840.0,"{'duration': 3720, 'source_transfer_time': 0, 'waiting_time': 180, 'trip_time': 3540, 'num_transfers': 4, 'departure_time': 3780, 'departure_day': 'current_day', 'arrival_time': 7500, 'arrival_day': 'current_day', 'steps': [{'duration': 360, 'departure_time': 3960, 'arrival_time': 4320, 'day': 'current_day', 'from_stop_id': '60-1', 'to_stop_id': 'A-1', 'trip_id': '1-1-1', 'agency_name': 'Unknown'}, {'duration': 30, 'departure_time': 4320, 'arrival_time': 4350, 'day': 'current_day', 'from_stop_id': 'A-1', 'to_stop_id': 'A-0', 'trip_id': 'walking', 'agency_name': 'Unknown'}, {'duration': 1800, 'departure_time': 4800, 'arrival_time': 6600, 'day': 'current_day', 'from_stop_id': 'A-0', 'to_stop_id': 'B-0', 'trip_id': 'IE-4-0', 'agency_name': 'Unknown'}, {'duration': 30, 'departure_time': 6600, 'arrival_time': 6630, 'day': 'current_day', 'from_stop_id': 'B-0', 'to_stop_id': 'B-4', 'trip_id': 'walking', 'agency_name': 'Unknown'}, {'duration': 720, 'departure_time': 6780, 'arrival_time': 7500, 'day': 'current_day', 'from_stop_id': 'B-4', 'to_stop_id': '133-4', 'trip_id': '9-1-5', 'agency_name': 'Unknown'}]}",3840.0
100,179,10260,inter,left,81,[89; 99],[179],500,375,0,0,10635,10695.0,14100.0,14160.0,3405.0,6.0,89,179,,,pt,14160.0,3900.0,"{'duration': 3405, 'source_transfer_time': 0, 'waiting_time': 575, 'trip_time': 2830, 'num_transfers': 6, 'departure_time': 10695, 'departure_day': 'current_day', 'arrival_time': 14100, 'arrival_day': 'current_day', 'steps': [{'duration': 90, 'departure_time': 11270, 'arrival_time': 11360, 'day': 'current_day', 'from_stop_id': '89-3', 'to_stop_id': '88-3', 'trip_id': '5-0-9', 'agency_name': 'Unknown'}, {'duration': 30, 'departure_time': 11360, 'arrival_time': 11390, 'day': 'current_day', 'from_stop_id': '88-3', 'to_stop_id': '88-2', 'trip_id': 'walking', 'agency_name': 'Unknown'}, {'duration': 270, 'departure_time': 11550, 'arrival_time': 11820, 'day': 'current_day', 'from_stop_id': '88-2', 'to_stop_id': 'A-2', 'trip_id': '2-0-13', 'agency_name': 'Unknown'}, {'duration': 30, 'departure_time': 11820, 'arrival_time': 11850, 'day': 'current_day', 'from_stop_id': 'A-2', 'to_stop_id': 'A-0', 'trip_id': 'walking', 'agency_name': 'Unknown'}, {'duration': 1800, 'departure_time': 12000, 'arrival_time': 13800, 'day': 'current_day', 'from_stop_id': 'A-0', 'to_stop_id': 'B-0', 'trip_id': 'IE-10-0', 'agency_name': 'Unknown'}, {'duration': 30, 'departure_time': 13800, 'arrival_time': 13830, 'day': 'current_day', 'from_stop_id': 'B-0', 'to_stop_id': 'B-1', 'trip_id': 'walking', 'agency_name': 'Unknown'}, {'duration': 180, 'departure_time': 13920, 'arrival_time': 14100, 'day': 'current_day', 'from_stop_id': 'B-1', 'to_stop_id': '179-1', 'trip_id': '3-0-17', 'agency_name': 'Unknown'}]}",3900.0
21,229,11280,inter,left,82,[10; 20],[207; 217; 227; 231],500,375,1000,751,11655,11715.0,15870.0,15930.0,4155.0,4.0,10,231,,,pt,16681.0,5401.0,"{'duration': 4155, 'source_transfer_time': 0, 'waiting_time': 465, 'trip_time': 3690, 'num_transfers': 4, 'departure_time': 11715, 'departure_day': 'current_day', 'arrival_time': 15870, 'arrival_day': 'current_day', 'steps': [{'duration': 900, 'departure_time': 12180, 'arrival_time': 13080, 'day': 'current_day', 'from_stop_id': '10-5', 'to_stop_id': 'A-5', 'trip_id': '8-0-15', 'agency_name': 'Unknown'}, {'duration': 30, 'departure_time': 13080, 'arrival_time': 13110, 'day': 'current_day', 'from_stop_id': 'A-5', 'to_stop_id': 'A-0', 'trip_id': 'walking', 'agency_name': 'Unknown'}, {'duration': 1800, 'departure_time': 13200, 'arrival_time': 15000, 'day': 'current_day', 'from_stop_id': 'A-0', 'to_stop_id': 'B-0', 'trip_id': 'IE-11-0', 'agency_name': 'Unknown'}, {'duration': 30, 'departure_time': 15000, 'arrival_time': 15030, 'day': 'current_day', 'from_stop_id': 'B-0', 'to_stop_id': 'B-2', 'trip_id': 'walking', 'agency_name': 'Unknown'}, {'duration': 450, 'departure_time': 15420, 'arrival_time': 15870, 'day': 'current_day', 'from_stop_id': 'B-2', 'to_stop_id': '231-2', 'trip_id': '4-1-19', 'agency_name': 'Unknown'}]}",5401.0
35,198,4230,inter,left,83,[35],[198],0,0,0,0,4230,4290.0,8400.0,8460.0,4110.0,4.0,35,198,,,pt,8460.0,4230.0,"{'duration': 4110, 'source_transfer_time': 0, 'waiting_time': 240, 'trip_time': 3870, 'num_transfers': 4, 'departure_time': 4290, 'departure_day': 'current_day', 'arrival_time': 8400, 'arrival_day': 'current_day', 'steps': [{'duration': 450, 'departure_time': 4530, 'arrival_time': 4980, 'day': 'current_day', 'from_stop_id': '35-4', 'to_stop_id': 'A-4', 'trip_id': '7-0-2', 'agency_name': 'Unknown'}, {'duration': 30, 'departure_time': 4980, 'arrival_time': 5010, 'day': 'current_day', 'from_stop_id': 'A-4', 'to_stop_id': 'A-0', 'trip_id': 'walking', 'agency_name': 'Unknown'}, {'duration': 1800, 'departure_time': 6000, 'arrival_time': 7800, 'day': 'current_day', 'from_stop_id': 'A-0', 'to_stop_id': 'B-0', 'trip_id': 'IE-5-0', 'agency_name': 'Unknown'}, {'duration': 30, 'departure_time': 7800, 'arrival_time': 7830, 'day': 'current_day', 'from_stop_id': 'B-0', 'to_stop_id': 'B-2', 'trip_id': 'walking', 'agency_name': 'Unknown'}, {'duration': 180, 'departure_time': 8220, 'arrival_time': 8400, 'day': 'current_day', 'from_stop_id': 'B-2', 'to_stop_id': '198-2', 'trip_id': '4-1-7', 'agency_name': 'Unknown'}]}",4230.0
68,219,6390,inter,left,84,[68],[208; 220],0,0,500,375,6390,6450.0,9780.0,9840.0,3330.0,4.0,68,220,,,pt,10215.0,3825.0,"{'duration': 3330, 'source_transfer_time': 0, 'waiting_time': 60, 'trip_time': 3270, 'num_transfers': 4, 'departure_time': 6450, 'departure_day': 'current_day', 'arrival_time': 9780, 'arrival_day': 'current_day', 'steps': [{'duration': 270, 'departure_time': 6510, 'arrival_time': 6780, 'day': 'current_day', 'from_stop_id': '68-4', 'to_stop_id': 'A-4', 'trip_id': '7-1-5', 'agency_name': 'Unknown'}, {'duration': 30, 'departure_time': 6780, 'arrival_time': 6810, 'day': 'current_day', 'from_stop_id': 'A-4', 'to_stop_id': 'A-0', 'trip_id': 'walking', 'agency_name': 'Unknown'}, {'duration': 1800, 'departure_time': 7200, 'arrival_time': 9000, 'day': 'current_day', 'from_stop_id': 'A-0', 'to_stop_id': 'B-0', 'trip_id': 'IE-6-0', 'agency_name': 'Unknown'}, {'duration': 30, 'departure_time': 9000, 'arrival_time': 9030, 'day': 'current_day', 'from_stop_id': 'B-0', 'to_stop_id': 'B-2', 'trip_id': 'walking', 'agency_name': 'Unknown'}, {'duration': 360, 'departure_time': 9420, 'arrival_time': 9780, 'day': 'current_day', 'from_stop_id': 'B-2', 'to_stop_id': '220-2', 'trip_id': '4-1-9', 'agency_name': 'Unknown'}]}",3825.0
69,234,10170,inter,left,85,[69],[212; 224; 236],0,0,1000,751,10170,10230.0,14520.0,14580.0,4290.0,6.0,69,212,,,pt,15331.0,5161.0,"{'duration': 4290, 'source_transfer_time': 0, 'waiting_time': 40, 'trip_time': 4250, 'num_transfers': 6, 'departure_time': 10230, 'departure_day': 'current_day', 'arrival_time': 14520, 'arrival_day': 'current_day', 'steps': [{'duration': 90, 'departure_time': 10270, 'arrival_time': 10360, 'day': 'current_day', 'from_stop_id': '69-3', 'to_stop_id': '80-3', 'trip_id': '5-0-8', 'agency_name': 'Unknown'}, {'duration': 30, 'departure_time': 10360, 'arrival_time': 10390, 'day': 'current_day', 'from_stop_id': '80-3', 'to_stop_id': '80-4', 'trip_id': 'walking', 'agency_name': 'Unknown'}, {'duration': 450, 'departure_time': 10530, 'arrival_time': 10980, 'day': 'current_day', 'from_stop_id': '80-4', 'to_stop_id': 'A-4', 'trip_id': '7-1-12', 'agency_name': 'Unknown'}, {'duration': 30, 'departure_time': 10980, 'arrival_time': 11010, 'day': 'current_day', 'from_stop_id': 'A-4', 'to_stop_id': 'A-0', 'trip_id': 'walking', 'agency_name': 'Unknown'}, {'duration': 1800, 'departure_time': 12000, 'arrival_time': 13800, 'day': 'current_day', 'from_stop_id': 'A-0', 'to_stop_id': 'B-0', 'trip_id': 'IE-10-0', 'agency_name': 'Unknown'}, {'duration': 30, 'departure_time': 13800, 'arrival_time': 13830, 'day': 'current_day', 'from_stop_id': 'B-0', 'to_stop_id': 'B-4', 'trip_id': 'walking', 'agency_name': 'Unknown'}, {'duration': 540, 'departure_time': 13980, 'arrival_time': 14520, 'day': 'current_day', 'from_stop_id': 'B-4', 'to_stop_id': '212-4', 'trip_id': '9-0-17', 'agency_name': 'Unknown'}]}",5161.0
45,153,5550,inter,left,86,[46; 55],[131; 141; 151],500,375,1000,751,5925,5985.0,9860.0,9920.0,3875.0,8.0,46,151,,,pt,10671.0,5121.0,"{'duration': 3875, 'source_transfer_time': 0, 'waiting_time': 85, 'trip_time': 3790, 'num_transfers': 8, 'departure_time': 5985, 'departure_day': 'current_day', 'arrival_time': 9860, 'arrival_day': 'current_day', 'steps': [{'duration': 90, 'departure_time': 6070, 'arrival_time': 6160, 'day': 'current_day', 'from_stop_id': '46-3', 'to_stop_id': '35-3', 'trip_id': '5-0-3', 'agency_name': 'Unknown'}, {'duration': 30, 'departure_time': 6160, 'arrival_time': 6190, 'day': 'current_day', 'from_stop_id': '35-3', 'to_stop_id': '35-4', 'trip_id': 'walking', 'agency_name': 'Unknown'}, {'duration': 450, 'departure_time': 6330, 'arrival_time': 6780, 'day': 'current_day', 'from_stop_id': '35-4', 'to_stop_id': 'A-4', 'trip_id': '7-0-5', 'agency_name': 'Unknown'}, {'duration': 30, 'departure_time': 6780, 'arrival_time': 6810, 'day': 'current_day', 'from_stop_id': 'A-4', 'to_stop_id': 'A-0', 'trip_id': 'walking', 'agency_name': 'Unknown'}, {'duration': 1800, 'departure_time': 7200, 'arrival_time': 9000, 'day': 'current_day', 'from_stop_id': 'A-0', 'to_stop_id': 'B-0', 'trip_id': 'IE-6-0', 'agency_name': 'Unknown'}, {'duration': 30, 'departure_time': 9000, 'arrival_time': 9030, 'day': 'current_day', 'from_stop_id': 'B-0', 'to_stop_id': 'B-1', 'trip_id': 'walking', 'agency_name': 'Unknown'}, {'duration': 270, 'departure_time': 9120, 'arrival_time': 9390, 'day': 'current_day', 'from_stop_id': 'B-1', 'to_stop_id': '180-1', 'trip_id': '3-0-9', 'agency_name': 'Unknown'}, {'duration': 30, 'departure_time': 9390, 'arrival_time': 9420, 'day': 'current_day', 'from_stop_id': '180-1', 'to_stop_id': '180-3', 'trip_id': 'walking', 'agency_name': 'Unknown'}, {'duration': 290, 'departure_time': 9570, 'arrival_time': 9860, 'day': 'current_day', 'from_stop_id': '180-3', 'to_stop_id': '151-3', 'trip_id': '6-1-7', 'agency_name': 'Unknown'}]}",5121.0
95,192,9450,inter,left,87,[95],[182],0,0,500,375,9450,9510.0,13170.0,13230.0,3660.0,4.0,95,182,,,pt,13605.0,4155.0,"{'duration': 3660, 'source_transfer_time': 0, 'waiting_time': 450, 'trip_time': 3210, 'num_transfers': 4, 'departure_time': 9510, 'departure_day': 'current_day', 'arrival_time': 13170, 'arrival_day': 'current_day', 'steps': [{'duration': 720, 'departure_time': 9960, 'arrival_time': 10680, 'day': 'current_day', 'from_stop_id': '95-5', 'to_stop_id': 'A-5', 'trip_id': '8-1-11', 'agency_name': 'Unknown'}, {'duration': 30, 'departure_time': 10680, 'arrival_time': 10710, 'day': 'current_day', 'from_stop_id': 'A-5', 'to_stop_id': 'A-0', 'trip_id': 'walking', 'agency_name': 'Unknown'}, {'duration': 1800, 'departure_time': 10800, 'arrival_time': 12600, 'day': 'current_day', 'from_stop_id': 'A-0', 'to_stop_id': 'B-0', 'trip_id': 'IE-9-0', 'agency_name': 'Unknown'}, {'duration': 30, 'departure_time': 12600, 'arrival_time': 12630, 'day': 'current_day', 'from_stop_id': 'B-0', 'to_stop_id': 'B-1', 'trip_id': 'walking', 'agency_name': 'Unknown'}, {'duration': 450, 'departure_time': 12720, 'arrival_time': 13170, 'day': 'current_day', 'from_stop_id': 'B-1', 'to_stop_id': '182-1', 'trip_id': '3-0-15', 'agency_name': 'Unknown'}]}",4155.0
87,146,7050,inter,left,88,[87],[146],0,0,0,0,7050,7110.0,11160.0,11220.0,4050.0,8.0,87,146,,,pt,11220.0,4170.0,"{'duration': 4050, 'source_transfer_time': 0, 'waiting_time': 560, 'trip_time': 3490, 'num_transfers': 8, 'departure_time': 7110, 'departure_day': 'current_day', 'arrival_time': 11160, 'arrival_day': 'current_day', 'steps': [{'duration': 90, 'departure_time': 7670, 'arrival_time': 7760, 'day': 'current_day', 'from_stop_id': '87-3', 'to_stop_id': '88-3', 'trip_id': '5-1-5', 'agency_name': 'Unknown'}, {'duration': 30, 'departure_time': 7760, 'arrival_time': 7790, 'day': 'current_day', 'from_stop_id': '88-3', 'to_stop_id': '88-2', 'trip_id': 'walking', 'agency_name': 'Unknown'}, {'duration': 270, 'departure_time': 7950, 'arrival_time': 8220, 'day': 'current_day', 'from_stop_id': '88-2', 'to_stop_id': 'A-2', 'trip_id': '2-0-7', 'agency_name': 'Unknown'}, {'duration': 30, 'departure_time': 8220, 'arrival_time': 8250, 'day': 'current_day', 'from_stop_id': 'A-2', 'to_stop_id': 'A-0', 'trip_id': 'walking', 'agency_name': 'Unknown'}, {'duration': 1800, 'departure_time': 8400, 'arrival_time': 10200, 'day': 'current_day', 'from_stop_id': 'A-0', 'to_stop_id': 'B-0', 'trip_id': 'IE-7-0', 'agency_name': 'Unknown'}, {'duration': 30, 'departure_time': 10200, 'arrival_time': 10230, 'day': 'current_day', 'from_stop_id': 'B-0', 'to_stop_id': 'B-1', 'trip_id': 'walking', 'agency_name': 'Unknown'}, {'duration': 270, 'departure_time': 10320, 'arrival_time': 10590, 'day': 'current_day', 'from_stop_id': 'B-1', 'to_stop_id': '177-1', 'trip_id': '3-1-11', 'agency_name': 'Unknown'}, {'duration': 30, 'departure_time': 10590, 'arrival_time': 10620, 'day': 'current_day', 'from_stop_id': '177-1', 'to_stop_id': '177-3', 'trip_id': 'walking', 'agency_name': 'Unknown'}, {'duration': 390, 'departure_time': 10770, 'arrival_time': 11160, 'day': 'current_day', 'from_stop_id': '177-3', 'to_stop_id': '146-3', 'trip_id': '6-0-11', 'agency_name': 'Unknown'}]}",4170.0
26,199,8100,inter,left,89,[26],[188; 198; 200; 210],0,0,500,375,8100,8160.0,11760.0,11820.0,3600.0,6.0,26,188,,,pt,12195.0,4095.0,"{'duration': 3600, 'source_transfer_time': 0, 'waiting_time': 110, 'trip_time': 3490, 'num_transfers': 6, 'departure_time': 8160, 'departure_day': 'current_day', 'arrival_time': 11760, 'arrival_day': 'current_day', 'steps': [{'duration': 90, 'departure_time': 8270, 'arrival_time': 8360, 'day': 'current_day', 'from_stop_id': '26-3', 'to_stop_id': '27-3', 'trip_id': '5-0-6', 'agency_name': 'Unknown'}, {'duration': 30, 'departure_time': 8360, 'arrival_time': 8390, 'day': 'current_day', 'from_stop_id': '27-3', 'to_stop_id': '27-2', 'trip_id': 'walking', 'agency_name': 'Unknown'}, {'duration': 270, 'departure_time': 8550, 'arrival_time': 8820, 'day': 'current_day', 'from_stop_id': '27-2', 'to_stop_id': 'A-2', 'trip_id': '2-1-8', 'agency_name': 'Unknown'}, {'duration': 30, 'departure_time': 8820, 'arrival_time': 8850, 'day': 'current_day', 'from_stop_id': 'A-2', 'to_stop_id': 'A-0', 'trip_id': 'walking', 'agency_name': 'Unknown'}, {'duration': 1800, 'departure_time': 9600, 'arrival_time': 11400, 'day': 'current_day', 'from_stop_id': 'A-0', 'to_stop_id': 'B-0', 'trip_id': 'IE-8-0', 'agency_name': 'Unknown'}, {'duration': 30, 'departure_time': 11400, 'arrival_time': 11430, 'day': 'current_day', 'from_stop_id': 'B-0', 'to_stop_id': 'B-4', 'trip_id': 'walking', 'agency_name': 'Unknown'}, {'duration': 180, 'departure_time': 11580, 'arrival_time': 11760, 'day': 'current_day', 'from_stop_id': 'B-4', 'to_stop_id': '188-4', 'trip_id': '9-0-13', 'agency_name': 'Unknown'}]}",4095.0
76,132,12180,inter,left,90,[76],[132],0,0,0,0,12180,12240.0,15990.0,16050.0,3750.0,4.0,76,132,,,pt,16050.0,3870.0,"{'duration': 3750, 'source_transfer_time': 0, 'waiting_time': 570, 'trip_time': 3180, 'num_transfers': 4, 'departure_time': 12240, 'departure_day': 'current_day', 'arrival_time': 15990, 'arrival_day': 'current_day', 'steps': [{'duration': 270, 'departure_time': 12810, 'arrival_time': 13080, 'day': 'current_day', 'from_stop_id': '76-5', 'to_stop_id': 'A-5', 'trip_id': '8-1-15', 'agency_name': 'Unknown'}, {'duration': 30, 'departure_time': 13080, 'arrival_time': 13110, 'day': 'current_day', 'from_stop_id': 'A-5', 'to_stop_id': 'A-0', 'trip_id': 'walking', 'agency_name': 'Unknown'}, {'duration': 1800, 'departure_time': 13200, 'arrival_time': 15000, 'day': 'current_day', 'from_stop_id': 'A-0', 'to_stop_id': 'B-0', 'trip_id': 'IE-11-0', 'agency_name': 'Unknown'}, {'duration': 30, 'departure_time': 15000, 'arrival_time': 15030, 'day': 'current_day', 'from_stop_id': 'B-0', 'to_stop_id': 'B-4', 'trip_id': 'walking', 'agency_name': 'Unknown'}, {'duration': 810, 'departure_time': 15180, 'arrival_time': 15990, 'day': 'current_day', 'from_stop_id': 'B-4', 'to_stop_id': '132-4', 'trip_id': '9-1-19', 'agency_name': 'Unknown'}]}",3870.0
97,200,10950,inter,left,91,[86; 96],[200],500,375,0,0,11325,11385.0,14340.0,14400.0,2955.0,4.0,86,200,,,pt,14400.0,3450.0,"{'duration': 2955, 'source_transfer_time': 0, 'waiting_time': 45, 'trip_time': 2910, 'num_transfers': 4, 'departure_time': 11385, 'departure_day': 'current_day', 'arrival_time': 14340, 'arrival_day': 'current_day', 'steps': [{'duration': 450, 'departure_time': 11430, 'arrival_time': 11880, 'day': 'current_day', 'from_stop_id': '86-5', 'to_stop_id': 'A-5', 'trip_id': '8-1-13', 'agency_name': 'Unknown'}, {'duration': 30, 'departure_time': 11880, 'arrival_time': 11910, 'day': 'current_day', 'from_stop_id': 'A-5', 'to_stop_id': 'A-0', 'trip_id': 'walking', 'agency_name': 'Unknown'}, {'duration': 1800, 'departure_time': 12000, 'arrival_time': 13800, 'day': 'current_day', 'from_stop_id': 'A-0', 'to_stop_id': 'B-0', 'trip_id': 'IE-10-0', 'agency_name': 'Unknown'}, {'duration': 30, 'departure_time': 13800, 'arrival_time': 13830, 'day': 'current_day', 'from_stop_id': 'B-0', 'to_stop_id': 'B-4', 'trip_id': 'walking', 'agency_name': 'Unknown'}, {'duration': 360, 'departure_time': 13980, 'arrival_time': 14340, 'day': 'current_day', 'from_stop_id': 'B-4', 'to_stop_id': '200-4', 'trip_id': '9-0-17', 'agency_name': 'Unknown'}]}",3450.0
3,191,12660,inter,left,92,[5; 25],[181; 190],1000,751,500,375,13411,13471.0,16680.0,16740.0,3209.0,4.0,5,181,,,pt,17115.0,4455.0,"{'duration': 3209, 'source_transfer_time': 0, 'waiting_time': 299, 'trip_time': 2910, 'num_transfers': 4, 'departure_time': 13471, 'departure_day': 'current_day', 'arrival_time': 16680, 'arrival_day': 'current_day', 'steps': [{'duration': 450, 'departure_time': 13770, 'arrival_time': 14220, 'day': 'current_day', 'from_stop_id': '5-2', 'to_stop_id': 'A-2', 'trip_id': '2-1-17', 'agency_name': 'Unknown'}, {'duration': 30, 'departure_time': 14220, 'arrival_time': 14250, 'day': 'current_day', 'from_stop_id': 'A-2', 'to_stop_id': 'A-0', 'trip_id': 'walking', 'agency_name': 'Unknown'}, {'duration': 1800, 'departure_time': 14400, 'arrival_time': 16200, 'day': 'current_day', 'from_stop_id': 'A-0', 'to_stop_id': 'B-0', 'trip_id': 'IE-12-0', 'agency_name': 'Unknown'}, {'duration': 30, 'departure_time': 16200, 'arrival_time': 16230, 'day': 'current_day', 'from_stop_id': 'B-0', 'to_stop_id': 'B-1', 'trip_id': 'walking', 'agency_name': 'Unknown'}, {'duration': 360, 'departure_time': 16320, 'arrival_time': 16680, 'day': 'current_day', 'from_stop_id': 'B-1', 'to_stop_id': '181-1', 'trip_id': '3-0-21', 'agency_name': 'Unknown'}]}",4455.0
14,196,3750,inter,left,93,[25],[196],500,375,0,0,4125,4185.0,8640.0,8700.0,4455.0,6.0,25,196,,,pt,8700.0,4950.0,"{'duration': 4455, 'source_transfer_time': 0, 'waiting_time': 385, 'trip_time': 4070, 'num_transfers': 6, 'departure_time': 4185, 'departure_day': 'current_day', 'arrival_time': 8640, 'arrival_day': 'current_day', 'steps': [{'duration': 190, 'departure_time': 4570, 'arrival_time': 4760, 'day': 'current_day', 'from_stop_id': '25-3', 'to_stop_id': '27-3', 'trip_id': '5-0-0', 'agency_name': 'Unknown'}, {'duration': 30, 'departure_time': 4760, 'arrival_time': 4790, 'day': 'current_day', 'from_stop_id': '27-3', 'to_stop_id': '27-2', 'trip_id': 'walking', 'agency_name': 'Unknown'}, {'duration': 270, 'departure_time': 4950, 'arrival_time': 5220, 'day': 'current_day', 'from_stop_id': '27-2', 'to_stop_id': 'A-2', 'trip_id': '2-1-2', 'agency_name': 'Unknown'}, {'duration': 30, 'departure_time': 5220, 'arrival_time': 5250, 'day': 'current_day', 'from_stop_id': 'A-2', 'to_stop_id': 'A-0', 'trip_id': 'walking', 'agency_name': 'Unknown'}, {'duration': 1800, 'departure_time': 6000, 'arrival_time': 7800, 'day': 'current_day', 'from_stop_id': 'A-0', 'to_stop_id': 'B-0', 'trip_id': 'IE-5-0', 'agency_name': 'Unknown'}, {'duration': 30, 'departure_time': 7800, 'arrival_time': 7830, 'day': 'current_day', 'from_stop_id': 'B-0', 'to_stop_id': 'B-5', 'trip_id': 'walking', 'agency_name': 'Unknown'}, {'duration': 360, 'departure_time': 8280, 'arrival_time': 8640, 'day': 'current_day', 'from_stop_id': 'B-5', 'to_stop_id': '196-5', 'trip_id': '10-0-7', 'agency_name': 'Unknown'}]}",4950.0
86,200,9840,inter,left,94,[86],[200],0,0,0,0,9840,9900.0,13140.0,13200.0,3240.0,4.0,86,200,,,pt,13200.0,3360.0,"{'duration': 3240, 'source_transfer_time': 0, 'waiting_time': 330, 'trip_time': 2910, 'num_transfers': 4, 'departure_time': 9900, 'departure_day': 'current_day', 'arrival_time': 13140, 'arrival_day': 'current_day', 'steps': [{'duration': 450, 'departure_time': 10230, 'arrival_time': 10680, 'day': 'current_day', 'from_stop_id': '86-5', 'to_stop_id': 'A-5', 'trip_id': '8-1-11', 'agency_name': 'Unknown'}, {'duration': 30, 'departure_time': 10680, 'arrival_time': 10710, 'day': 'current_day', 'from_stop_id': 'A-5', 'to_stop_id': 'A-0', 'trip_id': 'walking', 'agency_name': 'Unknown'}, {'duration': 1800, 'departure_time': 10800, 'arrival_time': 12600, 'day': 'current_day', 'from_stop_id': 'A-0', 'to_stop_id': 'B-0', 'trip_id': 'IE-9-0', 'agency_name': 'Unknown'}, {'duration': 30, 'departure_time': 12600, 'arrival_time': 12630, 'day': 'current_day', 'from_stop_id': 'B-0', 'to_stop_id': 'B-4', 'trip_id': 'walking', 'agency_name': 'Unknown'}, {'duration': 360, 'departure_time': 12780, 'arrival_time': 13140, 'day': 'current_day', 'from_stop_id': 'B-4', 'to_stop_id': '200-4', 'trip_id': '9-0-15', 'agency_name': 'Unknown'}]}",3360.0
60,155,4740,inter,left,95,[60],[144; 156],0,0,500,375,4740,4800.0,8430.0,8490.0,3630.0,4.0,60,156,,,pt,8865.0,4125.0,"{'duration': 3630, 'source_transfer_time': 0, 'waiting_time': 360, 'trip_time': 3270, 'num_transfers': 4, 'departure_time': 4800, 'departure_day': 'current_day', 'arrival_time': 8430, 'arrival_day': 'current_day', 'steps': [{'duration': 360, 'departure_time': 5160, 'arrival_time': 5520, 'day': 'current_day', 'from_stop_id': '60-1', 'to_stop_id': 'A-1', 'trip_id': '1-1-3', 'agency_name': 'Unknown'}, {'duration': 30, 'departure_time': 5520, 'arrival_time': 5550, 'day': 'current_day', 'from_stop_id': 'A-1', 'to_stop_id': 'A-0', 'trip_id': 'walking', 'agency_name': 'Unknown'}, {'duration': 1800, 'departure_time': 6000, 'arrival_time': 7800, 'day': 'current_day', 'from_stop_id': 'A-0', 'to_stop_id': 'B-0', 'trip_id': 'IE-5-0', 'agency_name': 'Unknown'}, {'duration': 30, 'departure_time': 7800, 'arrival_time': 7830, 'day': 'current_day', 'from_stop_id': 'B-0', 'to_stop_id': 'B-4', 'trip_id': 'walking', 'agency_name': 'Unknown'}, {'duration': 450, 'departure_time': 7980, 'arrival_time': 8430, 'day': 'current_day', 'from_stop_id': 'B-4', 'to_stop_id': '156-4', 'trip_id': '9-1-7', 'agency_name': 'Unknown'}]}",4125.0
50,180,11820,inter,left,96,[40; 49; 51; 58],[180],500,375,0,0,12195,12255.0,15390.0,15450.0,3135.0,4.0,40,180,,,pt,15450.0,3630.0,"{'duration': 3135, 'source_transfer_time': 0, 'waiting_time': 465, 'trip_time': 2670, 'num_transfers': 4, 'departure_time': 12255, 'departure_day': 'current_day', 'arrival_time': 15390, 'arrival_day': 'current_day', 'steps': [{'duration': 360, 'departure_time': 12720, 'arrival_time': 13080, 'day': 'current_day', 'from_stop_id': '40-5', 'to_stop_id': 'A-5', 'trip_id': '8-0-15', 'agency_name': 'Unknown'}, {'duration': 30, 'departure_time': 13080, 'arrival_time': 13110, 'day': 'current_day', 'from_stop_id': 'A-5', 'to_stop_id': 'A-0', 'trip_id': 'walking', 'agency_name': 'Unknown'}, {'duration': 1800, 'departure_time': 13200, 'arrival_time': 15000, 'day': 'current_day', 'from_stop_id': 'A-0', 'to_stop_id': 'B-0', 'trip_id': 'IE-11-0', 'agency_name': 'Unknown'}, {'duration': 30, 'departure_time': 15000, 'arrival_time': 15030, 'day': 'current_day', 'from_stop_id': 'B-0', 'to_stop_id': 'B-1', 'trip_id': 'walking', 'agency_name': 'Unknown'}, {'duration': 270, 'departure_time': 15120, 'arrival_time': 15390, 'day': 'current_day', 'from_stop_id': 'B-1', 'to_stop_id': '180-1', 'trip_id': '3-0-19', 'agency_name': 'Unknown'}]}",3630.0
29,184,11910,inter,left,97,[29],[176; 185],0,0,500,375,11910,11970.0,15480.0,15540.0,3510.0,4.0,29,176,,,pt,15915.0,4005.0,"{'duration': 3510, 'source_transfer_time': 0, 'waiting_time': 60, 'trip_time': 3450, 'num_transfers': 4, 'departure_time': 11970, 'departure_day': 'current_day', 'arrival_time': 15480, 'arrival_day': 'current_day', 'steps': [{'duration': 450, 'departure_time': 12030, 'arrival_time': 12480, 'day': 'current_day', 'from_stop_id': '29-5', 'to_stop_id': 'A-5', 'trip_id': '8-0-14', 'agency_name': 'Unknown'}, {'duration': 30, 'departure_time': 12480, 'arrival_time': 12510, 'day': 'current_day', 'from_stop_id': 'A-5', 'to_stop_id': 'A-0', 'trip_id': 'walking', 'agency_name': 'Unknown'}, {'duration': 1800, 'departure_time': 13200, 'arrival_time': 15000, 'day': 'current_day', 'from_stop_id': 'A-0', 'to_stop_id': 'B-0', 'trip_id': 'IE-11-0', 'agency_name': 'Unknown'}, {'duration': 30, 'departure_time': 15000, 'arrival_time': 15030, 'day': 'current_day', 'from_stop_id': 'B-0', 'to_stop_id': 'B-1', 'trip_id': 'walking', 'agency_name': 'Unknown'}, {'duration': 360, 'departure_time': 15120, 'arrival_time': 15480, 'day': 'current_day', 'from_stop_id': 'B-1', 'to_stop_id': '176-1', 'trip_id': '3-1-19', 'agency_name': 'Unknown'}]}",4005.0
26,133,11970,inter,left,98,[26],[133],0,0,0,0,11970,12030.0,15900.0,15960.0,3870.0,6.0,26,133,,,pt,15960.0,3990.0,"{'duration': 3870, 'source_transfer_time': 0, 'waiting_time': 440, 'trip_time': 3430, 'num_transfers': 6, 'departure_time': 12030, 'departure_day': 'current_day', 'arrival_time': 15900, 'arrival_day': 'current_day', 'steps': [{'duration': 90, 'departure_time': 12470, 'arrival_time': 12560, 'day': 'current_day', 'from_stop_id': '26-3', 'to_stop_id': '27-3', 'trip_id': '5-0-13', 'agency_name': 'Unknown'}, {'duration': 30, 'departure_time': 12560, 'arrival_time': 12590, 'day': 'current_day', 'from_stop_id': '27-3', 'to_stop_id': '27-2', 'trip_id': 'walking', 'agency_name': 'Unknown'}, {'duration': 270, 'departure_time': 12750, 'arrival_time': 13020, 'day': 'current_day', 'from_stop_id': '27-2', 'to_stop_id': 'A-2', 'trip_id': '2-1-15', 'agency_name': 'Unknown'}, {'duration': 30, 'departure_time': 13020, 'arrival_time': 13050, 'day': 'current_day', 'from_stop_id': 'A-2', 'to_stop_id': 'A-0', 'trip_id': 'walking', 'agency_name': 'Unknown'}, {'duration': 1800, 'departure_time': 13200, 'arrival_time': 15000, 'day': 'current_day', 'from_stop_id': 'A-0', 'to_stop_id': 'B-0', 'trip_id': 'IE-11-0', 'agency_name': 'Unknown'}, {'duration': 30, 'departure_time': 15000, 'arrival_time': 15030, 'day': 'current_day', 'from_stop_id': 'B-0', 'to_stop_id': 'B-4', 'trip_id': 'walking', 'agency_name': 'Unknown'}, {'duration': 720, 'departure_time': 15180, 'arrival_time': 15900, 'day': 'current_day', 'from_stop_id': 'B-4', 'to_stop_id': '133-4', 'trip_id': '9-1-19', 'agency_name': 'Unknown'}]}",3990.0
17,151,12360,inter,left,99,[16; 28],[151],500,375,0,0,12735,12795.0,17060.0,17120.0,4265.0,6.0,16,151,,,pt,17120.0,4760.0,"{'duration': 4265, 'source_transfer_time': 0, 'waiting_time': 465, 'trip_time': 3800, 'num_transfers': 6, 'departure_time': 12795, 'departure_day': 'current_day', 'arrival_time': 17060, 'arrival_day': 'current_day', 'steps': [{'duration': 360, 'departure_time': 13260, 'arrival_time': 13620, 'day': 'current_day', 'from_stop_id': '16-2', 'to_stop_id': 'A-2', 'trip_id': '2-1-16', 'agency_name': 'Unknown'}, {'duration': 30, 'departure_time': 13620, 'arrival_time': 13650, 'day': 'current_day', 'from_stop_id': 'A-2', 'to_stop_id': 'A-0', 'trip_id': 'walking', 'agency_name': 'Unknown'}, {'duration': 1800, 'departure_time': 14400, 'arrival_time': 16200, 'day': 'current_day', 'from_stop_id': 'A-0', 'to_stop_id': 'B-0', 'trip_id': 'IE-12-0', 'agency_name': 'Unknown'}, {'duration': 30, 'departure_time': 16200, 'arrival_time': 16230, 'day': 'current_day', 'from_stop_id': 'B-0', 'to_stop_id': 'B-1', 'trip_id': 'walking', 'agency_name': 'Unknown'}, {'duration': 270, 'departure_time': 16320, 'arrival_time': 16590, 'day': 'current_day', 'from_stop_id': 'B-1', 'to_stop_id': '180-1', 'trip_id': '3-0-21', 'agency_name': 'Unknown'}, {'duration': 30, 'departure_time': 16590, 'arrival_time': 16620, 'day': 'current_day', 'from_stop_id': '180-1', 'to_stop_id': '180-3', 'trip_id': 'walking', 'agency_name': 'Unknown'}, {'duration': 290, 'departure_time': 16770, 'arrival_time': 17060, 'day': 'current_day', 'from_stop_id': '180-3', 'to_stop_id': '151-3', 'trip_id': '6-1-19', 'agency_name': 'Unknown'}]}",4760.0
7,195,12030,inter,left,100,[5; 9; 19; 29],[195],1000,751,0,0,12781,12841.0,16960.0,17020.0,4119.0,6.0,5,195,,,pt,17020.0,4990.0,"{'duration': 4119, 'source_transfer_time': 0, 'waiting_time': 329, 'trip_time': 3790, 'num_transfers': 6, 'departure_time': 12841, 'departure_day': 'current_day', 'arrival_time': 16960, 'arrival_day': 'current_day', 'steps': [{'duration': 450, 'departure_time': 13170, 'arrival_time': 13620, 'day': 'current_day', 'from_stop_id': '5-2', 'to_stop_id': 'A-2', 'trip_id': '2-1-16', 'agency_name': 'Unknown'}, {'duration': 30, 'departure_time': 13620, 'arrival_time': 13650, 'day': 'current_day', 'from_stop_id': 'A-2', 'to_stop_id': 'A-0', 'trip_id': 'walking', 'agency_name': 'Unknown'}, {'duration': 1800, 'departure_time': 14400, 'arrival_time': 16200, 'day': 'current_day', 'from_stop_id': 'A-0', 'to_stop_id': 'B-0', 'trip_id': 'IE-12-0', 'agency_name': 'Unknown'}, {'duration': 30, 'departure_time': 16200, 'arrival_time': 16230, 'day': 'current_day', 'from_stop_id': 'B-0', 'to_stop_id': 'B-1', 'trip_id': 'walking', 'agency_name': 'Unknown'}, {'duration': 270, 'departure_time': 16320, 'arrival_time': 16590, 'day': 'current_day', 'from_stop_id': 'B-1', 'to_stop_id': '177-1', 'trip_id': '3-1-21', 'agency_name': 'Unknown'}, {'duration': 30, 'departure_time': 16590, 'arrival_time': 16620, 'day': 'current_day', 'from_stop_id': '177-1', 'to_stop_id': '177-3', 'trip_id': 'walking', 'agency_name': 'Unknown'}, {'duration': 190, 'departure_time': 16770, 'arrival_time': 16960, 'day': 'current_day', 'from_stop_id': '177-3', 'to_stop_id': '195-3', 'trip_id': '6-1-21', 'agency_name': 'Unknown'}]}",4990.0
99,234,8970,inter,left,101,[99],[212; 224; 236],0,0,1000,751,8970,9030.0,12120.0,12180.0,3090.0,4.0,99,212,,,pt,12931.0,3961.0,"{'duration': 3090, 'source_transfer_time': 0, 'waiting_time': 30, 'trip_time': 3060, 'num_transfers': 4, 'departure_time': 9030, 'departure_day': 'current_day', 'arrival_time': 12120, 'arrival_day': 'current_day', 'steps': [{'duration': 360, 'departure_time': 9060, 'arrival_time': 9420, 'day': 'current_day', 'from_stop_id': '99-2', 'to_stop_id': 'A-2', 'trip_id': '2-0-9', 'agency_name': 'Unknown'}, {'duration': 30, 'departure_time': 9420, 'arrival_time': 9450, 'day': 'current_day', 'from_stop_id': 'A-2', 'to_stop_id': 'A-0', 'trip_id': 'walking', 'agency_name': 'Unknown'}, {'duration': 1800, 'departure_time': 9600, 'arrival_time': 11400, 'day': 'current_day', 'from_stop_id': 'A-0', 'to_stop_id': 'B-0', 'trip_id': 'IE-8-0', 'agency_name': 'Unknown'}, {'duration': 30, 'departure_time': 11400, 'arrival_time': 11430, 'day': 'current_day', 'from_stop_id': 'B-0', 'to_stop_id': 'B-4', 'trip_id': 'walking', 'agency_name': 'Unknown'}, {'duration': 540, 'departure_time': 11580, 'arrival_time': 12120, 'day': 'current_day', 'from_stop_id': 'B-4', 'to_stop_id': '212-4', 'trip_id': '9-0-13', 'agency_name': 'Unknown'}]}",3961.0
84,231,12870,inter,left,102,[85; 95],[231],500,375,0,0,13245,13305.0,17070.0,17130.0,3765.0,4.0,85,231,,,pt,17130.0,4260.0,"{'duration': 3765, 'source_transfer_time': 0, 'waiting_time': 435, 'trip_time': 3330, 'num_transfers': 4, 'departure_time': 13305, 'departure_day': 'current_day', 'arrival_time': 17070, 'arrival_day': 'current_day', 'steps': [{'duration': 540, 'departure_time': 13740, 'arrival_time': 14280, 'day': 'current_day', 'from_stop_id': '85-5', 'to_stop_id': 'A-5', 'trip_id': '8-1-17', 'agency_name': 'Unknown'}, {'duration': 30, 'departure_time': 14280, 'arrival_time': 14310, 'day': 'current_day', 'from_stop_id': 'A-5', 'to_stop_id': 'A-0', 'trip_id': 'walking', 'agency_name': 'Unknown'}, {'duration': 1800, 'departure_time': 14400, 'arrival_time': 16200, 'day': 'current_day', 'from_stop_id': 'A-0', 'to_stop_id': 'B-0', 'trip_id': 'IE-12-0', 'agency_name': 'Unknown'}, {'duration': 30, 'departure_time': 16200, 'arrival_time': 16230, 'day': 'current_day', 'from_stop_id': 'B-0', 'to_stop_id': 'B-2', 'trip_id': 'walking', 'agency_name': 'Unknown'}, {'duration': 450, 'departure_time': 16620, 'arrival_time': 17070, 'day': 'current_day', 'from_stop_id': 'B-2', 'to_stop_id': '231-2', 'trip_id': '4-1-21', 'agency_name': 'Unknown'}]}",4260.0
110,203,7800,inter,left,103,[110],[182; 201; 213; 225],0,0,1000,751,7800,7860.0,11970.0,12030.0,4110.0,4.0,110,182,,,pt,12781.0,4981.0,"{'duration': 4110, 'source_transfer_time': 0, 'waiting_time': 510, 'trip_time': 3600, 'num_transfers': 4, 'departure_time': 7860, 'departure_day': 'current_day', 'arrival_time': 11970, 'arrival_day': 'current_day', 'steps': [{'duration': 450, 'departure_time': 8370, 'arrival_time': 8820, 'day': 'current_day', 'from_stop_id': '110-2', 'to_stop_id': 'A-2', 'trip_id': '2-0-8', 'agency_name': 'Unknown'}, {'duration': 30, 'departure_time': 8820, 'arrival_time': 8850, 'day': 'current_day', 'from_stop_id': 'A-2', 'to_stop_id': 'A-0', 'trip_id': 'walking', 'agency_name': 'Unknown'}, {'duration': 1800, 'departure_time': 9600, 'arrival_time': 11400, 'day': 'current_day', 'from_stop_id': 'A-0', 'to_stop_id': 'B-0', 'trip_id': 'IE-8-0', 'agency_name': 'Unknown'}, {'duration': 30, 'departure_time': 11400, 'arrival_time': 11430, 'day': 'current_day', 'from_stop_id': 'B-0', 'to_stop_id': 'B-1', 'trip_id': 'walking', 'agency_name': 'Unknown'}, {'duration': 450, 'departure_time': 11520, 'arrival_time': 11970, 'day': 'current_day', 'from_stop_id': 'B-1', 'to_stop_id': '182-1', 'trip_id': '3-0-13', 'agency_name': 'Unknown'}]}",4981.0
68,234,11370,inter,left,104,[68],[212; 224; 236],0,0,1000,751,11370,11430.0,15720.0,15780.0,4290.0,4.0,68,212,,,pt,16531.0,5161.0,"{'duration': 4290, 'source_transfer_time': 0, 'waiting_time': 480, 'trip_time': 3810, 'num_transfers': 4, 'departure_time': 11430, 'departure_day': 'current_day', 'arrival_time': 15720, 'arrival_day': 'current_day', 'steps': [{'duration': 270, 'departure_time': 11910, 'arrival_time': 12180, 'day': 'current_day', 'from_stop_id': '68-4', 'to_stop_id': 'A-4', 'trip_id': '7-1-14', 'agency_name': 'Unknown'}, {'duration': 30, 'departure_time': 12180, 'arrival_time': 12210, 'day': 'current_day', 'from_stop_id': 'A-4', 'to_stop_id': 'A-0', 'trip_id': 'walking', 'agency_name': 'Unknown'}, {'duration': 1800, 'departure_time': 13200, 'arrival_time': 15000, 'day': 'current_day', 'from_stop_id': 'A-0', 'to_stop_id': 'B-0', 'trip_id': 'IE-11-0', 'agency_name': 'Unknown'}, {'duration': 30, 'departure_time': 15000, 'arrival_time': 15030, 'day': 'current_day', 'from_stop_id': 'B-0', 'to_stop_id': 'B-4', 'trip_id': 'walking', 'agency_name': 'Unknown'}, {'duration': 540, 'departure_time': 15180, 'arrival_time': 15720, 'day': 'current_day', 'from_stop_id': 'B-4', 'to_stop_id': '212-4', 'trip_id': '9-0-19', 'agency_name': 'Unknown'}]}",5161.0
62,155,12750,inter,left,105,[54],[144; 156],500,375,500,375,13125,13185.0,16830.0,16890.0,3645.0,4.0,54,156,,,pt,17265.0,4515.0,"{'duration': 3645, 'source_transfer_time': 0, 'waiting_time': 285, 'trip_time': 3360, 'num_transfers': 4, 'departure_time': 13185, 'departure_day': 'current_day', 'arrival_time': 16830, 'arrival_day': 'current_day', 'steps': [{'duration': 450, 'departure_time': 13470, 'arrival_time': 13920, 'day': 'current_day', 'from_stop_id': '54-1', 'to_stop_id': 'A-1', 'trip_id': '1-0-17', 'agency_name': 'Unknown'}, {'duration': 30, 'departure_time': 13920, 'arrival_time': 13950, 'day': 'current_day', 'from_stop_id': 'A-1', 'to_stop_id': 'A-0', 'trip_id': 'walking', 'agency_name': 'Unknown'}, {'duration': 1800, 'departure_time': 14400, 'arrival_time': 16200, 'day': 'current_day', 'from_stop_id': 'A-0', 'to_stop_id': 'B-0', 'trip_id': 'IE-12-0', 'agency_name': 'Unknown'}, {'duration': 30, 'departure_time': 16200, 'arrival_time': 16230, 'day': 'current_day', 'from_stop_id': 'B-0', 'to_stop_id': 'B-4', 'trip_id': 'walking', 'agency_name': 'Unknown'}, {'duration': 450, 'departure_time': 16380, 'arrival_time': 16830, 'day': 'current_day', 'from_stop_id': 'B-4', 'to_stop_id': '156-4', 'trip_id': '9-1-21', 'agency_name': 'Unknown'}]}",4515.0
42,181,11400,inter,left,106,[41],[181],500,375,0,0,11775,11835.0,15480.0,15540.0,3645.0,6.0,41,181,,,pt,15540.0,4140.0,"{'duration': 3645, 'source_transfer_time': 0, 'waiting_time': 335, 'trip_time': 3310, 'num_transfers': 6, 'departure_time': 11835, 'departure_day': 'current_day', 'arrival_time': 15480, 'arrival_day': 'current_day', 'steps': [{'duration': 390, 'departure_time': 12170, 'arrival_time': 12560, 'day': 'current_day', 'from_stop_id': '41-3', 'to_stop_id': '27-3', 'trip_id': '5-1-11', 'agency_name': 'Unknown'}, {'duration': 30, 'departure_time': 12560, 'arrival_time': 12590, 'day': 'current_day', 'from_stop_id': '27-3', 'to_stop_id': '27-2', 'trip_id': 'walking', 'agency_name': 'Unknown'}, {'duration': 270, 'departure_time': 12750, 'arrival_time': 13020, 'day': 'current_day', 'from_stop_id': '27-2', 'to_stop_id': 'A-2', 'trip_id': '2-1-15', 'agency_name': 'Unknown'}, {'duration': 30, 'departure_time': 13020, 'arrival_time': 13050, 'day': 'current_day', 'from_stop_id': 'A-2', 'to_stop_id': 'A-0', 'trip_id': 'walking', 'agency_name': 'Unknown'}, {'duration': 1800, 'departure_time': 13200, 'arrival_time': 15000, 'day': 'current_day', 'from_stop_id': 'A-0', 'to_stop_id': 'B-0', 'trip_id': 'IE-11-0', 'agency_name': 'Unknown'}, {'duration': 30, 'departure_time': 15000, 'arrival_time': 15030, 'day': 'current_day', 'from_stop_id': 'B-0', 'to_stop_id': 'B-1', 'trip_id': 'walking', 'agency_name': 'Unknown'}, {'duration': 360, 'departure_time': 15120, 'arrival_time': 15480, 'day': 'current_day', 'from_stop_id': 'B-1', 'to_stop_id': '181-1', 'trip_id': '3-0-19', 'agency_name': 'Unknown'}]}",4140.0
21,193,4170,inter,left,107,[10; 20],[175; 195],500,375,1000,751,4545,4605.0,8370.0,8430.0,3765.0,4.0,10,175,,,pt,9181.0,5011.0,"{'duration': 3765, 'source_transfer_time': 0, 'waiting_time': 375, 'trip_time': 3390, 'num_transfers': 4, 'departure_time': 4605, 'departure_day': 'current_day', 'arrival_time': 8370, 'arrival_day': 'current_day', 'steps': [{'duration': 900, 'departure_time': 4980, 'arrival_time': 5880, 'day': 'current_day', 'from_stop_id': '10-5', 'to_stop_id': 'A-5', 'trip_id': '8-0-3', 'agency_name': 'Unknown'}, {'duration': 30, 'departure_time': 5880, 'arrival_time': 5910, 'day': 'current_day', 'from_stop_id': 'A-5', 'to_stop_id': 'A-0', 'trip_id': 'walking', 'agency_name': 'Unknown'}, {'duration': 1800, 'departure_time': 6000, 'arrival_time': 7800, 'day': 'current_day', 'from_stop_id': 'A-0', 'to_stop_id': 'B-0', 'trip_id': 'IE-5-0', 'agency_name': 'Unknown'}, {'duration': 30, 'departure_time': 7800, 'arrival_time': 7830, 'day': 'current_day', 'from_stop_id': 'B-0', 'to_stop_id': 'B-1', 'trip_id': 'walking', 'agency_name': 'Unknown'}, {'duration': 450, 'departure_time': 7920, 'arrival_time': 8370, 'day': 'current_day', 'from_stop_id': 'B-1', 'to_stop_id': '175-1', 'trip_id': '3-1-7', 'agency_name': 'Unknown'}]}",5011.0
1,139,13350,inter,left,108,[0; 12],[140; 150],500,375,500,375,13725,13785.0,18330.0,18390.0,4545.0,4.0,0,150,,,pt,18765.0,5415.0,"{'duration': 4545, 'source_transfer_time': 0, 'waiting_time': 495, 'trip_time': 4050, 'num_transfers': 4, 'departure_time': 13785, 'departure_day': 'current_day', 'arrival_time': 18330, 'arrival_day': 'current_day', 'steps': [{'duration': 900, 'departure_time': 14280, 'arrival_time': 15180, 'day': 'current_day', 'from_stop_id': '0-4', 'to_stop_id': 'A-4', 'trip_id': '7-0-19', 'agency_name': 'Unknown'}, {'duration': 30, 'departure_time': 15180, 'arrival_time': 15210, 'day': 'current_day', 'from_stop_id': 'A-4', 'to_stop_id': 'A-0', 'trip_id': 'walking', 'agency_name': 'Unknown'}, {'duration': 1800, 'departure_time': 15600, 'arrival_time': 17400, 'day': 'current_day', 'from_stop_id': 'A-0', 'to_stop_id': 'B-0', 'trip_id': 'IE-13-0', 'agency_name': 'Unknown'}, {'duration': 30, 'departure_time': 17400, 'arrival_time': 17430, 'day': 'current_day', 'from_stop_id': 'B-0', 'to_stop_id': 'B-5', 'trip_id': 'walking', 'agency_name': 'Unknown'}, {'duration': 450, 'departure_time': 17880, 'arrival_time': 18330, 'day': 'current_day', 'from_stop_id': 'B-5', 'to_stop_id': '150-5', 'trip_id': '10-1-23', 'agency_name': 'Unknown'}]}",5415.0
55,170,10170,inter,left,109,[55],[170],0,0,0,0,10170,10230.0,14460.0,14520.0,4230.0,4.0,55,170,,,pt,14520.0,4350.0,"{'duration': 4230, 'source_transfer_time': 0, 'waiting_time': 330, 'trip_time': 3900, 'num_transfers': 4, 'departure_time': 10230, 'departure_day': 'current_day', 'arrival_time': 14460, 'arrival_day': 'current_day', 'steps': [{'duration': 360, 'departure_time': 10560, 'arrival_time': 10920, 'day': 'current_day', 'from_stop_id': '55-1', 'to_stop_id': 'A-1', 'trip_id': '1-0-12', 'agency_name': 'Unknown'}, {'duration': 30, 'departure_time': 10920, 'arrival_time': 10950, 'day': 'current_day', 'from_stop_id': 'A-1', 'to_stop_id': 'A-0', 'trip_id': 'walking', 'agency_name': 'Unknown'}, {'duration': 1800, 'departure_time': 12000, 'arrival_time': 13800, 'day': 'current_day', 'from_stop_id': 'A-0', 'to_stop_id': 'B-0', 'trip_id': 'IE-10-0', 'agency_name': 'Unknown'}, {'duration': 30, 'departure_time': 13800, 'arrival_time': 13830, 'day': 'current_day', 'from_stop_id': 'B-0', 'to_stop_id': 'B-5', 'trip_id': 'walking', 'agency_name': 'Unknown'}, {'duration': 180, 'departure_time': 14280, 'arrival_time': 14460, 'day': 'current_day', 'from_stop_id': 'B-5', 'to_stop_id': '170-5', 'trip_id': '10-1-17', 'agency_name': 'Unknown'}]}",4350.0
75,124,9660,inter,left,110,[75],[126; 146],0,0,1000,751,9660,9720.0,13470.0,13530.0,3750.0,4.0,75,126,,,pt,14281.0,4621.0,"{'duration': 3750, 'source_transfer_time': 0, 'waiting_time': 0, 'trip_time': 3750, 'num_transfers': 4, 'departure_time': 9720, 'departure_day': 'current_day', 'arrival_time': 13470, 'arrival_day': 'current_day', 'steps': [{'duration': 360, 'departure_time': 9720, 'arrival_time': 10080, 'day': 'current_day', 'from_stop_id': '75-5', 'to_stop_id': 'A-5', 'trip_id': '8-1-10', 'agency_name': 'Unknown'}, {'duration': 30, 'departure_time': 10080, 'arrival_time': 10110, 'day': 'current_day', 'from_stop_id': 'A-5', 'to_stop_id': 'A-0', 'trip_id': 'walking', 'agency_name': 'Unknown'}, {'duration': 1800, 'departure_time': 10800, 'arrival_time': 12600, 'day': 'current_day', 'from_stop_id': 'A-0', 'to_stop_id': 'B-0', 'trip_id': 'IE-9-0', 'agency_name': 'Unknown'}, {'duration': 30, 'departure_time': 12600, 'arrival_time': 12630, 'day': 'current_day', 'from_stop_id': 'B-0', 'to_stop_id': 'B-2', 'trip_id': 'walking', 'agency_name': 'Unknown'}, {'duration': 450, 'departure_time': 13020, 'arrival_time': 13470, 'day': 'current_day', 'from_stop_id': 'B-2', 'to_stop_id': '126-2', 'trip_id': '4-0-15', 'agency_name': 'Unknown'}]}",4621.0
89,140,9990,inter,left,111,[89],[140],0,0,0,0,9990,10050.0,13710.0,13770.0,3660.0,6.0,89,140,,,pt,13770.0,3780.0,"{'duration': 3660, 'source_transfer_time': 0, 'waiting_time': 20, 'trip_time': 3640, 'num_transfers': 6, 'departure_time': 10050, 'departure_day': 'current_day', 'arrival_time': 13710, 'arrival_day': 'current_day', 'steps': [{'duration': 90, 'departure_time': 10070, 'arrival_time': 10160, 'day': 'current_day', 'from_stop_id': '89-3', 'to_stop_id': '88-3', 'trip_id': '5-0-7', 'agency_name': 'Unknown'}, {'duration': 30, 'departure_time': 10160, 'arrival_time': 10190, 'day': 'current_day', 'from_stop_id': '88-3', 'to_stop_id': '88-2', 'trip_id': 'walking', 'agency_name': 'Unknown'}, {'duration': 270, 'departure_time': 10350, 'arrival_time': 10620, 'day': 'current_day', 'from_stop_id': '88-2', 'to_stop_id': 'A-2', 'trip_id': '2-0-11', 'agency_name': 'Unknown'}, {'duration': 30, 'departure_time': 10620, 'arrival_time': 10650, 'day': 'current_day', 'from_stop_id': 'A-2', 'to_stop_id': 'A-0', 'trip_id': 'walking', 'agency_name': 'Unknown'}, {'duration': 1800, 'departure_time': 10800, 'arrival_time': 12600, 'day': 'current_day', 'from_stop_id': 'A-0', 'to_stop_id': 'B-0', 'trip_id': 'IE-9-0', 'agency_name': 'Unknown'}, {'duration': 30, 'departure_time': 12600, 'arrival_time': 12630, 'day': 'current_day', 'from_stop_id': 'B-0', 'to_stop_id': 'B-5', 'trip_id': 'walking', 'agency_name': 'Unknown'}, {'duration': 630, 'departure_time': 13080, 'arrival_time': 13710, 'day': 'current_day', 'from_stop_id': 'B-5', 'to_stop_id': '140-5', 'trip_id': '10-1-15', 'agency_name': 'Unknown'}]}",3780.0
112,160,6540,inter,left,112,[90; 110],[160],1000,751,0,0,7291,7351.0,10950.0,11010.0,3599.0,6.0,90,160,,,pt,11010.0,4470.0,"{'duration': 3599, 'source_transfer_time': 0, 'waiting_time': 219, 'trip_time': 3380, 'num_transfers': 6, 'departure_time': 7351, 'departure_day': 'current_day', 'arrival_time': 10950, 'arrival_day': 'current_day', 'steps': [{'duration': 190, 'departure_time': 7570, 'arrival_time': 7760, 'day': 'current_day', 'from_stop_id': '90-3', 'to_stop_id': '88-3', 'trip_id': '5-0-3', 'agency_name': 'Unknown'}, {'duration': 30, 'departure_time': 7760, 'arrival_time': 7790, 'day': 'current_day', 'from_stop_id': '88-3', 'to_stop_id': '88-2', 'trip_id': 'walking', 'agency_name': 'Unknown'}, {'duration': 270, 'departure_time': 7950, 'arrival_time': 8220, 'day': 'current_day', 'from_stop_id': '88-2', 'to_stop_id': 'A-2', 'trip_id': '2-0-7', 'agency_name': 'Unknown'}, {'duration': 30, 'departure_time': 8220, 'arrival_time': 8250, 'day': 'current_day', 'from_stop_id': 'A-2', 'to_stop_id': 'A-0', 'trip_id': 'walking', 'agency_name': 'Unknown'}, {'duration': 1800, 'departure_time': 8400, 'arrival_time': 10200, 'day': 'current_day', 'from_stop_id': 'A-0', 'to_stop_id': 'B-0', 'trip_id': 'IE-7-0', 'agency_name': 'Unknown'}, {'duration': 30, 'departure_time': 10200, 'arrival_time': 10230, 'day': 'current_day', 'from_stop_id': 'B-0', 'to_stop_id': 'B-5', 'trip_id': 'walking', 'agency_name': 'Unknown'}, {'duration': 270, 'departure_time': 10680, 'arrival_time': 10950, 'day': 'current_day', 'from_stop_id': 'B-5', 'to_stop_id': '160-5', 'trip_id': '10-1-11', 'agency_name': 'Unknown'}]}",4470.0
44,127,6420,inter,left,113,[54],[126],500,375,500,375,6795,6855.0,11070.0,11130.0,4215.0,4.0,54,126,,,pt,11505.0,5085.0,"{'duration': 4215, 'source_transfer_time': 0, 'waiting_time': 15, 'trip_time': 4200, 'num_transfers': 4, 'departure_time': 6855, 'departure_day': 'current_day', 'arrival_time': 11070, 'arrival_day': 'current_day', 'steps': [{'duration': 450, 'departure_time': 6870, 'arrival_time': 7320, 'day': 'current_day', 'from_stop_id': '54-1', 'to_stop_id': 'A-1', 'trip_id': '1-0-6', 'agency_name': 'Unknown'}, {'duration': 30, 'departure_time': 7320, 'arrival_time': 7350, 'day': 'current_day', 'from_stop_id': 'A-1', 'to_stop_id': 'A-0', 'trip_id': 'walking', 'agency_name': 'Unknown'}, {'duration': 1800, 'departure_time': 8400, 'arrival_time': 10200, 'day': 'current_day', 'from_stop_id': 'A-0', 'to_stop_id': 'B-0', 'trip_id': 'IE-7-0', 'agency_name': 'Unknown'}, {'duration': 30, 'departure_time': 10200, 'arrival_time': 10230, 'day': 'current_day', 'from_stop_id': 'B-0', 'to_stop_id': 'B-2', 'trip_id': 'walking', 'agency_name': 'Unknown'}, {'duration': 450, 'departure_time': 10620, 'arrival_time': 11070, 'day': 'current_day', 'from_stop_id': 'B-2', 'to_stop_id': '126-2', 'trip_id': '4-0-11', 'agency_name': 'Unknown'}]}",5085.0
62,147,10800,inter,left,114,[54],[147],500,375,0,0,11175,11235.0,16060.0,16120.0,4825.0,6.0,54,147,,,pt,16120.0,5320.0,"{'duration': 4825, 'source_transfer_time': 0, 'waiting_time': 435, 'trip_time': 4390, 'num_transfers': 6, 'departure_time': 11235, 'departure_day': 'current_day', 'arrival_time': 16060, 'arrival_day': 'current_day', 'steps': [{'duration': 450, 'departure_time': 11670, 'arrival_time': 12120, 'day': 'current_day', 'from_stop_id': '54-1', 'to_stop_id': 'A-1', 'trip_id': '1-0-14', 'agency_name': 'Unknown'}, {'duration': 30, 'departure_time': 12120, 'arrival_time': 12150, 'day': 'current_day', 'from_stop_id': 'A-1', 'to_stop_id': 'A-0', 'trip_id': 'walking', 'agency_name': 'Unknown'}, {'duration': 1800, 'departure_time': 13200, 'arrival_time': 15000, 'day': 'current_day', 'from_stop_id': 'A-0', 'to_stop_id': 'B-0', 'trip_id': 'IE-11-0', 'agency_name': 'Unknown'}, {'duration': 30, 'departure_time': 15000, 'arrival_time': 15030, 'day': 'current_day', 'from_stop_id': 'B-0', 'to_stop_id': 'B-1', 'trip_id': 'walking', 'agency_name': 'Unknown'}, {'duration': 270, 'departure_time': 15120, 'arrival_time': 15390, 'day': 'current_day', 'from_stop_id': 'B-1', 'to_stop_id': '177-1', 'trip_id': '3-1-19', 'agency_name': 'Unknown'}, {'duration': 30, 'departure_time': 15390, 'arrival_time': 15420, 'day': 'current_day', 'from_stop_id': '177-1', 'to_stop_id': '177-3', 'trip_id': 'walking', 'agency_name': 'Unknown'}, {'duration': 490, 'departure_time': 15570, 'arrival_time': 16060, 'day': 'current_day', 'from_stop_id': '177-3', 'to_stop_id': '147-3', 'trip_id': '6-0-19', 'agency_name': 'Unknown'}]}",5320.0
95,218,7440,inter,left,115,[95],[207; 217],0,0,500,375,7440,7500.0,11130.0,11190.0,3630.0,4.0,95,207,,,pt,11565.0,4125.0,"{'duration': 3630, 'source_transfer_time': 0, 'waiting_time': 60, 'trip_time': 3570, 'num_transfers': 4, 'departure_time': 7500, 'departure_day': 'current_day', 'arrival_time': 11130, 'arrival_day': 'current_day', 'steps': [{'duration': 720, 'departure_time': 7560, 'arrival_time': 8280, 'day': 'current_day', 'from_stop_id': '95-5', 'to_stop_id': 'A-5', 'trip_id': '8-1-7', 'agency_name': 'Unknown'}, {'duration': 30, 'departure_time': 8280, 'arrival_time': 8310, 'day': 'current_day', 'from_stop_id': 'A-5', 'to_stop_id': 'A-0', 'trip_id': 'walking', 'agency_name': 'Unknown'}, {'duration': 1800, 'departure_time': 8400, 'arrival_time': 10200, 'day': 'current_day', 'from_stop_id': 'A-0', 'to_stop_id': 'B-0', 'trip_id': 'IE-7-0', 'agency_name': 'Unknown'}, {'duration': 30, 'departure_time': 10200, 'arrival_time': 10230, 'day': 'current_day', 'from_stop_id': 'B-0', 'to_stop_id': 'B-5', 'trip_id': 'walking', 'agency_name': 'Unknown'}, {'duration': 450, 'departure_time': 10680, 'arrival_time': 11130, 'day': 'current_day', 'from_stop_id': 'B-5', 'to_stop_id': '207-5', 'trip_id': '10-0-11', 'agency_name': 'Unknown'}]}",4125.0
36,175,13620,inter,left,116,[36],[175],0,0,0,0,13620,13680.0,17970.0,18030.0,4290.0,4.0,36,175,,,pt,18030.0,4410.0,"{'duration': 4290, 'source_transfer_time': 0, 'waiting_time': 540, 'trip_time': 3750, 'num_transfers': 4, 'departure_time': 13680, 'departure_day': 'current_day', 'arrival_time': 17970, 'arrival_day': 'current_day', 'steps': [{'duration': 360, 'departure_time': 14220, 'arrival_time': 14580, 'day': 'current_day', 'from_stop_id': '36-4', 'to_stop_id': 'A-4', 'trip_id': '7-0-18', 'agency_name': 'Unknown'}, {'duration': 30, 'departure_time': 14580, 'arrival_time': 14610, 'day': 'current_day', 'from_stop_id': 'A-4', 'to_stop_id': 'A-0', 'trip_id': 'walking', 'agency_name': 'Unknown'}, {'duration': 1800, 'departure_time': 15600, 'arrival_time': 17400, 'day': 'current_day', 'from_stop_id': 'A-0', 'to_stop_id': 'B-0', 'trip_id': 'IE-13-0', 'agency_name': 'Unknown'}, {'duration': 30, 'departure_time': 17400, 'arrival_time': 17430, 'day': 'current_day', 'from_stop_id': 'B-0', 'to_stop_id': 'B-1', 'trip_id': 'walking', 'agency_name': 'Unknown'}, {'duration': 450, 'departure_time': 17520, 'arrival_time': 17970, 'day': 'current_day', 'from_stop_id': 'B-1', 'to_stop_id': '175-1', 'trip_id': '3-1-23', 'agency_name': 'Unknown'}]}",4410.0
37,223,8520,inter,left,117,[26; 36; 38; 48],[212; 224],500,375,500,375,8895,8955.0,12120.0,12180.0,3165.0,4.0,38,212,,,pt,12555.0,4035.0,"{'duration': 3165, 'source_transfer_time': 0, 'waiting_time': 285, 'trip_time': 2880, 'num_transfers': 4, 'departure_time': 8955, 'departure_day': 'current_day', 'arrival_time': 12120, 'arrival_day': 'current_day', 'steps': [{'duration': 180, 'departure_time': 9240, 'arrival_time': 9420, 'day': 'current_day', 'from_stop_id': '38-2', 'to_stop_id': 'A-2', 'trip_id': '2-1-9', 'agency_name': 'Unknown'}, {'duration': 30, 'departure_time': 9420, 'arrival_time': 9450, 'day': 'current_day', 'from_stop_id': 'A-2', 'to_stop_id': 'A-0', 'trip_id': 'walking', 'agency_name': 'Unknown'}, {'duration': 1800, 'departure_time': 9600, 'arrival_time': 11400, 'day': 'current_day', 'from_stop_id': 'A-0', 'to_stop_id': 'B-0', 'trip_id': 'IE-8-0', 'agency_name': 'Unknown'}, {'duration': 30, 'departure_time': 11400, 'arrival_time': 11430, 'day': 'current_day', 'from_stop_id': 'B-0', 'to_stop_id': 'B-4', 'trip_id': 'walking', 'agency_name': 'Unknown'}, {'duration': 540, 'departure_time': 11580, 'arrival_time': 12120, 'day': 'current_day', 'from_stop_id': 'B-4', 'to_stop_id': '212-4', 'trip_id': '9-0-13', 'agency_name': 'Unknown'}]}",4035.0
89,144,13800,inter,left,118,[89],[144],0,0,0,0,13800,13860.0,18210.0,18270.0,4350.0,6.0,89,144,,,pt,18270.0,4470.0,"{'duration': 4350, 'source_transfer_time': 0, 'waiting_time': 410, 'trip_time': 3940, 'num_transfers': 6, 'departure_time': 13860, 'departure_day': 'current_day', 'arrival_time': 18210, 'arrival_day': 'current_day', 'steps': [{'duration': 90, 'departure_time': 14270, 'arrival_time': 14360, 'day': 'current_day', 'from_stop_id': '89-3', 'to_stop_id': '88-3', 'trip_id': '5-0-14', 'agency_name': 'Unknown'}, {'duration': 30, 'departure_time': 14360, 'arrival_time': 14390, 'day': 'current_day', 'from_stop_id': '88-3', 'to_stop_id': '88-2', 'trip_id': 'walking', 'agency_name': 'Unknown'}, {'duration': 270, 'departure_time': 14550, 'arrival_time': 14820, 'day': 'current_day', 'from_stop_id': '88-2', 'to_stop_id': 'A-2', 'trip_id': '2-0-18', 'agency_name': 'Unknown'}, {'duration': 30, 'departure_time': 14820, 'arrival_time': 14850, 'day': 'current_day', 'from_stop_id': 'A-2', 'to_stop_id': 'A-0', 'trip_id': 'walking', 'agency_name': 'Unknown'}, {'duration': 1800, 'departure_time': 15600, 'arrival_time': 17400, 'day': 'current_day', 'from_stop_id': 'A-0', 'to_stop_id': 'B-0', 'trip_id': 'IE-13-0', 'agency_name': 'Unknown'}, {'duration': 30, 'departure_time': 17400, 'arrival_time': 17430, 'day': 'current_day', 'from_stop_id': 'B-0', 'to_stop_id': 'B-4', 'trip_id': 'walking', 'agency_name': 'Unknown'}, {'duration': 630, 'departure_time': 17580, 'arrival_time': 18210, 'day': 'current_day', 'from_stop_id': 'B-4', 'to_stop_id': '144-4', 'trip_id': '9-1-23', 'agency_name': 'Unknown'}]}",4470.0
18,195,13950,inter,left,119,[19; 29],[195],500,375,0,0,14325,14385.0,18160.0,18220.0,3775.0,6.0,19,195,,,pt,18220.0,4270.0,"{'duration': 3775, 'source_transfer_time': 0, 'waiting_time': 465, 'trip_time': 3310, 'num_transfers': 6, 'departure_time': 14385, 'departure_day': 'current_day', 'arrival_time': 18160, 'arrival_day': 'current_day', 'steps': [{'duration': 630, 'departure_time': 14850, 'arrival_time': 15480, 'day': 'current_day', 'from_stop_id': '19-5', 'to_stop_id': 'A-5', 'trip_id': '8-0-19', 'agency_name': 'Unknown'}, {'duration': 30, 'departure_time': 15480, 'arrival_time': 15510, 'day': 'current_day', 'from_stop_id': 'A-5', 'to_stop_id': 'A-0', 'trip_id': 'walking', 'agency_name': 'Unknown'}, {'duration': 1800, 'departure_time': 15600, 'arrival_time': 17400, 'day': 'current_day', 'from_stop_id': 'A-0', 'to_stop_id': 'B-0', 'trip_id': 'IE-13-0', 'agency_name': 'Unknown'}, {'duration': 30, 'departure_time': 17400, 'arrival_time': 17430, 'day': 'current_day', 'from_stop_id': 'B-0', 'to_stop_id': 'B-1', 'trip_id': 'walking', 'agency_name': 'Unknown'}, {'duration': 270, 'departure_time': 17520, 'arrival_time': 17790, 'day': 'current_day', 'from_stop_id': 'B-1', 'to_stop_id': '177-1', 'trip_id': '3-1-23', 'agency_name': 'Unknown'}, {'duration': 30, 'departure_time': 17790, 'arrival_time': 17820, 'day': 'current_day', 'from_stop_id': '177-1', 'to_stop_id': '177-3', 'trip_id': 'walking', 'agency_name': 'Unknown'}, {'duration': 190, 'departure_time': 17970, 'arrival_time': 18160, 'day': 'current_day', 'from_stop_id': '177-3', 'to_stop_id': '195-3', 'trip_id': '6-1-23', 'agency_name': 'Unknown'}]}",4270.0
44,152,10170,inter,left,120,[54],[141; 151],500,375,500,375,10545,10605.0,14660.0,14720.0,4055.0,6.0,54,151,,,pt,15095.0,4925.0,"{'duration': 4055, 'source_transfer_time': 0, 'waiting_time': 465, 'trip_time': 3590, 'num_transfers': 6, 'departure_time': 10605, 'departure_day': 'current_day', 'arrival_time': 14660, 'arrival_day': 'current_day', 'steps': [{'duration': 450, 'departure_time': 11070, 'arrival_time': 11520, 'day': 'current_day', 'from_stop_id': '54-1', 'to_stop_id': 'A-1', 'trip_id': '1-0-13', 'agency_name': 'Unknown'}, {'duration': 30, 'departure_time': 11520, 'arrival_time': 11550, 'day': 'current_day', 'from_stop_id': 'A-1', 'to_stop_id': 'A-0', 'trip_id': 'walking', 'agency_name': 'Unknown'}, {'duration': 1800, 'departure_time': 12000, 'arrival_time': 13800, 'day': 'current_day', 'from_stop_id': 'A-0', 'to_stop_id': 'B-0', 'trip_id': 'IE-10-0', 'agency_name': 'Unknown'}, {'duration': 30, 'departure_time': 13800, 'arrival_time': 13830, 'day': 'current_day', 'from_stop_id': 'B-0', 'to_stop_id': 'B-1', 'trip_id': 'walking', 'agency_name': 'Unknown'}, {'duration': 270, 'departure_time': 13920, 'arrival_time': 14190, 'day': 'current_day', 'from_stop_id': 'B-1', 'to_stop_id': '180-1', 'trip_id': '3-0-17', 'agency_name': 'Unknown'}, {'duration': 30, 'departure_time': 14190, 'arrival_time': 14220, 'day': 'current_day', 'from_stop_id': '180-1', 'to_stop_id': '180-3', 'trip_id': 'walking', 'agency_name': 'Unknown'}, {'duration': 290, 'departure_time': 14370, 'arrival_time': 14660, 'day': 'current_day', 'from_stop_id': '180-3', 'to_stop_id': '151-3', 'trip_id': '6-1-15', 'agency_name': 'Unknown'}]}",4925.0
76,225,7770,inter,left,121,[76],[225],0,0,0,0,7770,7830.0,11190.0,11250.0,3360.0,4.0,76,225,,,pt,11250.0,3480.0,"{'duration': 3360, 'source_transfer_time': 0, 'waiting_time': 180, 'trip_time': 3180, 'num_transfers': 4, 'departure_time': 7830, 'departure_day': 'current_day', 'arrival_time': 11190, 'arrival_day': 'current_day', 'steps': [{'duration': 270, 'departure_time': 8010, 'arrival_time': 8280, 'day': 'current_day', 'from_stop_id': '76-5', 'to_stop_id': 'A-5', 'trip_id': '8-1-7', 'agency_name': 'Unknown'}, {'duration': 30, 'departure_time': 8280, 'arrival_time': 8310, 'day': 'current_day', 'from_stop_id': 'A-5', 'to_stop_id': 'A-0', 'trip_id': 'walking', 'agency_name': 'Unknown'}, {'duration': 1800, 'departure_time': 8400, 'arrival_time': 10200, 'day': 'current_day', 'from_stop_id': 'A-0', 'to_stop_id': 'B-0', 'trip_id': 'IE-7-0', 'agency_name': 'Unknown'}, {'duration': 30, 'departure_time': 10200, 'arrival_time': 10230, 'day': 'current_day', 'from_stop_id': 'B-0', 'to_stop_id': 'B-4', 'trip_id': 'walking', 'agency_name': 'Unknown'}, {'duration': 810, 'departure_time': 10380, 'arrival_time': 11190, 'day': 'current_day', 'from_stop_id': 'B-4', 'to_stop_id': '225-4', 'trip_id': '9-0-11', 'agency_name': 'Unknown'}]}",3480.0
114,232,12000,inter,left,122,[103; 115],[231],500,375,500,375,12375,12435.0,17070.0,17130.0,4635.0,4.0,103,231,,,pt,17505.0,5505.0,"{'duration': 4635, 'source_transfer_time': 0, 'waiting_time': 225, 'trip_time': 4410, 'num_transfers': 4, 'departure_time': 12435, 'departure_day': 'current_day', 'arrival_time': 17070, 'arrival_day': 'current_day', 'steps': [{'duration': 720, 'departure_time': 12660, 'arrival_time': 13380, 'day': 'current_day', 'from_stop_id': '103-4', 'to_stop_id': 'A-4', 'trip_id': '7-1-16', 'agency_name': 'Unknown'}, {'duration': 30, 'departure_time': 13380, 'arrival_time': 13410, 'day': 'current_day', 'from_stop_id': 'A-4', 'to_stop_id': 'A-0', 'trip_id': 'walking', 'agency_name': 'Unknown'}, {'duration': 1800, 'departure_time': 14400, 'arrival_time': 16200, 'day': 'current_day', 'from_stop_id': 'A-0', 'to_stop_id': 'B-0', 'trip_id': 'IE-12-0', 'agency_name': 'Unknown'}, {'duration': 30, 'departure_time': 16200, 'arrival_time': 16230, 'day': 'current_day', 'from_stop_id': 'B-0', 'to_stop_id': 'B-2', 'trip_id': 'walking', 'agency_name': 'Unknown'}, {'duration': 450, 'departure_time': 16620, 'arrival_time': 17070, 'day': 'current_day', 'from_stop_id': 'B-2', 'to_stop_id': '231-2', 'trip_id': '4-1-21', 'agency_name': 'Unknown'}]}",5505.0
90,209,11400,inter,left,123,[90],[209],0,0,0,0,11400,11460.0,15690.0,15750.0,4230.0,6.0,90,209,,,pt,15750.0,4350.0,"{'duration': 4230, 'source_transfer_time': 0, 'waiting_time': 310, 'trip_time': 3920, 'num_transfers': 6, 'departure_time': 11460, 'departure_day': 'current_day', 'arrival_time': 15690, 'arrival_day': 'current_day', 'steps': [{'duration': 190, 'departure_time': 11770, 'arrival_time': 11960, 'day': 'current_day', 'from_stop_id': '90-3', 'to_stop_id': '88-3', 'trip_id': '5-0-10', 'agency_name': 'Unknown'}, {'duration': 30, 'departure_time': 11960, 'arrival_time': 11990, 'day': 'current_day', 'from_stop_id': '88-3', 'to_stop_id': '88-2', 'trip_id': 'walking', 'agency_name': 'Unknown'}, {'duration': 270, 'departure_time': 12150, 'arrival_time': 12420, 'day': 'current_day', 'from_stop_id': '88-2', 'to_stop_id': 'A-2', 'trip_id': '2-0-14', 'agency_name': 'Unknown'}, {'duration': 30, 'departure_time': 12420, 'arrival_time': 12450, 'day': 'current_day', 'from_stop_id': 'A-2', 'to_stop_id': 'A-0', 'trip_id': 'walking', 'agency_name': 'Unknown'}, {'duration': 1800, 'departure_time': 13200, 'arrival_time': 15000, 'day': 'current_day', 'from_stop_id': 'A-0', 'to_stop_id': 'B-0', 'trip_id': 'IE-11-0', 'agency_name': 'Unknown'}, {'duration': 30, 'departure_time': 15000, 'arrival_time': 15030, 'day': 'current_day', 'from_stop_id': 'B-0', 'to_stop_id': 'B-2', 'trip_id': 'walking', 'agency_name': 'Unknown'}, {'duration': 270, 'departure_time': 15420, 'arrival_time': 15690, 'day': 'current_day', 'from_stop_id': 'B-2', 'to_stop_id': '209-2', 'trip_id': '4-1-19', 'agency_name': 'Unknown'}]}",4350.0
92,177,11880,inter,left,124,[92],[177],0,0,0,0,11880,11940.0,15390.0,15450.0,3450.0,4.0,92,177,,,pt,15450.0,3570.0,"{'duration': 3450, 'source_transfer_time': 0, 'waiting_time': 210, 'trip_time': 3240, 'num_transfers': 4, 'departure_time': 11940, 'departure_day': 'current_day', 'arrival_time': 15390, 'arrival_day': 'current_day', 'steps': [{'duration': 630, 'departure_time': 12150, 'arrival_time': 12780, 'day': 'current_day', 'from_stop_id': '92-4', 'to_stop_id': 'A-4', 'trip_id': '7-1-15', 'agency_name': 'Unknown'}, {'duration': 30, 'departure_time': 12780, 'arrival_time': 12810, 'day': 'current_day', 'from_stop_id': 'A-4', 'to_stop_id': 'A-0', 'trip_id': 'walking', 'agency_name': 'Unknown'}, {'duration': 1800, 'departure_time': 13200, 'arrival_time': 15000, 'day': 'current_day', 'from_stop_id': 'A-0', 'to_stop_id': 'B-0', 'trip_id': 'IE-11-0', 'agency_name': 'Unknown'}, {'duration': 30, 'departure_time': 15000, 'arrival_time': 15030, 'day': 'current_day', 'from_stop_id': 'B-0', 'to_stop_id': 'B-1', 'trip_id': 'walking', 'agency_name': 'Unknown'}, {'duration': 270, 'departure_time': 15120, 'arrival_time': 15390, 'day': 'current_day', 'from_stop_id': 'B-1', 'to_stop_id': '177-1', 'trip_id': '3-1-19', 'agency_name': 'Unknown'}]}",3570.0
176,131,11430,intra,right,125,[176],[131],0,0,0,0,11430,11490.0,13380.0,13440.0,1890.0,2.0,176,131,5263.0,16693.0,pt,13440.0,2010.0,"{'duration': 1890, 'source_transfer_time': 0, 'waiting_time': 270, 'trip_time': 1620, 'num_transfers': 2, 'departure_time': 11490, 'departure_day': 'current_day', 'arrival_time': 13380, 'arrival_day': 'current_day', 'steps': [{'duration': 360, 'departure_time': 11760, 'arrival_time': 12120, 'day': 'current_day', 'from_stop_id': '176-1', 'to_stop_id': 'B-1', 'trip_id': '3-0-14', 'agency_name': 'Unknown'}, {'duration': 30, 'departure_time': 12120, 'arrival_time': 12150, 'day': 'current_day', 'from_stop_id': 'B-1', 'to_stop_id': 'B-5', 'trip_id': 'walking', 'agency_name': 'Unknown'}, {'duration': 900, 'departure_time': 12480, 'arrival_time': 13380, 'day': 'current_day', 'from_stop_id': 'B-5', 'to_stop_id': '131-5', 'trip_id': '10-1-14', 'agency_name': 'Unknown'}]}",2010.0
180,231,6360,intra,right,126,[180],[231],0,0,0,0,6360,6420.0,7470.0,7530.0,1050.0,2.0,180,231,3007.0,9367.0,pt,7530.0,1170.0,"{'duration': 1050, 'source_transfer_time': 0, 'waiting_time': 150, 'trip_time': 900, 'num_transfers': 2, 'departure_time': 6420, 'departure_day': 'current_day', 'arrival_time': 7470, 'arrival_day': 'current_day', 'steps': [{'duration': 590, 'departure_time': 6570, 'arrival_time': 7160, 'day': 'current_day', 'from_stop_id': '180-3', 'to_stop_id': '209-3', 'trip_id': '6-0-2', 'agency_name': 'Unknown'}, {'duration': 30, 'departure_time': 7160, 'arrival_time': 7190, 'day': 'current_day', 'from_stop_id': '209-3', 'to_stop_id': '209-2', 'trip_id': 'walking', 'agency_name': 'Unknown'}, {'duration': 180, 'departure_time': 7290, 'arrival_time': 7470, 'day': 'current_day', 'from_stop_id': '209-2', 'to_stop_id': '231-2', 'trip_id': '4-1-5', 'agency_name': 'Unknown'}]}",1170.0
130,175,9270,intra,right,127,[130],[175],0,0,0,0,9270,9330.0,11370.0,11430.0,2040.0,2.0,130,175,5263.0,14533.0,pt,11430.0,2160.0,"{'duration': 2040, 'source_transfer_time': 0, 'waiting_time': 540, 'trip_time': 1500, 'num_transfers': 2, 'departure_time': 9330, 'departure_day': 'current_day', 'arrival_time': 11370, 'arrival_day': 'current_day', 'steps': [{'duration': 810, 'departure_time': 9870, 'arrival_time': 10680, 'day': 'current_day', 'from_stop_id': '130-5', 'to_stop_id': 'B-5', 'trip_id': '10-0-11', 'agency_name': 'Unknown'}, {'duration': 30, 'departure_time': 10680, 'arrival_time': 10710, 'day': 'current_day', 'from_stop_id': 'B-5', 'to_stop_id': 'B-1', 'trip_id': 'walking', 'agency_name': 'Unknown'}, {'duration': 450, 'departure_time': 10920, 'arrival_time': 11370, 'day': 'current_day', 'from_stop_id': 'B-1', 'to_stop_id': '175-1', 'trip_id': '3-1-12', 'agency_name': 'Unknown'}]}",2160.0
205,159,6480,intra,right,128,[206; 216],[159],500,375,0,0,6855,6915.0,8400.0,8460.0,1485.0,2.0,206,159,3383.0,9863.0,pt,8460.0,1980.0,"{'duration': 1485, 'source_transfer_time': 0, 'waiting_time': 555, 'trip_time': 930, 'num_transfers': 2, 'departure_time': 6915, 'departure_day': 'current_day', 'arrival_time': 8400, 'arrival_day': 'current_day', 'steps': [{'duration': 290, 'departure_time': 7470, 'arrival_time': 7760, 'day': 'current_day', 'from_stop_id': '206-3', 'to_stop_id': '209-3', 'trip_id': '6-1-5', 'agency_name': 'Unknown'}, {'duration': 30, 'departure_time': 7760, 'arrival_time': 7790, 'day': 'current_day', 'from_stop_id': '209-3', 'to_stop_id': '209-2', 'trip_id': 'walking', 'agency_name': 'Unknown'}, {'duration': 450, 'departure_time': 7950, 'arrival_time': 8400, 'day': 'current_day', 'from_stop_id': '209-2', 'to_stop_id': '159-2', 'trip_id': '4-0-7', 'agency_name': 'Unknown'}]}",1980.0
239,204,4590,intra,right,129,[239],[206; 216; 226],0,0,1000,751,4590,4650.0,5660.0,5720.0,1010.0,2.0,239,206,3383.0,7973.0,pt,6471.0,1881.0,"{'duration': 1010, 'source_transfer_time': 0, 'waiting_time': 180, 'trip_time': 830, 'num_transfers': 2, 'departure_time': 4650, 'departure_day': 'current_day', 'arrival_time': 5660, 'arrival_day': 'current_day', 'steps': [{'duration': 360, 'departure_time': 4830, 'arrival_time': 5190, 'day': 'current_day', 'from_stop_id': '239-1', 'to_stop_id': '177-1', 'trip_id': '3-1-2', 'agency_name': 'Unknown'}, {'duration': 30, 'departure_time': 5190, 'arrival_time': 5220, 'day': 'current_day', 'from_stop_id': '177-1', 'to_stop_id': '177-3', 'trip_id': 'walking', 'agency_name': 'Unknown'}, {'duration': 290, 'departure_time': 5370, 'arrival_time': 5660, 'day': 'current_day', 'from_stop_id': '177-3', 'to_stop_id': '206-3', 'trip_id': '6-1-2', 'agency_name': 'Unknown'}]}",1881.0
216,167,10830,intra,right,130,[216],[167],0,0,0,0,10830,10890.0,12060.0,12120.0,1170.0,3.0,216,167,2255.0,13085.0,pt,12120.0,1290.0,"{'duration': 1170, 'source_transfer_time': 0, 'waiting_time': 270, 'trip_time': 900, 'num_transfers': 3, 'departure_time': 10890, 'departure_day': 'current_day', 'arrival_time': 12060, 'arrival_day': 'current_day', 'steps': [{'duration': 270, 'departure_time': 11160, 'arrival_time': 11430, 'day': 'current_day', 'from_stop_id': '216-5', 'to_stop_id': '207-5', 'trip_id': '10-1-13', 'agency_name': 'Unknown'}, {'duration': 30, 'departure_time': 11430, 'arrival_time': 11460, 'day': 'current_day', 'from_stop_id': '207-5', 'to_stop_id': '207-3', 'trip_id': 'walking', 'agency_name': 'Unknown'}, {'duration': 390, 'departure_time': 11570, 'arrival_time': 11960, 'day': 'current_day', 'from_stop_id': '207-3', 'to_stop_id': '177-3', 'trip_id': '6-0-9', 'agency_name': 'Unknown'}, {'duration': 90, 'departure_time': 11970, 'arrival_time': 12060, 'day': 'current_day', 'from_stop_id': '177-3', 'to_stop_id': '167-3', 'trip_id': '6-0-13', 'agency_name': 'Unknown'}]}",1290.0
142,170,12030,intra,right,131,[131; 141],[170],500,375,0,0,12405,12465.0,13500.0,13560.0,1035.0,0.0,131,170,2631.0,14661.0,pt,13560.0,1530.0,"{'duration': 1035, 'source_transfer_time': 0, 'waiting_time': 315, 'trip_time': 720, 'num_transfers': 0, 'departure_time': 12465, 'departure_day': 'current_day', 'arrival_time': 13500, 'arrival_day': 'current_day', 'steps': [{'duration': 720, 'departure_time': 12780, 'arrival_time': 13500, 'day': 'current_day', 'from_stop_id': '131-5', 'to_stop_id': '170-5', 'trip_id': '10-0-16', 'agency_name': 'Unknown'}]}",1530.0
133,186,6720,intra,right,132,[133],[178; 185; 187; 196],0,0,500,375,6720,6780.0,7860.0,7920.0,1080.0,3.0,133,185,2631.0,9351.0,pt,8295.0,1575.0,"{'duration': 1080, 'source_transfer_time': 0, 'waiting_time': 480, 'trip_time': 600, 'num_transfers': 3, 'departure_time': 6780, 'departure_day': 'current_day', 'arrival_time': 7860, 'arrival_day': 'current_day', 'steps': [{'duration': 180, 'departure_time': 7260, 'arrival_time': 7440, 'day': 'current_day', 'from_stop_id': '133-4', 'to_stop_id': '145-4', 'trip_id': '9-0-7', 'agency_name': 'Unknown'}, {'duration': 30, 'departure_time': 7440, 'arrival_time': 7470, 'day': 'current_day', 'from_stop_id': '145-4', 'to_stop_id': '145-3', 'trip_id': 'walking', 'agency_name': 'Unknown'}, {'duration': 290, 'departure_time': 7470, 'arrival_time': 7760, 'day': 'current_day', 'from_stop_id': '145-3', 'to_stop_id': '177-3', 'trip_id': '6-1-2', 'agency_name': 'Unknown'}, {'duration': 90, 'departure_time': 7770, 'arrival_time': 7860, 'day': 'current_day', 'from_stop_id': '177-3', 'to_stop_id': '185-3', 'trip_id': '6-1-6', 'agency_name': 'Unknown'}]}",1575.0
229,141,10410,intra,right,133,[207; 217; 227; 231],[141],1000,751,0,0,11161,11221.0,12600.0,12660.0,1379.0,0.0,207,141,5639.0,16049.0,pt,12660.0,2250.0,"{'duration': 1379, 'source_transfer_time': 0, 'waiting_time': 209, 'trip_time': 1170, 'num_transfers': 0, 'departure_time': 11221, 'departure_day': 'current_day', 'arrival_time': 12600, 'arrival_day': 'current_day', 'steps': [{'duration': 1170, 'departure_time': 11430, 'arrival_time': 12600, 'day': 'current_day', 'from_stop_id': '207-5', 'to_stop_id': '141-5', 'trip_id': '10-1-13', 'agency_name': 'Unknown'}]}",2250.0
153,209,7650,intra,right,134,[131; 141; 151],[209],1000,751,0,0,8401,8461.0,9560.0,9620.0,1099.0,0.0,151,209,4135.0,11785.0,pt,9620.0,1970.0,"{'duration': 1099, 'source_transfer_time': 0, 'waiting_time': 209, 'trip_time': 890, 'num_transfers': 0, 'departure_time': 8461, 'departure_day': 'current_day', 'arrival_time': 9560, 'arrival_day': 'current_day', 'steps': [{'duration': 890, 'departure_time': 8670, 'arrival_time': 9560, 'day': 'current_day', 'from_stop_id': '151-3', 'to_stop_id': '209-3', 'trip_id': '6-0-6', 'agency_name': 'Unknown'}]}",1970.0
141,220,11250,intra,right,135,[141],[220],0,0,0,0,11250,11310.0,13380.0,13440.0,2070.0,2.0,141,220,4511.0,15761.0,pt,13440.0,2190.0,"{'duration': 2070, 'source_transfer_time': 0, 'waiting_time': 450, 'trip_time': 1620, 'num_transfers': 2, 'departure_time': 11310, 'departure_day': 'current_day', 'arrival_time': 13380, 'arrival_day': 'current_day', 'steps': [{'duration': 630, 'departure_time': 11760, 'arrival_time': 12390, 'day': 'current_day', 'from_stop_id': '141-5', 'to_stop_id': '237-5', 'trip_id': '10-0-14', 'agency_name': 'Unknown'}, {'duration': 30, 'departure_time': 12390, 'arrival_time': 12420, 'day': 'current_day', 'from_stop_id': '237-5', 'to_stop_id': '237-2', 'trip_id': 'walking', 'agency_name': 'Unknown'}, {'duration': 450, 'departure_time': 12930, 'arrival_time': 13380, 'day': 'current_day', 'from_stop_id': '237-2', 'to_stop_id': '220-2', 'trip_id': '4-1-15', 'agency_name': 'Unknown'}]}",2190.0
188,143,10830,intra,right,136,[188],[132; 144],0,0,500,375,10830,10890.0,12210.0,12270.0,1320.0,0.0,188,144,3759.0,14589.0,pt,12645.0,1815.0,"{'duration': 1320, 'source_transfer_time': 0, 'waiting_time': 510, 'trip_time': 810, 'num_transfers': 0, 'departure_time': 10890, 'departure_day': 'current_day', 'arrival_time': 12210, 'arrival_day': 'current_day', 'steps': [{'duration': 810, 'departure_time': 11400, 'arrival_time': 12210, 'day': 'current_day', 'from_stop_id': '188-4', 'to_stop_id': '144-4', 'trip_id': '9-1-13', 'agency_name': 'Unknown'}]}",1815.0
144,130,12270,intra,right,137,[144],[130],0,0,0,0,12270,12330.0,13890.0,13950.0,1560.0,4.0,144,130,3759.0,16029.0,pt,13950.0,1680.0,"{'duration': 1560, 'source_transfer_time': 0, 'waiting_time': 420, 'trip_time': 1140, 'num_transfers': 4, 'departure_time': 12330, 'departure_day': 'current_day', 'arrival_time': 13890, 'arrival_day': 'current_day', 'steps': [{'duration': 90, 'departure_time': 12750, 'arrival_time': 12840, 'day': 'current_day', 'from_stop_id': '144-4', 'to_stop_id': '145-4', 'trip_id': '9-0-16', 'agency_name': 'Unknown'}, {'duration': 30, 'departure_time': 12840, 'arrival_time': 12870, 'day': 'current_day', 'from_stop_id': '145-4', 'to_stop_id': '145-3', 'trip_id': 'walking', 'agency_name': 'Unknown'}, {'duration': 490, 'departure_time': 12870, 'arrival_time': 13360, 'day': 'current_day', 'from_stop_id': '145-3', 'to_stop_id': '150-3', 'trip_id': '6-0-14', 'agency_name': 'Unknown'}, {'duration': 30, 'departure_time': 13360, 'arrival_time': 13390, 'day': 'current_day', 'from_stop_id': '150-3', 'to_stop_id': '150-5', 'trip_id': 'walking', 'agency_name': 'Unknown'}, {'duration': 360, 'departure_time': 13530, 'arrival_time': 13890, 'day': 'current_day', 'from_stop_id': '150-5', 'to_stop_id': '130-5', 'trip_id': '10-1-15', 'agency_name': 'Unknown'}]}",1680.0
231,149,6060,intra,right,138,[231],[149],0,0,0,0,6060,6120.0,7660.0,7720.0,1540.0,4.0,231,149,3383.0,9443.0,pt,7720.0,1660.0,"{'duration': 1540, 'source_transfer_time': 0, 'waiting_time': 450, 'trip_time': 1090, 'num_transfers': 4, 'departure_time': 6120, 'departure_day': 'current_day', 'arrival_time': 7660, 'arrival_day': 'current_day', 'steps': [{'duration': 360, 'departure_time': 6570, 'arrival_time': 6930, 'day': 'current_day', 'from_stop_id': '231-2', 'to_stop_id': '240-2', 'trip_id': '4-0-5', 'agency_name': 'Unknown'}, {'duration': 30, 'departure_time': 6930, 'arrival_time': 6960, 'day': 'current_day', 'from_stop_id': '240-2', 'to_stop_id': '240-5', 'trip_id': 'walking', 'agency_name': 'Unknown'}, {'duration': 540, 'departure_time': 6990, 'arrival_time': 7530, 'day': 'current_day', 'from_stop_id': '240-5', 'to_stop_id': '150-5', 'trip_id': '10-1-5', 'agency_name': 'Unknown'}, {'duration': 30, 'departure_time': 7530, 'arrival_time': 7560, 'day': 'current_day', 'from_stop_id': '150-5', 'to_stop_id': '150-3', 'trip_id': 'walking', 'agency_name': 'Unknown'}, {'duration': 90, 'departure_time': 7570, 'arrival_time': 7660, 'day': 'current_day', 'from_stop_id': '150-3', 'to_stop_id': '149-3', 'trip_id': '6-1-3', 'agency_name': 'Unknown'}]}",1660.0
149,166,5730,intra,right,139,[149],[167; 176],0,0,500,375,5730,5790.0,6460.0,6520.0,670.0,0.0,149,167,2631.0,8361.0,pt,6895.0,1165.0,"{'duration': 670, 'source_transfer_time': 0, 'waiting_time': 80, 'trip_time': 590, 'num_transfers': 0, 'departure_time': 5790, 'departure_day': 'current_day', 'arrival_time': 6460, 'arrival_day': 'current_day', 'steps': [{'duration': 590, 'departure_time': 5870, 'arrival_time': 6460, 'day': 'current_day', 'from_stop_id': '149-3', 'to_stop_id': '167-3', 'trip_id': '6-1-0', 'agency_name': 'Unknown'}]}",1165.0
187,151,11340,intra,right,140,[187],[151],0,0,0,0,11340,11400.0,12420.0,12480.0,1020.0,0.0,187,151,3007.0,14347.0,pt,12480.0,1140.0,"{'duration': 1020, 'source_transfer_time': 0, 'waiting_time': 300, 'trip_time': 720, 'num_transfers': 0, 'departure_time': 11400, 'departure_day': 'current_day', 'arrival_time': 12420, 'arrival_day': 'current_day', 'steps': [{'duration': 720, 'departure_time': 11700, 'arrival_time': 12420, 'day': 'current_day', 'from_stop_id': '187-5', 'to_stop_id': '151-5', 'trip_id': '10-1-13', 'agency_name': 'Unknown'}]}",1140.0
186,140,8730,intra,right,141,[178; 185; 187; 196],[140],500,375,0,0,9105,9165.0,10110.0,10170.0,945.0,0.0,187,140,3759.0,12489.0,pt,10170.0,1440.0,"{'duration': 945, 'source_transfer_time': 0, 'waiting_time': 135, 'trip_time': 810, 'num_transfers': 0, 'departure_time': 9165, 'departure_day': 'current_day', 'arrival_time': 10110, 'arrival_day': 'current_day', 'steps': [{'duration': 810, 'departure_time': 9300, 'arrival_time': 10110, 'day': 'current_day', 'from_stop_id': '187-5', 'to_stop_id': '140-5', 'trip_id': '10-1-9', 'agency_name': 'Unknown'}]}",1440.0
201,215,11940,intra,right,142,[201],[216; 226],0,0,500,375,11940,12000.0,13200.0,13260.0,1200.0,2.0,201,216,3759.0,15699.0,pt,13635.0,1695.0,"{'duration': 1200, 'source_transfer_time': 0, 'waiting_time': 170, 'trip_time': 1030, 'num_transfers': 2, 'departure_time': 12000, 'departure_day': 'current_day', 'arrival_time': 13200, 'arrival_day': 'current_day', 'steps': [{'duration': 590, 'departure_time': 12170, 'arrival_time': 12760, 'day': 'current_day', 'from_stop_id': '201-3', 'to_stop_id': '207-3', 'trip_id': '6-0-11', 'agency_name': 'Unknown'}, {'duration': 30, 'departure_time': 12760, 'arrival_time': 12790, 'day': 'current_day', 'from_stop_id': '207-3', 'to_stop_id': '207-5', 'trip_id': 'walking', 'agency_name': 'Unknown'}, {'duration': 270, 'departure_time': 12930, 'arrival_time': 13200, 'day': 'current_day', 'from_stop_id': '207-5', 'to_stop_id': '216-5', 'trip_id': '10-0-14', 'agency_name': 'Unknown'}]}",1695.0
209,156,10290,intra,right,143,[209],[156],0,0,0,0,10290,10350.0,11430.0,11490.0,1080.0,2.0,209,156,3007.0,13297.0,pt,11490.0,1200.0,"{'duration': 1080, 'source_transfer_time': 0, 'waiting_time': 0, 'trip_time': 1080, 'num_transfers': 2, 'departure_time': 10350, 'departure_day': 'current_day', 'arrival_time': 11430, 'arrival_day': 'current_day', 'steps': [{'duration': 270, 'departure_time': 10350, 'arrival_time': 10620, 'day': 'current_day', 'from_stop_id': '209-2', 'to_stop_id': 'B-2', 'trip_id': '4-0-11', 'agency_name': 'Unknown'}, {'duration': 30, 'departure_time': 10620, 'arrival_time': 10650, 'day': 'current_day', 'from_stop_id': 'B-2', 'to_stop_id': 'B-4', 'trip_id': 'walking', 'agency_name': 'Unknown'}, {'duration': 450, 'departure_time': 10980, 'arrival_time': 11430, 'day': 'current_day', 'from_stop_id': 'B-4', 'to_stop_id': '156-4', 'trip_id': '9-1-12', 'agency_name': 'Unknown'}]}",1200.0
177,181,4140,intra,right,144,[177],[181],0,0,0,0,4140,4200.0,5280.0,5340.0,1080.0,0.0,177,181,2631.0,6771.0,pt,5340.0,1200.0,"{'duration': 1080, 'source_transfer_time': 0, 'waiting_time': 450, 'trip_time': 630, 'num_transfers': 0, 'departure_time': 4200, 'departure_day': 'current_day', 'arrival_time': 5280, 'arrival_day': 'current_day', 'steps': [{'duration': 630, 'departure_time': 4650, 'arrival_time': 5280, 'day': 'current_day', 'from_stop_id': '177-1', 'to_stop_id': '181-1', 'trip_id': '3-0-2', 'agency_name': 'Unknown'}]}",1200.0
163,145,10290,intra,right,145,[162],[145],500,375,0,0,10665,10725.0,11660.0,11720.0,935.0,0.0,162,145,3007.0,13297.0,pt,11720.0,1430.0,"{'duration': 935, 'source_transfer_time': 0, 'waiting_time': 245, 'trip_time': 690, 'num_transfers': 0, 'departure_time': 10725, 'departure_day': 'current_day', 'arrival_time': 11660, 'arrival_day': 'current_day', 'steps': [{'duration': 690, 'departure_time': 10970, 'arrival_time': 11660, 'day': 'current_day', 'from_stop_id': '162-3', 'to_stop_id': '145-3', 'trip_id': '6-1-9', 'agency_name': 'Unknown'}]}",1430.0
165,153,11400,intra,right,146,[175],[131; 141; 151],500,375,1000,751,11775,11835.0,13460.0,13520.0,1625.0,2.0,175,151,4511.0,15911.0,pt,14271.0,2871.0,"{'duration': 1625, 'source_transfer_time': 0, 'waiting_time': 435, 'trip_time': 1190, 'num_transfers': 2, 'departure_time': 11835, 'departure_day': 'current_day', 'arrival_time': 13460, 'arrival_day': 'current_day', 'steps': [{'duration': 180, 'departure_time': 12270, 'arrival_time': 12450, 'day': 'current_day', 'from_stop_id': '175-1', 'to_stop_id': '177-1', 'trip_id': '3-0-15', 'agency_name': 'Unknown'}, {'duration': 30, 'departure_time': 12450, 'arrival_time': 12480, 'day': 'current_day', 'from_stop_id': '177-1', 'to_stop_id': '177-3', 'trip_id': 'walking', 'agency_name': 'Unknown'}, {'duration': 890, 'departure_time': 12570, 'arrival_time': 13460, 'day': 'current_day', 'from_stop_id': '177-3', 'to_stop_id': '151-3', 'trip_id': '6-0-14', 'agency_name': 'Unknown'}]}",2871.0
161,193,5220,intra,right,147,[161],[175; 195],0,0,1000,751,5220,5280.0,6570.0,6630.0,1290.0,2.0,161,175,4135.0,9355.0,pt,7381.0,2161.0,"{'duration': 1290, 'source_transfer_time': 0, 'waiting_time': 240, 'trip_time': 1050, 'num_transfers': 2, 'departure_time': 5280, 'departure_day': 'current_day', 'arrival_time': 6570, 'arrival_day': 'current_day', 'steps': [{'duration': 360, 'departure_time': 5520, 'arrival_time': 5880, 'day': 'current_day', 'from_stop_id': '161-5', 'to_stop_id': 'B-5', 'trip_id': '10-0-3', 'agency_name': 'Unknown'}, {'duration': 30, 'departure_time': 5880, 'arrival_time': 5910, 'day': 'current_day', 'from_stop_id': 'B-5', 'to_stop_id': 'B-1', 'trip_id': 'walking', 'agency_name': 'Unknown'}, {'duration': 450, 'departure_time': 6120, 'arrival_time': 6570, 'day': 'current_day', 'from_stop_id': 'B-1', 'to_stop_id': '175-1', 'trip_id': '3-1-4', 'agency_name': 'Unknown'}]}",2161.0
173,231,11610,intra,right,148,[172; 181],[231],500,375,0,0,11985,12045.0,13470.0,13530.0,1425.0,2.0,172,231,3759.0,15369.0,pt,13530.0,1920.0,"{'duration': 1425, 'source_transfer_time': 0, 'waiting_time': 425, 'trip_time': 1000, 'num_transfers': 2, 'departure_time': 12045, 'departure_day': 'current_day', 'arrival_time': 13470, 'arrival_day': 'current_day', 'steps': [{'duration': 690, 'departure_time': 12470, 'arrival_time': 13160, 'day': 'current_day', 'from_stop_id': '172-3', 'to_stop_id': '209-3', 'trip_id': '6-0-12', 'agency_name': 'Unknown'}, {'duration': 30, 'departure_time': 13160, 'arrival_time': 13190, 'day': 'current_day', 'from_stop_id': '209-3', 'to_stop_id': '209-2', 'trip_id': 'walking', 'agency_name': 'Unknown'}, {'duration': 180, 'departure_time': 13290, 'arrival_time': 13470, 'day': 'current_day', 'from_stop_id': '209-2', 'to_stop_id': '231-2', 'trip_id': '4-1-15', 'agency_name': 'Unknown'}]}",1920.0
172,217,13560,intra,right,149,[172],[217],0,0,0,0,13560,13620.0,14910.0,14970.0,1290.0,2.0,172,217,4135.0,17695.0,pt,14970.0,1410.0,"{'duration': 1290, 'source_transfer_time': 0, 'waiting_time': 50, 'trip_time': 1240, 'num_transfers': 2, 'departure_time': 13620, 'departure_day': 'current_day', 'arrival_time': 14910, 'arrival_day': 'current_day', 'steps': [{'duration': 990, 'departure_time': 13670, 'arrival_time': 14660, 'day': 'current_day', 'from_stop_id': '172-3', 'to_stop_id': '206-3', 'trip_id': '6-0-14', 'agency_name': 'Unknown'}, {'duration': 30, 'departure_time': 14660, 'arrival_time': 14690, 'day': 'current_day', 'from_stop_id': '206-3', 'to_stop_id': '206-5', 'trip_id': 'walking', 'agency_name': 'Unknown'}, {'duration': 90, 'departure_time': 14820, 'arrival_time': 14910, 'day': 'current_day', 'from_stop_id': '206-5', 'to_stop_id': '217-5', 'trip_id': '10-0-17', 'agency_name': 'Unknown'}]}",1410.0
165,221,11190,intra,right,150,[175],[210; 220],500,375,500,375,11565,11625.0,12660.0,12720.0,1035.0,2.0,175,210,4135.0,15325.0,pt,13095.0,1905.0,"{'duration': 1035, 'source_transfer_time': 0, 'waiting_time': 45, 'trip_time': 990, 'num_transfers': 2, 'departure_time': 11625, 'departure_day': 'current_day', 'arrival_time': 12660, 'arrival_day': 'current_day', 'steps': [{'duration': 180, 'departure_time': 11670, 'arrival_time': 11850, 'day': 'current_day', 'from_stop_id': '175-1', 'to_stop_id': '177-1', 'trip_id': '3-0-14', 'agency_name': 'Unknown'}, {'duration': 30, 'departure_time': 11850, 'arrival_time': 11880, 'day': 'current_day', 'from_stop_id': '177-1', 'to_stop_id': '177-3', 'trip_id': 'walking', 'agency_name': 'Unknown'}, {'duration': 690, 'departure_time': 11970, 'arrival_time': 12660, 'day': 'current_day', 'from_stop_id': '177-3', 'to_stop_id': '210-3', 'trip_id': '6-1-13', 'agency_name': 'Unknown'}]}",1905.0
147,235,11340,intra,right,151,[147],[224; 236],0,0,500,375,11340,11400.0,13500.0,13560.0,2100.0,2.0,147,224,4887.0,16227.0,pt,13935.0,2595.0,"{'duration': 2100, 'source_transfer_time': 0, 'waiting_time': 470, 'trip_time': 1630, 'num_transfers': 2, 'departure_time': 11400, 'departure_day': 'current_day', 'arrival_time': 13500, 'arrival_day': 'current_day', 'steps': [{'duration': 990, 'departure_time': 11870, 'arrival_time': 12860, 'day': 'current_day', 'from_stop_id': '147-3', 'to_stop_id': '212-3', 'trip_id': '6-0-12', 'agency_name': 'Unknown'}, {'duration': 30, 'departure_time': 12860, 'arrival_time': 12890, 'day': 'current_day', 'from_stop_id': '212-3', 'to_stop_id': '212-4', 'trip_id': 'walking', 'agency_name': 'Unknown'}, {'duration': 180, 'departure_time': 13320, 'arrival_time': 13500, 'day': 'current_day', 'from_stop_id': '212-4', 'to_stop_id': '224-4', 'trip_id': '9-0-15', 'agency_name': 'Unknown'}]}",2595.0
191,139,8340,intra,right,152,[181; 190],[140; 150],500,375,500,375,8715,8775.0,9360.0,9420.0,585.0,0.0,190,150,2631.0,10971.0,pt,9795.0,1455.0,"{'duration': 585, 'source_transfer_time': 0, 'waiting_time': 95, 'trip_time': 490, 'num_transfers': 0, 'departure_time': 8775, 'departure_day': 'current_day', 'arrival_time': 9360, 'arrival_day': 'current_day', 'steps': [{'duration': 490, 'departure_time': 8870, 'arrival_time': 9360, 'day': 'current_day', 'from_stop_id': '190-3', 'to_stop_id': '150-3', 'trip_id': '6-1-6', 'agency_name': 'Unknown'}]}",1455.0
154,142,12900,intra,right,153,[132; 144; 156; 175],[131; 141],1000,751,500,375,13651,13711.0,15000.0,15060.0,1289.0,4.0,132,141,4511.0,17411.0,pt,15435.0,2535.0,"{'duration': 1289, 'source_transfer_time': 0, 'waiting_time': 59, 'trip_time': 1230, 'num_transfers': 4, 'departure_time': 13711, 'departure_day': 'current_day', 'arrival_time': 15000, 'arrival_day': 'current_day', 'steps': [{'duration': 270, 'departure_time': 13770, 'arrival_time': 14040, 'day': 'current_day', 'from_stop_id': '132-4', 'to_stop_id': '145-4', 'trip_id': '9-0-18', 'agency_name': 'Unknown'}, {'duration': 30, 'departure_time': 14040, 'arrival_time': 14070, 'day': 'current_day', 'from_stop_id': '145-4', 'to_stop_id': '145-3', 'trip_id': 'walking', 'agency_name': 'Unknown'}, {'duration': 490, 'departure_time': 14070, 'arrival_time': 14560, 'day': 'current_day', 'from_stop_id': '145-3', 'to_stop_id': '150-3', 'trip_id': '6-0-16', 'agency_name': 'Unknown'}, {'duration': 30, 'departure_time': 14560, 'arrival_time': 14590, 'day': 'current_day', 'from_stop_id': '150-3', 'to_stop_id': '150-5', 'trip_id': 'walking', 'agency_name': 'Unknown'}, {'duration': 270, 'departure_time': 14730, 'arrival_time': 15000, 'day': 'current_day', 'from_stop_id': '150-5', 'to_stop_id': '141-5', 'trip_id': '10-1-17', 'agency_name': 'Unknown'}]}",2535.0
126,230,5370,intra,right,154,[126],[231],0,0,500,375,5370,5430.0,6870.0,6930.0,1440.0,0.0,126,231,4135.0,9505.0,pt,7305.0,1935.0,"{'duration': 1440, 'source_transfer_time': 0, 'waiting_time': 540, 'trip_time': 900, 'num_transfers': 0, 'departure_time': 5430, 'departure_day': 'current_day', 'arrival_time': 6870, 'arrival_day': 'current_day', 'steps': [{'duration': 900, 'departure_time': 5970, 'arrival_time': 6870, 'day': 'current_day', 'from_stop_id': '126-2', 'to_stop_id': '231-2', 'trip_id': '4-1-4', 'agency_name': 'Unknown'}]}",1935.0
150,167,5010,intra,right,155,[150],[167],0,0,0,0,5010,5070.0,5860.0,5920.0,790.0,0.0,150,167,2631.0,7641.0,pt,5920.0,910.0,"{'duration': 790, 'source_transfer_time': 0, 'waiting_time': 100, 'trip_time': 690, 'num_transfers': 0, 'departure_time': 5070, 'departure_day': 'current_day', 'arrival_time': 5860, 'arrival_day': 'current_day', 'steps': [{'duration': 690, 'departure_time': 5170, 'arrival_time': 5860, 'day': 'current_day', 'from_stop_id': '150-3', 'to_stop_id': '167-3', 'trip_id': '6-1-42', 'agency_name': 'Unknown'}]}",910.0
146,231,11940,intra,right,156,[146],[231],0,0,0,0,11940,12000.0,13470.0,13530.0,1470.0,2.0,146,231,3759.0,15699.0,pt,13530.0,1590.0,"{'duration': 1470, 'source_transfer_time': 0, 'waiting_time': 370, 'trip_time': 1100, 'num_transfers': 2, 'departure_time': 12000, 'departure_day': 'current_day', 'arrival_time': 13470, 'arrival_day': 'current_day', 'steps': [{'duration': 190, 'departure_time': 12370, 'arrival_time': 12560, 'day': 'current_day', 'from_stop_id': '146-3', 'to_stop_id': '148-3', 'trip_id': '6-0-13', 'agency_name': 'Unknown'}, {'duration': 30, 'departure_time': 12560, 'arrival_time': 12590, 'day': 'current_day', 'from_stop_id': '148-3', 'to_stop_id': '148-2', 'trip_id': 'walking', 'agency_name': 'Unknown'}, {'duration': 720, 'departure_time': 12750, 'arrival_time': 13470, 'day': 'current_day', 'from_stop_id': '148-2', 'to_stop_id': '231-2', 'trip_id': '4-1-15', 'agency_name': 'Unknown'}]}",1590.0
203,154,5160,intra,right,157,[182; 201; 213; 225],[132; 144; 156; 175],1000,751,1000,751,5911,5971.0,7170.0,7230.0,1199.0,0.0,182,175,5263.0,10423.0,pt,7981.0,2821.0,"{'duration': 1199, 'source_transfer_time': 0, 'waiting_time': 299, 'trip_time': 900, 'num_transfers': 0, 'departure_time': 5971, 'departure_day': 'current_day', 'arrival_time': 7170, 'arrival_day': 'current_day', 'steps': [{'duration': 900, 'departure_time': 6270, 'arrival_time': 7170, 'day': 'current_day', 'from_stop_id': '182-1', 'to_stop_id': '175-1', 'trip_id': '3-1-5', 'agency_name': 'Unknown'}]}",2821.0
209,177,7830,intra,right,158,[209],[177],0,0,0,0,7830,7890.0,8790.0,8850.0,900.0,2.0,209,177,2255.0,10085.0,pt,8850.0,1020.0,"{'duration': 900, 'source_transfer_time': 0, 'waiting_time': 60, 'trip_time': 840, 'num_transfers': 2, 'departure_time': 7890, 'departure_day': 'current_day', 'arrival_time': 8790, 'arrival_day': 'current_day', 'steps': [{'duration': 270, 'departure_time': 7950, 'arrival_time': 8220, 'day': 'current_day', 'from_stop_id': '209-2', 'to_stop_id': 'B-2', 'trip_id': '4-0-7', 'agency_name': 'Unknown'}, {'duration': 30, 'departure_time': 8220, 'arrival_time': 8250, 'day': 'current_day', 'from_stop_id': 'B-2', 'to_stop_id': 'B-1', 'trip_id': 'walking', 'agency_name': 'Unknown'}, {'duration': 270, 'departure_time': 8520, 'arrival_time': 8790, 'day': 'current_day', 'from_stop_id': 'B-1', 'to_stop_id': '177-1', 'trip_id': '3-1-8', 'agency_name': 'Unknown'}]}",1020.0
176,142,4320,intra,right,159,[176],[131; 141],0,0,500,375,4320,4380.0,6000.0,6060.0,1620.0,2.0,176,141,4887.0,9207.0,pt,6435.0,2115.0,"{'duration': 1620, 'source_transfer_time': 0, 'waiting_time': 180, 'trip_time': 1440, 'num_transfers': 2, 'departure_time': 4380, 'departure_day': 'current_day', 'arrival_time': 6000, 'arrival_day': 'current_day', 'steps': [{'duration': 360, 'departure_time': 4560, 'arrival_time': 4920, 'day': 'current_day', 'from_stop_id': '176-1', 'to_stop_id': 'B-1', 'trip_id': '3-0-2', 'agency_name': 'Unknown'}, {'duration': 30, 'departure_time': 4920, 'arrival_time': 4950, 'day': 'current_day', 'from_stop_id': 'B-1', 'to_stop_id': 'B-5', 'trip_id': 'walking', 'agency_name': 'Unknown'}, {'duration': 720, 'departure_time': 5280, 'arrival_time': 6000, 'day': 'current_day', 'from_stop_id': 'B-5', 'to_stop_id': '141-5', 'trip_id': '10-1-2', 'agency_name': 'Unknown'}]}",2115.0
128,167,12270,intra,right,160,[126; 130; 140; 150],[167],1000,751,0,0,13021,13081.0,14260.0,14320.0,1179.0,2.0,126,167,3383.0,15653.0,pt,14320.0,2050.0,"{'duration': 1179, 'source_transfer_time': 0, 'waiting_time': 89, 'trip_time': 1090, 'num_transfers': 2, 'departure_time': 13081, 'departure_day': 'current_day', 'arrival_time': 14260, 'arrival_day': 'current_day', 'steps': [{'duration': 180, 'departure_time': 13170, 'arrival_time': 13350, 'day': 'current_day', 'from_stop_id': '126-2', 'to_stop_id': '148-2', 'trip_id': '4-1-16', 'agency_name': 'Unknown'}, {'duration': 30, 'departure_time': 13350, 'arrival_time': 13380, 'day': 'current_day', 'from_stop_id': '148-2', 'to_stop_id': '148-3', 'trip_id': 'walking', 'agency_name': 'Unknown'}, {'duration': 490, 'departure_time': 13770, 'arrival_time': 14260, 'day': 'current_day', 'from_stop_id': '148-3', 'to_stop_id': '167-3', 'trip_id': '6-1-13', 'agency_name': 'Unknown'}]}",2050.0
178,141,8010,intra,right,161,[178],[141],0,0,0,0,8010,8070.0,9600.0,9660.0,1530.0,2.0,178,141,3759.0,11769.0,pt,9660.0,1650.0,"{'duration': 1530, 'source_transfer_time': 0, 'waiting_time': 270, 'trip_time': 1260, 'num_transfers': 2, 'departure_time': 8070, 'departure_day': 'current_day', 'arrival_time': 9600, 'arrival_day': 'current_day', 'steps': [{'duration': 180, 'departure_time': 8340, 'arrival_time': 8520, 'day': 'current_day', 'from_stop_id': '178-1', 'to_stop_id': 'B-1', 'trip_id': '3-0-8', 'agency_name': 'Unknown'}, {'duration': 30, 'departure_time': 8520, 'arrival_time': 8550, 'day': 'current_day', 'from_stop_id': 'B-1', 'to_stop_id': 'B-5', 'trip_id': 'walking', 'agency_name': 'Unknown'}, {'duration': 720, 'departure_time': 8880, 'arrival_time': 9600, 'day': 'current_day', 'from_stop_id': 'B-5', 'to_stop_id': '141-5', 'trip_id': '10-1-8', 'agency_name': 'Unknown'}]}",1650.0
175,49,13860,inter,right,162,[175],[49],0,0,0,0,13860,13920.0,18060.0,18120.0,4140.0,4.0,175,49,,,pt,18120.0,4260.0,"{'duration': 4140, 'source_transfer_time': 0, 'waiting_time': 150, 'trip_time': 3990, 'num_transfers': 4, 'departure_time': 13920, 'departure_day': 'current_day', 'arrival_time': 18060, 'arrival_day': 'current_day', 'steps': [{'duration': 450, 'departure_time': 14070, 'arrival_time': 14520, 'day': 'current_day', 'from_stop_id': '175-1', 'to_stop_id': 'B-1', 'trip_id': '3-0-18', 'agency_name': 'Unknown'}, {'duration': 30, 'departure_time': 14520, 'arrival_time': 14550, 'day': 'current_day', 'from_stop_id': 'B-1', 'to_stop_id': 'B-0', 'trip_id': 'walking', 'agency_name': 'Unknown'}, {'duration': 1800, 'departure_time': 15600, 'arrival_time': 17400, 'day': 'current_day', 'from_stop_id': 'B-0', 'to_stop_id': 'A-0', 'trip_id': 'IE-13-1', 'agency_name': 'Unknown'}, {'duration': 30, 'departure_time': 17400, 'arrival_time': 17430, 'day': 'current_day', 'from_stop_id': 'A-0', 'to_stop_id': 'A-5', 'trip_id': 'walking', 'agency_name': 'Unknown'}, {'duration': 180, 'departure_time': 17880, 'arrival_time': 18060, 'day': 'current_day', 'from_stop_id': 'A-5', 'to_stop_id': '49-5', 'trip_id': '8-1-23', 'agency_name': 'Unknown'}]}",4260.0
136,40,5970,inter,right,163,[137; 147],[40],500,375,0,0,6345,6405.0,9840.0,9900.0,3435.0,4.0,137,40,,,pt,9900.0,3930.0,"{'duration': 3435, 'source_transfer_time': 0, 'waiting_time': 255, 'trip_time': 3180, 'num_transfers': 4, 'departure_time': 6405, 'departure_day': 'current_day', 'arrival_time': 9840, 'arrival_day': 'current_day', 'steps': [{'duration': 360, 'departure_time': 6660, 'arrival_time': 7020, 'day': 'current_day', 'from_stop_id': '137-2', 'to_stop_id': 'B-2', 'trip_id': '4-1-5', 'agency_name': 'Unknown'}, {'duration': 30, 'departure_time': 7020, 'arrival_time': 7050, 'day': 'current_day', 'from_stop_id': 'B-2', 'to_stop_id': 'B-0', 'trip_id': 'walking', 'agency_name': 'Unknown'}, {'duration': 1800, 'departure_time': 7200, 'arrival_time': 9000, 'day': 'current_day', 'from_stop_id': 'B-0', 'to_stop_id': 'A-0', 'trip_id': 'IE-6-1', 'agency_name': 'Unknown'}, {'duration': 30, 'departure_time': 9000, 'arrival_time': 9030, 'day': 'current_day', 'from_stop_id': 'A-0', 'to_stop_id': 'A-5', 'trip_id': 'walking', 'agency_name': 'Unknown'}, {'duration': 360, 'departure_time': 9480, 'arrival_time': 9840, 'day': 'current_day', 'from_stop_id': 'A-5', 'to_stop_id': '40-5', 'trip_id': '8-1-9', 'agency_name': 'Unknown'}]}",3930.0
228,96,12900,inter,right,164,[217; 227],[96],500,375,0,0,13275,13335.0,17310.0,17370.0,3975.0,4.0,217,96,,,pt,17370.0,4470.0,"{'duration': 3975, 'source_transfer_time': 0, 'waiting_time': 315, 'trip_time': 3660, 'num_transfers': 4, 'departure_time': 13335, 'departure_day': 'current_day', 'arrival_time': 17310, 'arrival_day': 'current_day', 'steps': [{'duration': 630, 'departure_time': 13650, 'arrival_time': 14280, 'day': 'current_day', 'from_stop_id': '217-5', 'to_stop_id': 'B-5', 'trip_id': '10-1-17', 'agency_name': 'Unknown'}, {'duration': 30, 'departure_time': 14280, 'arrival_time': 14310, 'day': 'current_day', 'from_stop_id': 'B-5', 'to_stop_id': 'B-0', 'trip_id': 'walking', 'agency_name': 'Unknown'}, {'duration': 1800, 'departure_time': 14400, 'arrival_time': 16200, 'day': 'current_day', 'from_stop_id': 'B-0', 'to_stop_id': 'A-0', 'trip_id': 'IE-12-1', 'agency_name': 'Unknown'}, {'duration': 30, 'departure_time': 16200, 'arrival_time': 16230, 'day': 'current_day', 'from_stop_id': 'A-0', 'to_stop_id': 'A-5', 'trip_id': 'walking', 'agency_name': 'Unknown'}, {'duration': 630, 'departure_time': 16680, 'arrival_time': 17310, 'day': 'current_day', 'from_stop_id': 'A-5', 'to_stop_id': '96-5', 'trip_id': '8-0-21', 'agency_name': 'Unknown'}]}",4470.0
154,93,11100,inter,right,165,[132; 144; 156; 175],[92; 104],1000,751,500,375,11851,11911.0,15810.0,15870.0,3899.0,4.0,132,92,,,pt,16245.0,5145.0,"{'duration': 3899, 'source_transfer_time': 0, 'waiting_time': 59, 'trip_time': 3840, 'num_transfers': 4, 'departure_time': 11911, 'departure_day': 'current_day', 'arrival_time': 15810, 'arrival_day': 'current_day', 'steps': [{'duration': 810, 'departure_time': 11970, 'arrival_time': 12780, 'day': 'current_day', 'from_stop_id': '132-4', 'to_stop_id': 'B-4', 'trip_id': '9-0-15', 'agency_name': 'Unknown'}, {'duration': 30, 'departure_time': 12780, 'arrival_time': 12810, 'day': 'current_day', 'from_stop_id': 'B-4', 'to_stop_id': 'B-0', 'trip_id': 'walking', 'agency_name': 'Unknown'}, {'duration': 1800, 'departure_time': 13200, 'arrival_time': 15000, 'day': 'current_day', 'from_stop_id': 'B-0', 'to_stop_id': 'A-0', 'trip_id': 'IE-11-1', 'agency_name': 'Unknown'}, {'duration': 30, 'departure_time': 15000, 'arrival_time': 15030, 'day': 'current_day', 'from_stop_id': 'A-0', 'to_stop_id': 'A-4', 'trip_id': 'walking', 'agency_name': 'Unknown'}, {'duration': 630, 'departure_time': 15180, 'arrival_time': 15810, 'day': 'current_day', 'from_stop_id': 'A-4', 'to_stop_id': '92-4', 'trip_id': '7-0-19', 'agency_name': 'Unknown'}]}",5145.0
141,84,3810,inter,right,166,[141],[85; 95],0,0,500,375,3810,3870.0,7460.0,7520.0,3590.0,6.0,141,85,,,pt,7895.0,4085.0,"{'duration': 3590, 'source_transfer_time': 0, 'waiting_time': 90, 'trip_time': 3500, 'num_transfers': 6, 'departure_time': 3870, 'departure_day': 'current_day', 'arrival_time': 7460, 'arrival_day': 'current_day', 'steps': [{'duration': 720, 'departure_time': 3960, 'arrival_time': 4680, 'day': 'current_day', 'from_stop_id': '141-5', 'to_stop_id': 'B-5', 'trip_id': '10-0-1', 'agency_name': 'Unknown'}, {'duration': 30, 'departure_time': 4680, 'arrival_time': 4710, 'day': 'current_day', 'from_stop_id': 'B-5', 'to_stop_id': 'B-0', 'trip_id': 'walking', 'agency_name': 'Unknown'}, {'duration': 1800, 'departure_time': 4800, 'arrival_time': 6600, 'day': 'current_day', 'from_stop_id': 'B-0', 'to_stop_id': 'A-0', 'trip_id': 'IE-4-1', 'agency_name': 'Unknown'}, {'duration': 30, 'departure_time': 6600, 'arrival_time': 6630, 'day': 'current_day', 'from_stop_id': 'A-0', 'to_stop_id': 'A-1', 'trip_id': 'walking', 'agency_name': 'Unknown'}, {'duration': 270, 'departure_time': 6720, 'arrival_time': 6990, 'day': 'current_day', 'from_stop_id': 'A-1', 'to_stop_id': '56-1', 'trip_id': '1-1-5', 'agency_name': 'Unknown'}, {'duration': 30, 'departure_time': 6990, 'arrival_time': 7020, 'day': 'current_day', 'from_stop_id': '56-1', 'to_stop_id': '56-3', 'trip_id': 'walking', 'agency_name': 'Unknown'}, {'duration': 290, 'departure_time': 7170, 'arrival_time': 7460, 'day': 'current_day', 'from_stop_id': '56-3', 'to_stop_id': '85-3', 'trip_id': '5-1-5', 'agency_name': 'Unknown'}]}",4085.0
161,11,5700,inter,right,167,[161],[11],0,0,0,0,5700,5760.0,9990.0,10050.0,4230.0,4.0,161,11,,,pt,10050.0,4350.0,"{'duration': 4230, 'source_transfer_time': 0, 'waiting_time': 360, 'trip_time': 3870, 'num_transfers': 4, 'departure_time': 5760, 'departure_day': 'current_day', 'arrival_time': 9990, 'arrival_day': 'current_day', 'steps': [{'duration': 360, 'departure_time': 6120, 'arrival_time': 6480, 'day': 'current_day', 'from_stop_id': '161-5', 'to_stop_id': 'B-5', 'trip_id': '10-0-4', 'agency_name': 'Unknown'}, {'duration': 30, 'departure_time': 6480, 'arrival_time': 6510, 'day': 'current_day', 'from_stop_id': 'B-5', 'to_stop_id': 'B-0', 'trip_id': 'walking', 'agency_name': 'Unknown'}, {'duration': 1800, 'departure_time': 7200, 'arrival_time': 9000, 'day': 'current_day', 'from_stop_id': 'B-0', 'to_stop_id': 'A-0', 'trip_id': 'IE-6-1', 'agency_name': 'Unknown'}, {'duration': 30, 'departure_time': 9000, 'arrival_time': 9030, 'day': 'current_day', 'from_stop_id': 'A-0', 'to_stop_id': 'A-4', 'trip_id': 'walking', 'agency_name': 'Unknown'}, {'duration': 810, 'departure_time': 9180, 'arrival_time': 9990, 'day': 'current_day', 'from_stop_id': 'A-4', 'to_stop_id': '11-4', 'trip_id': '7-1-9', 'agency_name': 'Unknown'}]}",4350.0
133,0,14250,inter,right,168,[133],[0],0,0,0,0,14250,14310.0,18480.0,18540.0,4170.0,4.0,133,0,,,pt,18540.0,4290.0,"{'duration': 4170, 'source_transfer_time': 0, 'waiting_time': 150, 'trip_time': 4020, 'num_transfers': 4, 'departure_time': 14310, 'departure_day': 'current_day', 'arrival_time': 18480, 'arrival_day': 'current_day', 'steps': [{'duration': 720, 'departure_time': 14460, 'arrival_time': 15180, 'day': 'current_day', 'from_stop_id': '133-4', 'to_stop_id': 'B-4', 'trip_id': '9-0-19', 'agency_name': 'Unknown'}, {'duration': 30, 'departure_time': 15180, 'arrival_time': 15210, 'day': 'current_day', 'from_stop_id': 'B-4', 'to_stop_id': 'B-0', 'trip_id': 'walking', 'agency_name': 'Unknown'}, {'duration': 1800, 'departure_time': 15600, 'arrival_time': 17400, 'day': 'current_day', 'from_stop_id': 'B-0', 'to_stop_id': 'A-0', 'trip_id': 'IE-13-1', 'agency_name': 'Unknown'}, {'duration': 30, 'departure_time': 17400, 'arrival_time': 17430, 'day': 'current_day', 'from_stop_id': 'A-0', 'to_stop_id': 'A-4', 'trip_id': 'walking', 'agency_name': 'Unknown'}, {'duration': 900, 'departure_time': 17580, 'arrival_time': 18480, 'day': 'current_day', 'from_stop_id': 'A-4', 'to_stop_id': '0-4', 'trip_id': '7-1-23', 'agency_name': 'Unknown'}]}",4290.0
129,16,9720,inter,right,169,[130; 140],[16],500,375,0,0,10095,10155.0,14580.0,14640.0,4425.0,4.0,130,16,,,pt,14640.0,4920.0,"{'duration': 4425, 'source_transfer_time': 0, 'waiting_time': 315, 'trip_time': 4110, 'num_transfers': 4, 'departure_time': 10155, 'departure_day': 'current_day', 'arrival_time': 14580, 'arrival_day': 'current_day', 'steps': [{'duration': 810, 'departure_time': 10470, 'arrival_time': 11280, 'day': 'current_day', 'from_stop_id': '130-5', 'to_stop_id': 'B-5', 'trip_id': '10-0-12', 'agency_name': 'Unknown'}, {'duration': 30, 'departure_time': 11280, 'arrival_time': 11310, 'day': 'current_day', 'from_stop_id': 'B-5', 'to_stop_id': 'B-0', 'trip_id': 'walking', 'agency_name': 'Unknown'}, {'duration': 1800, 'departure_time': 12000, 'arrival_time': 13800, 'day': 'current_day', 'from_stop_id': 'B-0', 'to_stop_id': 'A-0', 'trip_id': 'IE-10-1', 'agency_name': 'Unknown'}, {'duration': 30, 'departure_time': 13800, 'arrival_time': 13830, 'day': 'current_day', 'from_stop_id': 'A-0', 'to_stop_id': 'A-2', 'trip_id': 'walking', 'agency_name': 'Unknown'}, {'duration': 360, 'departure_time': 14220, 'arrival_time': 14580, 'day': 'current_day', 'from_stop_id': 'A-2', 'to_stop_id': '16-2', 'trip_id': '2-0-17', 'agency_name': 'Unknown'}]}",4920.0
180,50,4800,inter,right,170,[180],[40; 49; 51; 58],0,0,500,375,4800,4860.0,8100.0,8160.0,3240.0,4.0,180,58,,,pt,8535.0,3735.0,"{'duration': 3240, 'source_transfer_time': 0, 'waiting_time': 390, 'trip_time': 2850, 'num_transfers': 4, 'departure_time': 4860, 'departure_day': 'current_day', 'arrival_time': 8100, 'arrival_day': 'current_day', 'steps': [{'duration': 270, 'departure_time': 5250, 'arrival_time': 5520, 'day': 'current_day', 'from_stop_id': '180-1', 'to_stop_id': 'B-1', 'trip_id': '3-1-3', 'agency_name': 'Unknown'}, {'duration': 30, 'departure_time': 5520, 'arrival_time': 5550, 'day': 'current_day', 'from_stop_id': 'B-1', 'to_stop_id': 'B-0', 'trip_id': 'walking', 'agency_name': 'Unknown'}, {'duration': 1800, 'departure_time': 6000, 'arrival_time': 7800, 'day': 'current_day', 'from_stop_id': 'B-0', 'to_stop_id': 'A-0', 'trip_id': 'IE-5-1', 'agency_name': 'Unknown'}, {'duration': 30, 'departure_time': 7800, 'arrival_time': 7830, 'day': 'current_day', 'from_stop_id': 'A-0', 'to_stop_id': 'A-1', 'trip_id': 'walking', 'agency_name': 'Unknown'}, {'duration': 180, 'departure_time': 7920, 'arrival_time': 8100, 'day': 'current_day', 'from_stop_id': 'A-1', 'to_stop_id': '58-1', 'trip_id': '1-0-7', 'agency_name': 'Unknown'}]}",3735.0
172,51,13140,inter,right,171,[172],[51],0,0,0,0,13140,13200.0,16860.0,16920.0,3660.0,8.0,172,51,,,pt,16920.0,3780.0,"{'duration': 3660, 'source_transfer_time': 0, 'waiting_time': 70, 'trip_time': 3590, 'num_transfers': 8, 'departure_time': 13200, 'departure_day': 'current_day', 'arrival_time': 16860, 'arrival_day': 'current_day', 'steps': [{'duration': 490, 'departure_time': 13270, 'arrival_time': 13760, 'day': 'current_day', 'from_stop_id': '172-3', 'to_stop_id': '148-3', 'trip_id': '6-1-13', 'agency_name': 'Unknown'}, {'duration': 30, 'departure_time': 13760, 'arrival_time': 13790, 'day': 'current_day', 'from_stop_id': '148-3', 'to_stop_id': '148-2', 'trip_id': 'walking', 'agency_name': 'Unknown'}, {'duration': 270, 'departure_time': 13950, 'arrival_time': 14220, 'day': 'current_day', 'from_stop_id': '148-2', 'to_stop_id': 'B-2', 'trip_id': '4-1-17', 'agency_name': 'Unknown'}, {'duration': 30, 'departure_time': 14220, 'arrival_time': 14250, 'day': 'current_day', 'from_stop_id': 'B-2', 'to_stop_id': 'B-0', 'trip_id': 'walking', 'agency_name': 'Unknown'}, {'duration': 1800, 'departure_time': 14400, 'arrival_time': 16200, 'day': 'current_day', 'from_stop_id': 'B-0', 'to_stop_id': 'A-0', 'trip_id': 'IE-12-1', 'agency_name': 'Unknown'}, {'duration': 30, 'departure_time': 16200, 'arrival_time': 16230, 'day': 'current_day', 'from_stop_id': 'A-0', 'to_stop_id': 'A-1', 'trip_id': 'walking', 'agency_name': 'Unknown'}, {'duration': 270, 'departure_time': 16320, 'arrival_time': 16590, 'day': 'current_day', 'from_stop_id': 'A-1', 'to_stop_id': '59-1', 'trip_id': '1-0-21', 'agency_name': 'Unknown'}, {'duration': 30, 'departure_time': 16590, 'arrival_time': 16620, 'day': 'current_day', 'from_stop_id': '59-1', 'to_stop_id': '59-3', 'trip_id': 'walking', 'agency_name': 'Unknown'}, {'duration': 90, 'departure_time': 16770, 'arrival_time': 16860, 'day': 'current_day', 'from_stop_id': '59-3', 'to_stop_id': '51-3', 'trip_id': '5-1-19', 'agency_name': 'Unknown'}]}",3780.0
142,82,9330,inter,right,172,[131; 141],[61; 80; 92; 104],500,375,1000,751,9705,9765.0,13170.0,13230.0,3405.0,4.0,131,61,,,pt,13981.0,4651.0,"{'duration': 3405, 'source_transfer_time': 0, 'waiting_time': 15, 'trip_time': 3390, 'num_transfers': 4, 'departure_time': 9765, 'departure_day': 'current_day', 'arrival_time': 13170, 'arrival_day': 'current_day', 'steps': [{'duration': 900, 'departure_time': 9780, 'arrival_time': 10680, 'day': 'current_day', 'from_stop_id': '131-5', 'to_stop_id': 'B-5', 'trip_id': '10-0-11', 'agency_name': 'Unknown'}, {'duration': 30, 'departure_time': 10680, 'arrival_time': 10710, 'day': 'current_day', 'from_stop_id': 'B-5', 'to_stop_id': 'B-0', 'trip_id': 'walking', 'agency_name': 'Unknown'}, {'duration': 1800, 'departure_time': 10800, 'arrival_time': 12600, 'day': 'current_day', 'from_stop_id': 'B-0', 'to_stop_id': 'A-0', 'trip_id': 'IE-9-1', 'agency_name': 'Unknown'}, {'duration': 30, 'departure_time': 12600, 'arrival_time': 12630, 'day': 'current_day', 'from_stop_id': 'A-0', 'to_stop_id': 'A-1', 'trip_id': 'walking', 'agency_name': 'Unknown'}, {'duration': 450, 'departure_time': 12720, 'arrival_time': 13170, 'day': 'current_day', 'from_stop_id': 'A-1', 'to_stop_id': '61-1', 'trip_id': '1-0-15', 'agency_name': 'Unknown'}]}",4651.0
191,9,8940,inter,right,173,[181; 190],[9],500,375,0,0,9315,9375.0,13890.0,13950.0,4515.0,4.0,181,9,,,pt,13950.0,5010.0,"{'duration': 4515, 'source_transfer_time': 0, 'waiting_time': 585, 'trip_time': 3930, 'num_transfers': 4, 'departure_time': 9375, 'departure_day': 'current_day', 'arrival_time': 13890, 'arrival_day': 'current_day', 'steps': [{'duration': 360, 'departure_time': 9960, 'arrival_time': 10320, 'day': 'current_day', 'from_stop_id': '181-1', 'to_stop_id': 'B-1', 'trip_id': '3-1-11', 'agency_name': 'Unknown'}, {'duration': 30, 'departure_time': 10320, 'arrival_time': 10350, 'day': 'current_day', 'from_stop_id': 'B-1', 'to_stop_id': 'B-0', 'trip_id': 'walking', 'agency_name': 'Unknown'}, {'duration': 1800, 'departure_time': 10800, 'arrival_time': 12600, 'day': 'current_day', 'from_stop_id': 'B-0', 'to_stop_id': 'A-0', 'trip_id': 'IE-9-1', 'agency_name': 'Unknown'}, {'duration': 30, 'departure_time': 12600, 'arrival_time': 12630, 'day': 'current_day', 'from_stop_id': 'A-0', 'to_stop_id': 'A-5', 'trip_id': 'walking', 'agency_name': 'Unknown'}, {'duration': 810, 'departure_time': 13080, 'arrival_time': 13890, 'day': 'current_day', 'from_stop_id': 'A-5', 'to_stop_id': '9-5', 'trip_id': '8-1-15', 'agency_name': 'Unknown'}]}",5010.0
132,1,12120,inter,right,174,[132],[0; 12],0,0,500,375,12120,12180.0,17100.0,17160.0,4920.0,4.0,132,12,,,pt,17535.0,5415.0,"{'duration': 4920, 'source_transfer_time': 0, 'waiting_time': 390, 'trip_time': 4530, 'num_transfers': 4, 'departure_time': 12180, 'departure_day': 'current_day', 'arrival_time': 17100, 'arrival_day': 'current_day', 'steps': [{'duration': 810, 'departure_time': 12570, 'arrival_time': 13380, 'day': 'current_day', 'from_stop_id': '132-4', 'to_stop_id': 'B-4', 'trip_id': '9-0-16', 'agency_name': 'Unknown'}, {'duration': 30, 'departure_time': 13380, 'arrival_time': 13410, 'day': 'current_day', 'from_stop_id': 'B-4', 'to_stop_id': 'B-0', 'trip_id': 'walking', 'agency_name': 'Unknown'}, {'duration': 1800, 'departure_time': 14400, 'arrival_time': 16200, 'day': 'current_day', 'from_stop_id': 'B-0', 'to_stop_id': 'A-0', 'trip_id': 'IE-12-1', 'agency_name': 'Unknown'}, {'duration': 30, 'departure_time': 16200, 'arrival_time': 16230, 'day': 'current_day', 'from_stop_id': 'A-0', 'to_stop_id': 'A-4', 'trip_id': 'walking', 'agency_name': 'Unknown'}, {'duration': 720, 'departure_time': 16380, 'arrival_time': 17100, 'day': 'current_day', 'from_stop_id': 'A-4', 'to_stop_id': '12-4', 'trip_id': '7-1-21', 'agency_name': 'Unknown'}]}",5415.0
165,20,12780,inter,right,175,[175],[20],500,375,0,0,13155,13215.0,17400.0,17460.0,4185.0,4.0,175,20,,,pt,17460.0,4680.0,"{'duration': 4185, 'source_transfer_time': 0, 'waiting_time': 255, 'trip_time': 3930, 'num_transfers': 4, 'departure_time': 13215, 'departure_day': 'current_day', 'arrival_time': 17400, 'arrival_day': 'current_day', 'steps': [{'duration': 450, 'departure_time': 13470, 'arrival_time': 13920, 'day': 'current_day', 'from_stop_id': '175-1', 'to_stop_id': 'B-1', 'trip_id': '3-0-17', 'agency_name': 'Unknown'}, {'duration': 30, 'departure_time': 13920, 'arrival_time': 13950, 'day': 'current_day', 'from_stop_id': 'B-1', 'to_stop_id': 'B-0', 'trip_id': 'walking', 'agency_name': 'Unknown'}, {'duration': 1800, 'departure_time': 14400, 'arrival_time': 16200, 'day': 'current_day', 'from_stop_id': 'B-0', 'to_stop_id': 'A-0', 'trip_id': 'IE-12-1', 'agency_name': 'Unknown'}, {'duration': 30, 'departure_time': 16200, 'arrival_time': 16230, 'day': 'current_day', 'from_stop_id': 'A-0', 'to_stop_id': 'A-5', 'trip_id': 'walking', 'agency_name': 'Unknown'}, {'duration': 720, 'departure_time': 16680, 'arrival_time': 17400, 'day': 'current_day', 'from_stop_id': 'A-5', 'to_stop_id': '20-5', 'trip_id': '8-1-21', 'agency_name': 'Unknown'}]}",4680.0
178,96,11730,inter,right,176,[178],[96],0,0,0,0,11730,11790.0,16110.0,16170.0,4320.0,4.0,178,96,,,pt,16170.0,4440.0,"{'duration': 4320, 'source_transfer_time': 0, 'waiting_time': 150, 'trip_time': 4170, 'num_transfers': 4, 'departure_time': 11790, 'departure_day': 'current_day', 'arrival_time': 16110, 'arrival_day': 'current_day', 'steps': [{'duration': 180, 'departure_time': 11940, 'arrival_time': 12120, 'day': 'current_day', 'from_stop_id': '178-1', 'to_stop_id': 'B-1', 'trip_id': '3-0-14', 'agency_name': 'Unknown'}, {'duration': 30, 'departure_time': 12120, 'arrival_time': 12150, 'day': 'current_day', 'from_stop_id': 'B-1', 'to_stop_id': 'B-0', 'trip_id': 'walking', 'agency_name': 'Unknown'}, {'duration': 1800, 'departure_time': 13200, 'arrival_time': 15000, 'day': 'current_day', 'from_stop_id': 'B-0', 'to_stop_id': 'A-0', 'trip_id': 'IE-11-1', 'agency_name': 'Unknown'}, {'duration': 30, 'departure_time': 15000, 'arrival_time': 15030, 'day': 'current_day', 'from_stop_id': 'A-0', 'to_stop_id': 'A-5', 'trip_id': 'walking', 'agency_name': 'Unknown'}, {'duration': 630, 'departure_time': 15480, 'arrival_time': 16110, 'day': 'current_day', 'from_stop_id': 'A-5', 'to_stop_id': '96-5', 'trip_id': '8-0-19', 'agency_name': 'Unknown'}]}",4440.0
164,72,11850,inter,right,177,[162; 182],[54; 74],1000,751,1000,751,12601,12661.0,16770.0,16830.0,4109.0,6.0,162,54,,,pt,17581.0,5731.0,"{'duration': 4109, 'source_transfer_time': 0, 'waiting_time': 109, 'trip_time': 4000, 'num_transfers': 6, 'departure_time': 12661, 'departure_day': 'current_day', 'arrival_time': 16770, 'arrival_day': 'current_day', 'steps': [{'duration': 390, 'departure_time': 12770, 'arrival_time': 13160, 'day': 'current_day', 'from_stop_id': '162-3', 'to_stop_id': '148-3', 'trip_id': '6-1-12', 'agency_name': 'Unknown'}, {'duration': 30, 'departure_time': 13160, 'arrival_time': 13190, 'day': 'current_day', 'from_stop_id': '148-3', 'to_stop_id': '148-2', 'trip_id': 'walking', 'agency_name': 'Unknown'}, {'duration': 270, 'departure_time': 13350, 'arrival_time': 13620, 'day': 'current_day', 'from_stop_id': '148-2', 'to_stop_id': 'B-2', 'trip_id': '4-1-16', 'agency_name': 'Unknown'}, {'duration': 30, 'departure_time': 13620, 'arrival_time': 13650, 'day': 'current_day', 'from_stop_id': 'B-2', 'to_stop_id': 'B-0', 'trip_id': 'walking', 'agency_name': 'Unknown'}, {'duration': 1800, 'departure_time': 14400, 'arrival_time': 16200, 'day': 'current_day', 'from_stop_id': 'B-0', 'to_stop_id': 'A-0', 'trip_id': 'IE-12-1', 'agency_name': 'Unknown'}, {'duration': 30, 'departure_time': 16200, 'arrival_time': 16230, 'day': 'current_day', 'from_stop_id': 'A-0', 'to_stop_id': 'A-1', 'trip_id': 'walking', 'agency_name': 'Unknown'}, {'duration': 450, 'departure_time': 16320, 'arrival_time': 16770, 'day': 'current_day', 'from_stop_id': 'A-1', 'to_stop_id': '54-1', 'trip_id': '1-1-21', 'agency_name': 'Unknown'}]}",5731.0
154,29,7020,inter,right,178,[132; 144; 156; 175],[29],1000,751,0,0,7771,7831.0,12330.0,12390.0,4499.0,4.0,132,29,,,pt,12390.0,5370.0,"{'duration': 4499, 'source_transfer_time': 0, 'waiting_time': 539, 'trip_time': 3960, 'num_transfers': 4, 'departure_time': 7831, 'departure_day': 'current_day', 'arrival_time': 12330, 'arrival_day': 'current_day', 'steps': [{'duration': 810, 'departure_time': 8370, 'arrival_time': 9180, 'day': 'current_day', 'from_stop_id': '132-4', 'to_stop_id': 'B-4', 'trip_id': '9-0-9', 'agency_name': 'Unknown'}, {'duration': 30, 'departure_time': 9180, 'arrival_time': 9210, 'day': 'current_day', 'from_stop_id': 'B-4', 'to_stop_id': 'B-0', 'trip_id': 'walking', 'agency_name': 'Unknown'}, {'duration': 1800, 'departure_time': 9600, 'arrival_time': 11400, 'day': 'current_day', 'from_stop_id': 'B-0', 'to_stop_id': 'A-0', 'trip_id': 'IE-8-1', 'agency_name': 'Unknown'}, {'duration': 30, 'departure_time': 11400, 'arrival_time': 11430, 'day': 'current_day', 'from_stop_id': 'A-0', 'to_stop_id': 'A-5', 'trip_id': 'walking', 'agency_name': 'Unknown'}, {'duration': 450, 'departure_time': 11880, 'arrival_time': 12330, 'day': 'current_day', 'from_stop_id': 'A-5', 'to_stop_id': '29-5', 'trip_id': '8-1-13', 'agency_name': 'Unknown'}]}",5370.0
150,30,7500,inter,right,179,[150],[30],0,0,0,0,7500,7560.0,11060.0,11120.0,3500.0,6.0,150,30,,,pt,11120.0,3620.0,"{'duration': 3500, 'source_transfer_time': 0, 'waiting_time': 270, 'trip_time': 3230, 'num_transfers': 6, 'departure_time': 7560, 'departure_day': 'current_day', 'arrival_time': 11060, 'arrival_day': 'current_day', 'steps': [{'duration': 450, 'departure_time': 7830, 'arrival_time': 8280, 'day': 'current_day', 'from_stop_id': '150-5', 'to_stop_id': 'B-5', 'trip_id': '10-0-7', 'agency_name': 'Unknown'}, {'duration': 30, 'departure_time': 8280, 'arrival_time': 8310, 'day': 'current_day', 'from_stop_id': 'B-5', 'to_stop_id': 'B-0', 'trip_id': 'walking', 'agency_name': 'Unknown'}, {'duration': 1800, 'departure_time': 8400, 'arrival_time': 10200, 'day': 'current_day', 'from_stop_id': 'B-0', 'to_stop_id': 'A-0', 'trip_id': 'IE-7-1', 'agency_name': 'Unknown'}, {'duration': 30, 'departure_time': 10200, 'arrival_time': 10230, 'day': 'current_day', 'from_stop_id': 'A-0', 'to_stop_id': 'A-1', 'trip_id': 'walking', 'agency_name': 'Unknown'}, {'duration': 270, 'departure_time': 10320, 'arrival_time': 10590, 'day': 'current_day', 'from_stop_id': 'A-1', 'to_stop_id': '59-1', 'trip_id': '1-0-11', 'agency_name': 'Unknown'}, {'duration': 30, 'departure_time': 10590, 'arrival_time': 10620, 'day': 'current_day', 'from_stop_id': '59-1', 'to_stop_id': '59-3', 'trip_id': 'walking', 'agency_name': 'Unknown'}, {'duration': 290, 'departure_time': 10770, 'arrival_time': 11060, 'day': 'current_day', 'from_stop_id': '59-3', 'to_stop_id': '30-3', 'trip_id': '5-1-9', 'agency_name': 'Unknown'}]}",3620.0
164,33,7590,inter,right,180,[162; 182],[11; 23; 35; 54],1000,751,1000,751,8341,8401.0,11970.0,12030.0,3569.0,6.0,162,54,,,pt,12781.0,5191.0,"{'duration': 3569, 'source_transfer_time': 0, 'waiting_time': 169, 'trip_time': 3400, 'num_transfers': 6, 'departure_time': 8401, 'departure_day': 'current_day', 'arrival_time': 11970, 'arrival_day': 'current_day', 'steps': [{'duration': 390, 'departure_time': 8570, 'arrival_time': 8960, 'day': 'current_day', 'from_stop_id': '162-3', 'to_stop_id': '148-3', 'trip_id': '6-1-5', 'agency_name': 'Unknown'}, {'duration': 30, 'departure_time': 8960, 'arrival_time': 8990, 'day': 'current_day', 'from_stop_id': '148-3', 'to_stop_id': '148-2', 'trip_id': 'walking', 'agency_name': 'Unknown'}, {'duration': 270, 'departure_time': 9150, 'arrival_time': 9420, 'day': 'current_day', 'from_stop_id': '148-2', 'to_stop_id': 'B-2', 'trip_id': '4-1-9', 'agency_name': 'Unknown'}, {'duration': 30, 'departure_time': 9420, 'arrival_time': 9450, 'day': 'current_day', 'from_stop_id': 'B-2', 'to_stop_id': 'B-0', 'trip_id': 'walking', 'agency_name': 'Unknown'}, {'duration': 1800, 'departure_time': 9600, 'arrival_time': 11400, 'day': 'current_day', 'from_stop_id': 'B-0', 'to_stop_id': 'A-0', 'trip_id': 'IE-8-1', 'agency_name': 'Unknown'}, {'duration': 30, 'departure_time': 11400, 'arrival_time': 11430, 'day': 'current_day', 'from_stop_id': 'A-0', 'to_stop_id': 'A-1', 'trip_id': 'walking', 'agency_name': 'Unknown'}, {'duration': 450, 'departure_time': 11520, 'arrival_time': 11970, 'day': 'current_day', 'from_stop_id': 'A-1', 'to_stop_id': '54-1', 'trip_id': '1-1-13', 'agency_name': 'Unknown'}]}",5191.0
148,40,10620,inter,right,181,[148],[40],0,0,0,0,10620,10680.0,14640.0,14700.0,3960.0,4.0,148,40,,,pt,14700.0,4080.0,"{'duration': 3960, 'source_transfer_time': 0, 'waiting_time': 270, 'trip_time': 3690, 'num_transfers': 4, 'departure_time': 10680, 'departure_day': 'current_day', 'arrival_time': 14640, 'arrival_day': 'current_day', 'steps': [{'duration': 270, 'departure_time': 10950, 'arrival_time': 11220, 'day': 'current_day', 'from_stop_id': '148-2', 'to_stop_id': 'B-2', 'trip_id': '4-1-12', 'agency_name': 'Unknown'}, {'duration': 30, 'departure_time': 11220, 'arrival_time': 11250, 'day': 'current_day', 'from_stop_id': 'B-2', 'to_stop_id': 'B-0', 'trip_id': 'walking', 'agency_name': 'Unknown'}, {'duration': 1800, 'departure_time': 12000, 'arrival_time': 13800, 'day': 'current_day', 'from_stop_id': 'B-0', 'to_stop_id': 'A-0', 'trip_id': 'IE-10-1', 'agency_name': 'Unknown'}, {'duration': 30, 'departure_time': 13800, 'arrival_time': 13830, 'day': 'current_day', 'from_stop_id': 'A-0', 'to_stop_id': 'A-5', 'trip_id': 'walking', 'agency_name': 'Unknown'}, {'duration': 360, 'departure_time': 14280, 'arrival_time': 14640, 'day': 'current_day', 'from_stop_id': 'A-5', 'to_stop_id': '40-5', 'trip_id': '8-1-17', 'agency_name': 'Unknown'}]}",4080.0
212,51,4740,inter,right,182,[212],[51],0,0,0,0,4740,4800.0,8460.0,8520.0,3660.0,6.0,212,51,,,pt,8520.0,3780.0,"{'duration': 3660, 'source_transfer_time': 0, 'waiting_time': 240, 'trip_time': 3420, 'num_transfers': 6, 'departure_time': 4800, 'departure_day': 'current_day', 'arrival_time': 8460, 'arrival_day': 'current_day', 'steps': [{'duration': 540, 'departure_time': 5040, 'arrival_time': 5580, 'day': 'current_day', 'from_stop_id': '212-4', 'to_stop_id': 'B-4', 'trip_id': '9-1-3', 'agency_name': 'Unknown'}, {'duration': 30, 'departure_time': 5580, 'arrival_time': 5610, 'day': 'current_day', 'from_stop_id': 'B-4', 'to_stop_id': 'B-0', 'trip_id': 'walking', 'agency_name': 'Unknown'}, {'duration': 1800, 'departure_time': 6000, 'arrival_time': 7800, 'day': 'current_day', 'from_stop_id': 'B-0', 'to_stop_id': 'A-0', 'trip_id': 'IE-5-1', 'agency_name': 'Unknown'}, {'duration': 30, 'departure_time': 7800, 'arrival_time': 7830, 'day': 'current_day', 'from_stop_id': 'A-0', 'to_stop_id': 'A-1', 'trip_id': 'walking', 'agency_name': 'Unknown'}, {'duration': 270, 'departure_time': 7920, 'arrival_time': 8190, 'day': 'current_day', 'from_stop_id': 'A-1', 'to_stop_id': '59-1', 'trip_id': '1-0-7', 'agency_name': 'Unknown'}, {'duration': 30, 'departure_time': 8190, 'arrival_time': 8220, 'day': 'current_day', 'from_stop_id': '59-1', 'to_stop_id': '59-3', 'trip_id': 'walking', 'agency_name': 'Unknown'}, {'duration': 90, 'departure_time': 8370, 'arrival_time': 8460, 'day': 'current_day', 'from_stop_id': '59-3', 'to_stop_id': '51-3', 'trip_id': '5-1-5', 'agency_name': 'Unknown'}]}",3780.0
151,66,11400,inter,right,183,[151],[66],0,0,0,0,11400,11460.0,15660.0,15720.0,4200.0,4.0,151,66,,,pt,15720.0,4320.0,"{'duration': 4200, 'source_transfer_time': 0, 'waiting_time': 480, 'trip_time': 3720, 'num_transfers': 4, 'departure_time': 11460, 'departure_day': 'current_day', 'arrival_time': 15660, 'arrival_day': 'current_day', 'steps': [{'duration': 540, 'departure_time': 11940, 'arrival_time': 12480, 'day': 'current_day', 'from_stop_id': '151-5', 'to_stop_id': 'B-5', 'trip_id': '10-0-14', 'agency_name': 'Unknown'}, {'duration': 30, 'departure_time': 12480, 'arrival_time': 12510, 'day': 'current_day', 'from_stop_id': 'B-5', 'to_stop_id': 'B-0', 'trip_id': 'walking', 'agency_name': 'Unknown'}, {'duration': 1800, 'departure_time': 13200, 'arrival_time': 15000, 'day': 'current_day', 'from_stop_id': 'B-0', 'to_stop_id': 'A-0', 'trip_id': 'IE-11-1', 'agency_name': 'Unknown'}, {'duration': 30, 'departure_time': 15000, 'arrival_time': 15030, 'day': 'current_day', 'from_stop_id': 'A-0', 'to_stop_id': 'A-5', 'trip_id': 'walking', 'agency_name': 'Unknown'}, {'duration': 180, 'departure_time': 15480, 'arrival_time': 15660, 'day': 'current_day', 'from_stop_id': 'A-5', 'to_stop_id': '66-5', 'trip_id': '8-0-19', 'agency_name': 'Unknown'}]}",4320.0
205,33,13410,inter,right,184,[206; 216],[11; 23; 35; 54],500,375,1000,751,13785,13845.0,17970.0,18030.0,4125.0,4.0,206,54,,,pt,18781.0,5371.0,"{'duration': 4125, 'source_transfer_time': 0, 'waiting_time': 495, 'trip_time': 3630, 'num_transfers': 4, 'departure_time': 13845, 'departure_day': 'current_day', 'arrival_time': 17970, 'arrival_day': 'current_day', 'steps': [{'duration': 540, 'departure_time': 14340, 'arrival_time': 14880, 'day': 'current_day', 'from_stop_id': '206-5', 'to_stop_id': 'B-5', 'trip_id': '10-1-18', 'agency_name': 'Unknown'}, {'duration': 30, 'departure_time': 14880, 'arrival_time': 14910, 'day': 'current_day', 'from_stop_id': 'B-5', 'to_stop_id': 'B-0', 'trip_id': 'walking', 'agency_name': 'Unknown'}, {'duration': 1800, 'departure_time': 15600, 'arrival_time': 17400, 'day': 'current_day', 'from_stop_id': 'B-0', 'to_stop_id': 'A-0', 'trip_id': 'IE-13-1', 'agency_name': 'Unknown'}, {'duration': 30, 'departure_time': 17400, 'arrival_time': 17430, 'day': 'current_day', 'from_stop_id': 'A-0', 'to_stop_id': 'A-1', 'trip_id': 'walking', 'agency_name': 'Unknown'}, {'duration': 450, 'departure_time': 17520, 'arrival_time': 17970, 'day': 'current_day', 'from_stop_id': 'A-1', 'to_stop_id': '54-1', 'trip_id': '1-1-23', 'agency_name': 'Unknown'}]}",5371.0
133,33,8730,inter,right,185,[133],[11; 23; 35; 54],0,0,1000,751,8730,8790.0,13170.0,13230.0,4380.0,4.0,133,54,,,pt,13981.0,5251.0,"{'duration': 4380, 'source_transfer_time': 0, 'waiting_time': 270, 'trip_time': 4110, 'num_transfers': 4, 'departure_time': 8790, 'departure_day': 'current_day', 'arrival_time': 13170, 'arrival_day': 'current_day', 'steps': [{'duration': 720, 'departure_time': 9060, 'arrival_time': 9780, 'day': 'current_day', 'from_stop_id': '133-4', 'to_stop_id': 'B-4', 'trip_id': '9-0-10', 'agency_name': 'Unknown'}, {'duration': 30, 'departure_time': 9780, 'arrival_time': 9810, 'day': 'current_day', 'from_stop_id': 'B-4', 'to_stop_id': 'B-0', 'trip_id': 'walking', 'agency_name': 'Unknown'}, {'duration': 1800, 'departure_time': 10800, 'arrival_time': 12600, 'day': 'current_day', 'from_stop_id': 'B-0', 'to_stop_id': 'A-0', 'trip_id': 'IE-9-1', 'agency_name': 'Unknown'}, {'duration': 30, 'departure_time': 12600, 'arrival_time': 12630, 'day': 'current_day', 'from_stop_id': 'A-0', 'to_stop_id': 'A-1', 'trip_id': 'walking', 'agency_name': 'Unknown'}, {'duration': 450, 'departure_time': 12720, 'arrival_time': 13170, 'day': 'current_day', 'from_stop_id': 'A-1', 'to_stop_id': '54-1', 'trip_id': '1-1-15', 'agency_name': 'Unknown'}]}",5251.0
151,64,5610,inter,right,186,[151],[64],0,0,0,0,5610,5670.0,9660.0,9720.0,3990.0,6.0,151,64,,,pt,9720.0,4110.0,"{'duration': 3990, 'source_transfer_time': 0, 'waiting_time': 270, 'trip_time': 3720, 'num_transfers': 6, 'departure_time': 5670, 'departure_day': 'current_day', 'arrival_time': 9660, 'arrival_day': 'current_day', 'steps': [{'duration': 540, 'departure_time': 5940, 'arrival_time': 6480, 'day': 'current_day', 'from_stop_id': '151-5', 'to_stop_id': 'B-5', 'trip_id': '10-0-4', 'agency_name': 'Unknown'}, {'duration': 30, 'departure_time': 6480, 'arrival_time': 6510, 'day': 'current_day', 'from_stop_id': 'B-5', 'to_stop_id': 'B-0', 'trip_id': 'walking', 'agency_name': 'Unknown'}, {'duration': 1800, 'departure_time': 7200, 'arrival_time': 9000, 'day': 'current_day', 'from_stop_id': 'B-0', 'to_stop_id': 'A-0', 'trip_id': 'IE-6-1', 'agency_name': 'Unknown'}, {'duration': 30, 'departure_time': 9000, 'arrival_time': 9030, 'day': 'current_day', 'from_stop_id': 'A-0', 'to_stop_id': 'A-1', 'trip_id': 'walking', 'agency_name': 'Unknown'}, {'duration': 270, 'departure_time': 9120, 'arrival_time': 9390, 'day': 'current_day', 'from_stop_id': 'A-1', 'to_stop_id': '56-1', 'trip_id': '1-1-9', 'agency_name': 'Unknown'}, {'duration': 30, 'departure_time': 9390, 'arrival_time': 9420, 'day': 'current_day', 'from_stop_id': '56-1', 'to_stop_id': '56-3', 'trip_id': 'walking', 'agency_name': 'Unknown'}, {'duration': 90, 'departure_time': 9570, 'arrival_time': 9660, 'day': 'current_day', 'from_stop_id': '56-3', 'to_stop_id': '64-3', 'trip_id': '5-1-9', 'agency_name': 'Unknown'}]}",4110.0
210,22,3600,inter,right,187,[210],[11; 23],0,0,500,375,3600,3660.0,7410.0,7470.0,3750.0,6.0,210,23,,,pt,7845.0,4245.0,"{'duration': 3750, 'source_transfer_time': 0, 'waiting_time': 410, 'trip_time': 3340, 'num_transfers': 6, 'departure_time': 3660, 'departure_day': 'current_day', 'arrival_time': 7410, 'arrival_day': 'current_day', 'steps': [{'duration': 90, 'departure_time': 4070, 'arrival_time': 4160, 'day': 'current_day', 'from_stop_id': '210-3', 'to_stop_id': '209-3', 'trip_id': '6-0-44', 'agency_name': 'Unknown'}, {'duration': 30, 'departure_time': 4160, 'arrival_time': 4190, 'day': 'current_day', 'from_stop_id': '209-3', 'to_stop_id': '209-2', 'trip_id': 'walking', 'agency_name': 'Unknown'}, {'duration': 270, 'departure_time': 4350, 'arrival_time': 4620, 'day': 'current_day', 'from_stop_id': '209-2', 'to_stop_id': 'B-2', 'trip_id': '4-0-1', 'agency_name': 'Unknown'}, {'duration': 30, 'departure_time': 4620, 'arrival_time': 4650, 'day': 'current_day', 'from_stop_id': 'B-2', 'to_stop_id': 'B-0', 'trip_id': 'walking', 'agency_name': 'Unknown'}, {'duration': 1800, 'departure_time': 4800, 'arrival_time': 6600, 'day': 'current_day', 'from_stop_id': 'B-0', 'to_stop_id': 'A-0', 'trip_id': 'IE-4-1', 'agency_name': 'Unknown'}, {'duration': 30, 'departure_time': 6600, 'arrival_time': 6630, 'day': 'current_day', 'from_stop_id': 'A-0', 'to_stop_id': 'A-4', 'trip_id': 'walking', 'agency_name': 'Unknown'}, {'duration': 630, 'departure_time': 6780, 'arrival_time': 7410, 'day': 'current_day', 'from_stop_id': 'A-4', 'to_stop_id': '23-4', 'trip_id': '7-1-5', 'agency_name': 'Unknown'}]}",4245.0
194,59,13380,inter,right,188,[195],[59],500,375,0,0,13755,13815.0,17790.0,17850.0,3975.0,6.0,195,59,,,pt,17850.0,4470.0,"{'duration': 3975, 'source_transfer_time': 0, 'waiting_time': 155, 'trip_time': 3820, 'num_transfers': 6, 'departure_time': 13815, 'departure_day': 'current_day', 'arrival_time': 17790, 'arrival_day': 'current_day', 'steps': [{'duration': 390, 'departure_time': 13970, 'arrival_time': 14360, 'day': 'current_day', 'from_stop_id': '195-3', 'to_stop_id': '209-3', 'trip_id': '6-1-16', 'agency_name': 'Unknown'}, {'duration': 30, 'departure_time': 14360, 'arrival_time': 14390, 'day': 'current_day', 'from_stop_id': '209-3', 'to_stop_id': '209-2', 'trip_id': 'walking', 'agency_name': 'Unknown'}, {'duration': 270, 'departure_time': 14550, 'arrival_time': 14820, 'day': 'current_day', 'from_stop_id': '209-2', 'to_stop_id': 'B-2', 'trip_id': '4-0-18', 'agency_name': 'Unknown'}, {'duration': 30, 'departure_time': 14820, 'arrival_time': 14850, 'day': 'current_day', 'from_stop_id': 'B-2', 'to_stop_id': 'B-0', 'trip_id': 'walking', 'agency_name': 'Unknown'}, {'duration': 1800, 'departure_time': 15600, 'arrival_time': 17400, 'day': 'current_day', 'from_stop_id': 'B-0', 'to_stop_id': 'A-0', 'trip_id': 'IE-13-1', 'agency_name': 'Unknown'}, {'duration': 30, 'departure_time': 17400, 'arrival_time': 17430, 'day': 'current_day', 'from_stop_id': 'A-0', 'to_stop_id': 'A-1', 'trip_id': 'walking', 'agency_name': 'Unknown'}, {'duration': 270, 'departure_time': 17520, 'arrival_time': 17790, 'day': 'current_day', 'from_stop_id': 'A-1', 'to_stop_id': '59-1', 'trip_id': '1-0-23', 'agency_name': 'Unknown'}]}",4470.0
170,60,13260,inter,right,189,[170],[60],0,0,0,0,13260,13320.0,16680.0,16740.0,3360.0,4.0,170,60,,,pt,16740.0,3480.0,"{'duration': 3360, 'source_transfer_time': 0, 'waiting_time': 180, 'trip_time': 3180, 'num_transfers': 4, 'departure_time': 13320, 'departure_day': 'current_day', 'arrival_time': 16680, 'arrival_day': 'current_day', 'steps': [{'duration': 180, 'departure_time': 13500, 'arrival_time': 13680, 'day': 'current_day', 'from_stop_id': '170-5', 'to_stop_id': 'B-5', 'trip_id': '10-0-16', 'agency_name': 'Unknown'}, {'duration': 30, 'departure_time': 13680, 'arrival_time': 13710, 'day': 'current_day', 'from_stop_id': 'B-5', 'to_stop_id': 'B-0', 'trip_id': 'walking', 'agency_name': 'Unknown'}, {'duration': 1800, 'departure_time': 14400, 'arrival_time': 16200, 'day': 'current_day', 'from_stop_id': 'B-0', 'to_stop_id': 'A-0', 'trip_id': 'IE-12-1', 'agency_name': 'Unknown'}, {'duration': 30, 'departure_time': 16200, 'arrival_time': 16230, 'day': 'current_day', 'from_stop_id': 'A-0', 'to_stop_id': 'A-1', 'trip_id': 'walking', 'agency_name': 'Unknown'}, {'duration': 360, 'departure_time': 16320, 'arrival_time': 16680, 'day': 'current_day', 'from_stop_id': 'A-1', 'to_stop_id': '60-1', 'trip_id': '1-0-21', 'agency_name': 'Unknown'}]}",3480.0
182,96,4110,inter,right,190,[182],[96],0,0,0,0,4110,4170.0,8910.0,8970.0,4740.0,4.0,182,96,,,pt,8970.0,4860.0,"{'duration': 4740, 'source_transfer_time': 0, 'waiting_time': 300, 'trip_time': 4440, 'num_transfers': 4, 'departure_time': 4170, 'departure_day': 'current_day', 'arrival_time': 8910, 'arrival_day': 'current_day', 'steps': [{'duration': 450, 'departure_time': 4470, 'arrival_time': 4920, 'day': 'current_day', 'from_stop_id': '182-1', 'to_stop_id': 'B-1', 'trip_id': '3-1-2', 'agency_name': 'Unknown'}, {'duration': 30, 'departure_time': 4920, 'arrival_time': 4950, 'day': 'current_day', 'from_stop_id': 'B-1', 'to_stop_id': 'B-0', 'trip_id': 'walking', 'agency_name': 'Unknown'}, {'duration': 1800, 'departure_time': 6000, 'arrival_time': 7800, 'day': 'current_day', 'from_stop_id': 'B-0', 'to_stop_id': 'A-0', 'trip_id': 'IE-5-1', 'agency_name': 'Unknown'}, {'duration': 30, 'departure_time': 7800, 'arrival_time': 7830, 'day': 'current_day', 'from_stop_id': 'A-0', 'to_stop_id': 'A-5', 'trip_id': 'walking', 'agency_name': 'Unknown'}, {'duration': 630, 'departure_time': 8280, 'arrival_time': 8910, 'day': 'current_day', 'from_stop_id': 'A-5', 'to_stop_id': '96-5', 'trip_id': '8-0-7', 'agency_name': 'Unknown'}]}",4860.0
229,56,7860,inter,right,191,[207; 217; 227; 231],[56],1000,751,0,0,8611,8671.0,11790.0,11850.0,3119.0,4.0,207,56,,,pt,11850.0,3990.0,"{'duration': 3119, 'source_transfer_time': 0, 'waiting_time': 359, 'trip_time': 2760, 'num_transfers': 4, 'departure_time': 8671, 'departure_day': 'current_day', 'arrival_time': 11790, 'arrival_day': 'current_day', 'steps': [{'duration': 450, 'departure_time': 9030, 'arrival_time': 9480, 'day': 'current_day', 'from_stop_id': '207-5', 'to_stop_id': 'B-5', 'trip_id': '10-1-9', 'agency_name': 'Unknown'}, {'duration': 30, 'departure_time': 9480, 'arrival_time': 9510, 'day': 'current_day', 'from_stop_id': 'B-5', 'to_stop_id': 'B-0', 'trip_id': 'walking', 'agency_name': 'Unknown'}, {'duration': 1800, 'departure_time': 9600, 'arrival_time': 11400, 'day': 'current_day', 'from_stop_id': 'B-0', 'to_stop_id': 'A-0', 'trip_id': 'IE-8-1', 'agency_name': 'Unknown'}, {'duration': 30, 'departure_time': 11400, 'arrival_time': 11430, 'day': 'current_day', 'from_stop_id': 'A-0', 'to_stop_id': 'A-1', 'trip_id': 'walking', 'agency_name': 'Unknown'}, {'duration': 270, 'departure_time': 11520, 'arrival_time': 11790, 'day': 'current_day', 'from_stop_id': 'A-1', 'to_stop_id': '56-1', 'trip_id': '1-1-13', 'agency_name': 'Unknown'}]}",3990.0
205,44,13800,inter,right,192,[206; 216],[54],500,375,500,375,14175,14235.0,17970.0,18030.0,3735.0,4.0,206,54,,,pt,18405.0,4605.0,"{'duration': 3735, 'source_transfer_time': 0, 'waiting_time': 105, 'trip_time': 3630, 'num_transfers': 4, 'departure_time': 14235, 'departure_day': 'current_day', 'arrival_time': 17970, 'arrival_day': 'current_day', 'steps': [{'duration': 540, 'departure_time': 14340, 'arrival_time': 14880, 'day': 'current_day', 'from_stop_id': '206-5', 'to_stop_id': 'B-5', 'trip_id': '10-1-18', 'agency_name': 'Unknown'}, {'duration': 30, 'departure_time': 14880, 'arrival_time': 14910, 'day': 'current_day', 'from_stop_id': 'B-5', 'to_stop_id': 'B-0', 'trip_id': 'walking', 'agency_name': 'Unknown'}, {'duration': 1800, 'departure_time': 15600, 'arrival_time': 17400, 'day': 'current_day', 'from_stop_id': 'B-0', 'to_stop_id': 'A-0', 'trip_id': 'IE-13-1', 'agency_name': 'Unknown'}, {'duration': 30, 'departure_time': 17400, 'arrival_time': 17430, 'day': 'current_day', 'from_stop_id': 'A-0', 'to_stop_id': 'A-1', 'trip_id': 'walking', 'agency_name': 'Unknown'}, {'duration': 450, 'departure_time': 17520, 'arrival_time': 17970, 'day': 'current_day', 'from_stop_id': 'A-1', 'to_stop_id': '54-1', 'trip_id': '1-1-23', 'agency_name': 'Unknown'}]}",4605.0
210,43,9150,inter,right,193,[210],[41; 61],0,0,1000,751,9150,9210.0,13170.0,13230.0,3960.0,6.0,210,61,,,pt,13981.0,4831.0,"{'duration': 3960, 'source_transfer_time': 0, 'waiting_time': 260, 'trip_time': 3700, 'num_transfers': 6, 'departure_time': 9210, 'departure_day': 'current_day', 'arrival_time': 13170, 'arrival_day': 'current_day', 'steps': [{'duration': 90, 'departure_time': 9470, 'arrival_time': 9560, 'day': 'current_day', 'from_stop_id': '210-3', 'to_stop_id': '209-3', 'trip_id': '6-0-6', 'agency_name': 'Unknown'}, {'duration': 30, 'departure_time': 9560, 'arrival_time': 9590, 'day': 'current_day', 'from_stop_id': '209-3', 'to_stop_id': '209-2', 'trip_id': 'walking', 'agency_name': 'Unknown'}, {'duration': 270, 'departure_time': 9750, 'arrival_time': 10020, 'day': 'current_day', 'from_stop_id': '209-2', 'to_stop_id': 'B-2', 'trip_id': '4-0-10', 'agency_name': 'Unknown'}, {'duration': 30, 'departure_time': 10020, 'arrival_time': 10050, 'day': 'current_day', 'from_stop_id': 'B-2', 'to_stop_id': 'B-0', 'trip_id': 'walking', 'agency_name': 'Unknown'}, {'duration': 1800, 'departure_time': 10800, 'arrival_time': 12600, 'day': 'current_day', 'from_stop_id': 'B-0', 'to_stop_id': 'A-0', 'trip_id': 'IE-9-1', 'agency_name': 'Unknown'}, {'duration': 30, 'departure_time': 12600, 'arrival_time': 12630, 'day': 'current_day', 'from_stop_id': 'A-0', 'to_stop_id': 'A-1', 'trip_id': 'walking', 'agency_name': 'Unknown'}, {'duration': 450, 'departure_time': 12720, 'arrival_time': 13170, 'day': 'current_day', 'from_stop_id': 'A-1', 'to_stop_id': '61-1', 'trip_id': '1-0-15', 'agency_name': 'Unknown'}]}",4831.0
149,13,9060,inter,right,194,[149],[12; 24],0,0,500,375,9060,9120.0,13320.0,13380.0,4200.0,6.0,149,24,,,pt,13755.0,4695.0,"{'duration': 4200, 'source_transfer_time': 0, 'waiting_time': 350, 'trip_time': 3850, 'num_transfers': 6, 'departure_time': 9120, 'departure_day': 'current_day', 'arrival_time': 13320, 'arrival_day': 'current_day', 'steps': [{'duration': 90, 'departure_time': 9470, 'arrival_time': 9560, 'day': 'current_day', 'from_stop_id': '149-3', 'to_stop_id': '148-3', 'trip_id': '6-1-6', 'agency_name': 'Unknown'}, {'duration': 30, 'departure_time': 9560, 'arrival_time': 9590, 'day': 'current_day', 'from_stop_id': '148-3', 'to_stop_id': '148-2', 'trip_id': 'walking', 'agency_name': 'Unknown'}, {'duration': 270, 'departure_time': 9750, 'arrival_time': 10020, 'day': 'current_day', 'from_stop_id': '148-2', 'to_stop_id': 'B-2', 'trip_id': '4-1-10', 'agency_name': 'Unknown'}, {'duration': 30, 'departure_time': 10020, 'arrival_time': 10050, 'day': 'current_day', 'from_stop_id': 'B-2', 'to_stop_id': 'B-0', 'trip_id': 'walking', 'agency_name': 'Unknown'}, {'duration': 1800, 'departure_time': 10800, 'arrival_time': 12600, 'day': 'current_day', 'from_stop_id': 'B-0', 'to_stop_id': 'A-0', 'trip_id': 'IE-9-1', 'agency_name': 'Unknown'}, {'duration': 30, 'departure_time': 12600, 'arrival_time': 12630, 'day': 'current_day', 'from_stop_id': 'A-0', 'to_stop_id': 'A-4', 'trip_id': 'walking', 'agency_name': 'Unknown'}, {'duration': 540, 'departure_time': 12780, 'arrival_time': 13320, 'day': 'current_day', 'from_stop_id': 'A-4', 'to_stop_id': '24-4', 'trip_id': '7-1-15', 'agency_name': 'Unknown'}]}",4695.0
125,60,11310,inter,right,195,[126],[60],500,375,0,0,11685,11745.0,15480.0,15540.0,3735.0,4.0,126,60,,,pt,15540.0,4230.0,"{'duration': 3735, 'source_transfer_time': 0, 'waiting_time': 225, 'trip_time': 3510, 'num_transfers': 4, 'departure_time': 11745, 'departure_day': 'current_day', 'arrival_time': 15480, 'arrival_day': 'current_day', 'steps': [{'duration': 450, 'departure_time': 11970, 'arrival_time': 12420, 'day': 'current_day', 'from_stop_id': '126-2', 'to_stop_id': 'B-2', 'trip_id': '4-1-14', 'agency_name': 'Unknown'}, {'duration': 30, 'departure_time': 12420, 'arrival_time': 12450, 'day': 'current_day', 'from_stop_id': 'B-2', 'to_stop_id': 'B-0', 'trip_id': 'walking', 'agency_name': 'Unknown'}, {'duration': 1800, 'departure_time': 13200, 'arrival_time': 15000, 'day': 'current_day', 'from_stop_id': 'B-0', 'to_stop_id': 'A-0', 'trip_id': 'IE-11-1', 'agency_name': 'Unknown'}, {'duration': 30, 'departure_time': 15000, 'arrival_time': 15030, 'day': 'current_day', 'from_stop_id': 'A-0', 'to_stop_id': 'A-1', 'trip_id': 'walking', 'agency_name': 'Unknown'}, {'duration': 360, 'departure_time': 15120, 'arrival_time': 15480, 'day': 'current_day', 'from_stop_id': 'A-1', 'to_stop_id': '60-1', 'trip_id': '1-0-19', 'agency_name': 'Unknown'}]}",4230.0
142,21,10830,inter,right,196,[131; 141],[10; 20],500,375,500,375,11205,11265.0,16200.0,16260.0,4935.0,4.0,131,20,,,pt,16635.0,5805.0,"{'duration': 4935, 'source_transfer_time': 0, 'waiting_time': 315, 'trip_time': 4620, 'num_transfers': 4, 'departure_time': 11265, 'departure_day': 'current_day', 'arrival_time': 16200, 'arrival_day': 'current_day', 'steps': [{'duration': 900, 'departure_time': 11580, 'arrival_time': 12480, 'day': 'current_day', 'from_stop_id': '131-5', 'to_stop_id': 'B-5', 'trip_id': '10-0-14', 'agency_name': 'Unknown'}, {'duration': 30, 'departure_time': 12480, 'arrival_time': 12510, 'day': 'current_day', 'from_stop_id': 'B-5', 'to_stop_id': 'B-0', 'trip_id': 'walking', 'agency_name': 'Unknown'}, {'duration': 1800, 'departure_time': 13200, 'arrival_time': 15000, 'day': 'current_day', 'from_stop_id': 'B-0', 'to_stop_id': 'A-0', 'trip_id': 'IE-11-1', 'agency_name': 'Unknown'}, {'duration': 30, 'departure_time': 15000, 'arrival_time': 15030, 'day': 'current_day', 'from_stop_id': 'A-0', 'to_stop_id': 'A-5', 'trip_id': 'walking', 'agency_name': 'Unknown'}, {'duration': 720, 'departure_time': 15480, 'arrival_time': 16200, 'day': 'current_day', 'from_stop_id': 'A-5', 'to_stop_id': '20-5', 'trip_id': '8-1-19', 'agency_name': 'Unknown'}]}",5805.0
133,29,10500,inter,right,197,[133],[29],0,0,0,0,10500,10560.0,14730.0,14790.0,4170.0,4.0,133,29,,,pt,14790.0,4290.0,"{'duration': 4170, 'source_transfer_time': 0, 'waiting_time': 300, 'trip_time': 3870, 'num_transfers': 4, 'departure_time': 10560, 'departure_day': 'current_day', 'arrival_time': 14730, 'arrival_day': 'current_day', 'steps': [{'duration': 720, 'departure_time': 10860, 'arrival_time': 11580, 'day': 'current_day', 'from_stop_id': '133-4', 'to_stop_id': 'B-4', 'trip_id': '9-0-13', 'agency_name': 'Unknown'}, {'duration': 30, 'departure_time': 11580, 'arrival_time': 11610, 'day': 'current_day', 'from_stop_id': 'B-4', 'to_stop_id': 'B-0', 'trip_id': 'walking', 'agency_name': 'Unknown'}, {'duration': 1800, 'departure_time': 12000, 'arrival_time': 13800, 'day': 'current_day', 'from_stop_id': 'B-0', 'to_stop_id': 'A-0', 'trip_id': 'IE-10-1', 'agency_name': 'Unknown'}, {'duration': 30, 'departure_time': 13800, 'arrival_time': 13830, 'day': 'current_day', 'from_stop_id': 'A-0', 'to_stop_id': 'A-5', 'trip_id': 'walking', 'agency_name': 'Unknown'}, {'duration': 450, 'departure_time': 14280, 'arrival_time': 14730, 'day': 'current_day', 'from_stop_id': 'A-5', 'to_stop_id': '29-5', 'trip_id': '8-1-17', 'agency_name': 'Unknown'}]}",4290.0
180,54,8130,inter,right,198,[180],[54],0,0,0,0,8130,8190.0,11970.0,12030.0,3780.0,4.0,180,54,,,pt,12030.0,3900.0,"{'duration': 3780, 'source_transfer_time': 0, 'waiting_time': 60, 'trip_time': 3720, 'num_transfers': 4, 'departure_time': 8190, 'departure_day': 'current_day', 'arrival_time': 11970, 'arrival_day': 'current_day', 'steps': [{'duration': 270, 'departure_time': 8250, 'arrival_time': 8520, 'day': 'current_day', 'from_stop_id': '180-1', 'to_stop_id': 'B-1', 'trip_id': '3-1-8', 'agency_name': 'Unknown'}, {'duration': 30, 'departure_time': 8520, 'arrival_time': 8550, 'day': 'current_day', 'from_stop_id': 'B-1', 'to_stop_id': 'B-0', 'trip_id': 'walking', 'agency_name': 'Unknown'}, {'duration': 1800, 'departure_time': 9600, 'arrival_time': 11400, 'day': 'current_day', 'from_stop_id': 'B-0', 'to_stop_id': 'A-0', 'trip_id': 'IE-8-1', 'agency_name': 'Unknown'}, {'duration': 30, 'departure_time': 11400, 'arrival_time': 11430, 'day': 'current_day', 'from_stop_id': 'A-0', 'to_stop_id': 'A-1', 'trip_id': 'walking', 'agency_name': 'Unknown'}, {'duration': 450, 'departure_time': 11520, 'arrival_time': 11970, 'day': 'current_day', 'from_stop_id': 'A-1', 'to_stop_id': '54-1', 'trip_id': '1-1-13', 'agency_name': 'Unknown'}]}",3900.0
224,90,7200,inter,right,199,[224],[90],0,0,0,0,7200,7260.0,11160.0,11220.0,3900.0,6.0,224,90,,,pt,11220.0,4020.0,"{'duration': 3900, 'source_transfer_time': 0, 'waiting_time': 0, 'trip_time': 3900, 'num_transfers': 6, 'departure_time': 7260, 'departure_day': 'current_day', 'arrival_time': 11160, 'arrival_day': 'current_day', 'steps': [{'duration': 720, 'departure_time': 7260, 'arrival_time': 7980, 'day': 'current_day', 'from_stop_id': '224-4', 'to_stop_id': 'B-4', 'trip_id': '9-1-7', 'agency_name': 'Unknown'}, {'duration': 30, 'departure_time': 7980, 'arrival_time': 8010, 'day': 'current_day', 'from_stop_id': 'B-4', 'to_stop_id': 'B-0', 'trip_id': 'walking', 'agency_name': 'Unknown'}, {'duration': 1800, 'departure_time': 8400, 'arrival_time': 10200, 'day': 'current_day', 'from_stop_id': 'B-0', 'to_stop_id': 'A-0', 'trip_id': 'IE-7-1', 'agency_name': 'Unknown'}, {'duration': 30, 'departure_time': 10200, 'arrival_time': 10230, 'day': 'current_day', 'from_stop_id': 'A-0', 'to_stop_id': 'A-4', 'trip_id': 'walking', 'agency_name': 'Unknown'}, {'duration': 540, 'departure_time': 10380, 'arrival_time': 10920, 'day': 'current_day', 'from_stop_id': 'A-4', 'to_stop_id': '91-4', 'trip_id': '7-0-11', 'agency_name': 'Unknown'}, {'duration': 30, 'departure_time': 10920, 'arrival_time': 10950, 'day': 'current_day', 'from_stop_id': '91-4', 'to_stop_id': '91-3', 'trip_id': 'walking', 'agency_name': 'Unknown'}, {'duration': 90, 'departure_time': 11070, 'arrival_time': 11160, 'day': 'current_day', 'from_stop_id': '91-3', 'to_stop_id': '90-3', 'trip_id': '5-0-9', 'agency_name': 'Unknown'}]}",4020.0
187,53,9030,inter,right,200,[187],[61],0,0,500,375,9030,9090.0,11970.0,12030.0,2880.0,4.0,187,61,,,pt,12405.0,3375.0,"{'duration': 2880, 'source_transfer_time': 0, 'waiting_time': 210, 'trip_time': 2670, 'num_transfers': 4, 'departure_time': 9090, 'departure_day': 'current_day', 'arrival_time': 11970, 'arrival_day': 'current_day', 'steps': [{'duration': 180, 'departure_time': 9300, 'arrival_time': 9480, 'day': 'current_day', 'from_stop_id': '187-5', 'to_stop_id': 'B-5', 'trip_id': '10-1-9', 'agency_name': 'Unknown'}, {'duration': 30, 'departure_time': 9480, 'arrival_time': 9510, 'day': 'current_day', 'from_stop_id': 'B-5', 'to_stop_id': 'B-0', 'trip_id': 'walking', 'agency_name': 'Unknown'}, {'duration': 1800, 'departure_time': 9600, 'arrival_time': 11400, 'day': 'current_day', 'from_stop_id': 'B-0', 'to_stop_id': 'A-0', 'trip_id': 'IE-8-1', 'agency_name': 'Unknown'}, {'duration': 30, 'departure_time': 11400, 'arrival_time': 11430, 'day': 'current_day', 'from_stop_id': 'A-0', 'to_stop_id': 'A-1', 'trip_id': 'walking', 'agency_name': 'Unknown'}, {'duration': 450, 'departure_time': 11520, 'arrival_time': 11970, 'day': 'current_day', 'from_stop_id': 'A-1', 'to_stop_id': '61-1', 'trip_id': '1-0-13', 'agency_name': 'Unknown'}]}",3375.0
156,41,7200,inter,right,201,[156],[41],0,0,0,0,7200,7260.0,10960.0,11020.0,3700.0,6.0,156,41,,,pt,11020.0,3820.0,"{'duration': 3700, 'source_transfer_time': 0, 'waiting_time': 270, 'trip_time': 3430, 'num_transfers': 6, 'departure_time': 7260, 'departure_day': 'current_day', 'arrival_time': 10960, 'arrival_day': 'current_day', 'steps': [{'duration': 450, 'departure_time': 7530, 'arrival_time': 7980, 'day': 'current_day', 'from_stop_id': '156-4', 'to_stop_id': 'B-4', 'trip_id': '9-0-7', 'agency_name': 'Unknown'}, {'duration': 30, 'departure_time': 7980, 'arrival_time': 8010, 'day': 'current_day', 'from_stop_id': 'B-4', 'to_stop_id': 'B-0', 'trip_id': 'walking', 'agency_name': 'Unknown'}, {'duration': 1800, 'departure_time': 8400, 'arrival_time': 10200, 'day': 'current_day', 'from_stop_id': 'B-0', 'to_stop_id': 'A-0', 'trip_id': 'IE-7-1', 'agency_name': 'Unknown'}, {'duration': 30, 'departure_time': 10200, 'arrival_time': 10230, 'day': 'current_day', 'from_stop_id': 'A-0', 'to_stop_id': 'A-1', 'trip_id': 'walking', 'agency_name': 'Unknown'}, {'duration': 270, 'departure_time': 10320, 'arrival_time': 10590, 'day': 'current_day', 'from_stop_id': 'A-1', 'to_stop_id': '59-1', 'trip_id': '1-0-11', 'agency_name': 'Unknown'}, {'duration': 30, 'departure_time': 10590, 'arrival_time': 10620, 'day': 'current_day', 'from_stop_id': '59-1', 'to_stop_id': '59-3', 'trip_id': 'walking', 'agency_name': 'Unknown'}, {'duration': 190, 'departure_time': 10770, 'arrival_time': 10960, 'day': 'current_day', 'from_stop_id': '59-3', 'to_stop_id': '41-3', 'trip_id': '5-1-9', 'agency_name': 'Unknown'}]}",3820.0
149,56,12060,inter,right,202,[149],[56],0,0,0,0,12060,12120.0,15390.0,15450.0,3270.0,6.0,149,56,,,pt,15450.0,3390.0,"{'duration': 3270, 'source_transfer_time': 0, 'waiting_time': 350, 'trip_time': 2920, 'num_transfers': 6, 'departure_time': 12120, 'departure_day': 'current_day', 'arrival_time': 15390, 'arrival_day': 'current_day', 'steps': [{'duration': 90, 'departure_time': 12470, 'arrival_time': 12560, 'day': 'current_day', 'from_stop_id': '149-3', 'to_stop_id': '148-3', 'trip_id': '6-1-11', 'agency_name': 'Unknown'}, {'duration': 30, 'departure_time': 12560, 'arrival_time': 12590, 'day': 'current_day', 'from_stop_id': '148-3', 'to_stop_id': '148-2', 'trip_id': 'walking', 'agency_name': 'Unknown'}, {'duration': 270, 'departure_time': 12750, 'arrival_time': 13020, 'day': 'current_day', 'from_stop_id': '148-2', 'to_stop_id': 'B-2', 'trip_id': '4-1-15', 'agency_name': 'Unknown'}, {'duration': 30, 'departure_time': 13020, 'arrival_time': 13050, 'day': 'current_day', 'from_stop_id': 'B-2', 'to_stop_id': 'B-0', 'trip_id': 'walking', 'agency_name': 'Unknown'}, {'duration': 1800, 'departure_time': 13200, 'arrival_time': 15000, 'day': 'current_day', 'from_stop_id': 'B-0', 'to_stop_id': 'A-0', 'trip_id': 'IE-11-1', 'agency_name': 'Unknown'}, {'duration': 30, 'departure_time': 15000, 'arrival_time': 15030, 'day': 'current_day', 'from_stop_id': 'A-0', 'to_stop_id': 'A-1', 'trip_id': 'walking', 'agency_name': 'Unknown'}, {'duration': 270, 'departure_time': 15120, 'arrival_time': 15390, 'day': 'current_day', 'from_stop_id': 'A-1', 'to_stop_id': '56-1', 'trip_id': '1-1-19', 'agency_name': 'Unknown'}]}",3390.0
203,87,5250,inter,right,203,[182; 201; 213; 225],[87],1000,751,0,0,6001,6061.0,10060.0,10120.0,3999.0,6.0,182,87,,,pt,10120.0,4870.0,"{'duration': 3999, 'source_transfer_time': 0, 'waiting_time': 209, 'trip_time': 3790, 'num_transfers': 6, 'departure_time': 6061, 'departure_day': 'current_day', 'arrival_time': 10060, 'arrival_day': 'current_day', 'steps': [{'duration': 450, 'departure_time': 6270, 'arrival_time': 6720, 'day': 'current_day', 'from_stop_id': '182-1', 'to_stop_id': 'B-1', 'trip_id': '3-1-5', 'agency_name': 'Unknown'}, {'duration': 30, 'departure_time': 6720, 'arrival_time': 6750, 'day': 'current_day', 'from_stop_id': 'B-1', 'to_stop_id': 'B-0', 'trip_id': 'walking', 'agency_name': 'Unknown'}, {'duration': 1800, 'departure_time': 7200, 'arrival_time': 9000, 'day': 'current_day', 'from_stop_id': 'B-0', 'to_stop_id': 'A-0', 'trip_id': 'IE-6-1', 'agency_name': 'Unknown'}, {'duration': 30, 'departure_time': 9000, 'arrival_time': 9030, 'day': 'current_day', 'from_stop_id': 'A-0', 'to_stop_id': 'A-1', 'trip_id': 'walking', 'agency_name': 'Unknown'}, {'duration': 270, 'departure_time': 9120, 'arrival_time': 9390, 'day': 'current_day', 'from_stop_id': 'A-1', 'to_stop_id': '56-1', 'trip_id': '1-1-9', 'agency_name': 'Unknown'}, {'duration': 30, 'departure_time': 9390, 'arrival_time': 9420, 'day': 'current_day', 'from_stop_id': '56-1', 'to_stop_id': '56-3', 'trip_id': 'walking', 'agency_name': 'Unknown'}, {'duration': 490, 'departure_time': 9570, 'arrival_time': 10060, 'day': 'current_day', 'from_stop_id': '56-3', 'to_stop_id': '87-3', 'trip_id': '5-1-9', 'agency_name': 'Unknown'}]}",4870.0
180,6,13650,inter,right,204,[180],[5],0,0,500,375,13650,13710.0,18270.0,18330.0,4560.0,4.0,180,5,,,pt,18705.0,5055.0,"{'duration': 4560, 'source_transfer_time': 0, 'waiting_time': 540, 'trip_time': 4020, 'num_transfers': 4, 'departure_time': 13710, 'departure_day': 'current_day', 'arrival_time': 18270, 'arrival_day': 'current_day', 'steps': [{'duration': 270, 'departure_time': 14250, 'arrival_time': 14520, 'day': 'current_day', 'from_stop_id': '180-1', 'to_stop_id': 'B-1', 'trip_id': '3-1-18', 'agency_name': 'Unknown'}, {'duration': 30, 'departure_time': 14520, 'arrival_time': 14550, 'day': 'current_day', 'from_stop_id': 'B-1', 'to_stop_id': 'B-0', 'trip_id': 'walking', 'agency_name': 'Unknown'}, {'duration': 1800, 'departure_time': 15600, 'arrival_time': 17400, 'day': 'current_day', 'from_stop_id': 'B-0', 'to_stop_id': 'A-0', 'trip_id': 'IE-13-1', 'agency_name': 'Unknown'}, {'duration': 30, 'departure_time': 17400, 'arrival_time': 17430, 'day': 'current_day', 'from_stop_id': 'A-0', 'to_stop_id': 'A-2', 'trip_id': 'walking', 'agency_name': 'Unknown'}, {'duration': 450, 'departure_time': 17820, 'arrival_time': 18270, 'day': 'current_day', 'from_stop_id': 'A-2', 'to_stop_id': '5-2', 'trip_id': '2-0-23', 'agency_name': 'Unknown'}]}",5055.0
154,26,11130,inter,right,205,[132; 144; 156; 175],[26],1000,751,0,0,11881,11941.0,16060.0,16120.0,4119.0,6.0,132,26,,,pt,16120.0,4990.0,"{'duration': 4119, 'source_transfer_time': 0, 'waiting_time': 29, 'trip_time': 4090, 'num_transfers': 6, 'departure_time': 11941, 'departure_day': 'current_day', 'arrival_time': 16060, 'arrival_day': 'current_day', 'steps': [{'duration': 810, 'departure_time': 11970, 'arrival_time': 12780, 'day': 'current_day', 'from_stop_id': '132-4', 'to_stop_id': 'B-4', 'trip_id': '9-0-15', 'agency_name': 'Unknown'}, {'duration': 30, 'departure_time': 12780, 'arrival_time': 12810, 'day': 'current_day', 'from_stop_id': 'B-4', 'to_stop_id': 'B-0', 'trip_id': 'walking', 'agency_name': 'Unknown'}, {'duration': 1800, 'departure_time': 13200, 'arrival_time': 15000, 'day': 'current_day', 'from_stop_id': 'B-0', 'to_stop_id': 'A-0', 'trip_id': 'IE-11-1', 'agency_name': 'Unknown'}, {'duration': 30, 'departure_time': 15000, 'arrival_time': 15030, 'day': 'current_day', 'from_stop_id': 'A-0', 'to_stop_id': 'A-4', 'trip_id': 'walking', 'agency_name': 'Unknown'}, {'duration': 540, 'departure_time': 15180, 'arrival_time': 15720, 'day': 'current_day', 'from_stop_id': 'A-4', 'to_stop_id': '24-4', 'trip_id': '7-1-19', 'agency_name': 'Unknown'}, {'duration': 30, 'departure_time': 15720, 'arrival_time': 15750, 'day': 'current_day', 'from_stop_id': '24-4', 'to_stop_id': '24-3', 'trip_id': 'walking', 'agency_name': 'Unknown'}, {'duration': 190, 'departure_time': 15870, 'arrival_time': 16060, 'day': 'current_day', 'from_stop_id': '24-3', 'to_stop_id': '26-3', 'trip_id': '5-0-19', 'agency_name': 'Unknown'}]}",4990.0
196,67,14280,inter,right,206,[196],[67],0,0,0,0,14280,14340.0,17760.0,17820.0,3420.0,4.0,196,67,,,pt,17820.0,3540.0,"{'duration': 3420, 'source_transfer_time': 0, 'waiting_time': 180, 'trip_time': 3240, 'num_transfers': 4, 'departure_time': 14340, 'departure_day': 'current_day', 'arrival_time': 17760, 'arrival_day': 'current_day', 'steps': [{'duration': 360, 'departure_time': 14520, 'arrival_time': 14880, 'day': 'current_day', 'from_stop_id': '196-5', 'to_stop_id': 'B-5', 'trip_id': '10-1-18', 'agency_name': 'Unknown'}, {'duration': 30, 'departure_time': 14880, 'arrival_time': 14910, 'day': 'current_day', 'from_stop_id': 'B-5', 'to_stop_id': 'B-0', 'trip_id': 'walking', 'agency_name': 'Unknown'}, {'duration': 1800, 'departure_time': 15600, 'arrival_time': 17400, 'day': 'current_day', 'from_stop_id': 'B-0', 'to_stop_id': 'A-0', 'trip_id': 'IE-13-1', 'agency_name': 'Unknown'}, {'duration': 30, 'departure_time': 17400, 'arrival_time': 17430, 'day': 'current_day', 'from_stop_id': 'A-0', 'to_stop_id': 'A-4', 'trip_id': 'walking', 'agency_name': 'Unknown'}, {'duration': 180, 'departure_time': 17580, 'arrival_time': 17760, 'day': 'current_day', 'from_stop_id': 'A-4', 'to_stop_id': '67-4', 'trip_id': '7-0-23', 'agency_name': 'Unknown'}]}",3540.0
216,66,6780,inter,right,207,[216],[66],0,0,0,0,6780,6840.0,10860.0,10920.0,4020.0,4.0,216,66,,,pt,10920.0,4140.0,"{'duration': 4020, 'source_transfer_time': 0, 'waiting_time': 120, 'trip_time': 3900, 'num_transfers': 4, 'departure_time': 6840, 'departure_day': 'current_day', 'arrival_time': 10860, 'arrival_day': 'current_day', 'steps': [{'duration': 720, 'departure_time': 6960, 'arrival_time': 7680, 'day': 'current_day', 'from_stop_id': '216-5', 'to_stop_id': 'B-5', 'trip_id': '10-1-6', 'agency_name': 'Unknown'}, {'duration': 30, 'departure_time': 7680, 'arrival_time': 7710, 'day': 'current_day', 'from_stop_id': 'B-5', 'to_stop_id': 'B-0', 'trip_id': 'walking', 'agency_name': 'Unknown'}, {'duration': 1800, 'departure_time': 8400, 'arrival_time': 10200, 'day': 'current_day', 'from_stop_id': 'B-0', 'to_stop_id': 'A-0', 'trip_id': 'IE-7-1', 'agency_name': 'Unknown'}, {'duration': 30, 'departure_time': 10200, 'arrival_time': 10230, 'day': 'current_day', 'from_stop_id': 'A-0', 'to_stop_id': 'A-5', 'trip_id': 'walking', 'agency_name': 'Unknown'}, {'duration': 180, 'departure_time': 10680, 'arrival_time': 10860, 'day': 'current_day', 'from_stop_id': 'A-5', 'to_stop_id': '66-5', 'trip_id': '8-0-11', 'agency_name': 'Unknown'}]}",4140.0
217,33,5910,inter,right,208,[217],[11; 23; 35; 54],0,0,1000,751,5910,5970.0,9570.0,9630.0,3600.0,4.0,217,54,,,pt,10381.0,4471.0,"{'duration': 3600, 'source_transfer_time': 0, 'waiting_time': 480, 'trip_time': 3120, 'num_transfers': 4, 'departure_time': 5970, 'departure_day': 'current_day', 'arrival_time': 9570, 'arrival_day': 'current_day', 'steps': [{'duration': 630, 'departure_time': 6450, 'arrival_time': 7080, 'day': 'current_day', 'from_stop_id': '217-5', 'to_stop_id': 'B-5', 'trip_id': '10-1-5', 'agency_name': 'Unknown'}, {'duration': 30, 'departure_time': 7080, 'arrival_time': 7110, 'day': 'current_day', 'from_stop_id': 'B-5', 'to_stop_id': 'B-0', 'trip_id': 'walking', 'agency_name': 'Unknown'}, {'duration': 1800, 'departure_time': 7200, 'arrival_time': 9000, 'day': 'current_day', 'from_stop_id': 'B-0', 'to_stop_id': 'A-0', 'trip_id': 'IE-6-1', 'agency_name': 'Unknown'}, {'duration': 30, 'departure_time': 9000, 'arrival_time': 9030, 'day': 'current_day', 'from_stop_id': 'A-0', 'to_stop_id': 'A-1', 'trip_id': 'walking', 'agency_name': 'Unknown'}, {'duration': 450, 'departure_time': 9120, 'arrival_time': 9570, 'day': 'current_day', 'from_stop_id': 'A-1', 'to_stop_id': '54-1', 'trip_id': '1-1-9', 'agency_name': 'Unknown'}]}",4471.0
158,110,13050,inter,right,209,[147; 157; 159; 169],[110],500,375,0,0,13425,13485.0,17070.0,17130.0,3585.0,6.0,147,110,,,pt,17130.0,4080.0,"{'duration': 3585, 'source_transfer_time': 0, 'waiting_time': 185, 'trip_time': 3400, 'num_transfers': 6, 'departure_time': 13485, 'departure_day': 'current_day', 'arrival_time': 17070, 'arrival_day': 'current_day', 'steps': [{'duration': 90, 'departure_time': 13670, 'arrival_time': 13760, 'day': 'current_day', 'from_stop_id': '147-3', 'to_stop_id': '148-3', 'trip_id': '6-0-15', 'agency_name': 'Unknown'}, {'duration': 30, 'departure_time': 13760, 'arrival_time': 13790, 'day': 'current_day', 'from_stop_id': '148-3', 'to_stop_id': '148-2', 'trip_id': 'walking', 'agency_name': 'Unknown'}, {'duration': 270, 'departure_time': 13950, 'arrival_time': 14220, 'day': 'current_day', 'from_stop_id': '148-2', 'to_stop_id': 'B-2', 'trip_id': '4-1-17', 'agency_name': 'Unknown'}, {'duration': 30, 'departure_time': 14220, 'arrival_time': 14250, 'day': 'current_day', 'from_stop_id': 'B-2', 'to_stop_id': 'B-0', 'trip_id': 'walking', 'agency_name': 'Unknown'}, {'duration': 1800, 'departure_time': 14400, 'arrival_time': 16200, 'day': 'current_day', 'from_stop_id': 'B-0', 'to_stop_id': 'A-0', 'trip_id': 'IE-12-1', 'agency_name': 'Unknown'}, {'duration': 30, 'departure_time': 16200, 'arrival_time': 16230, 'day': 'current_day', 'from_stop_id': 'A-0', 'to_stop_id': 'A-2', 'trip_id': 'walking', 'agency_name': 'Unknown'}, {'duration': 450, 'departure_time': 16620, 'arrival_time': 17070, 'day': 'current_day', 'from_stop_id': 'A-2', 'to_stop_id': '110-2', 'trip_id': '2-1-21', 'agency_name': 'Unknown'}]}",4080.0
170,33,5280,inter,right,210,[170],[11; 23; 35; 54],0,0,1000,751,5280,5340.0,8370.0,8430.0,3030.0,4.0,170,54,,,pt,9181.0,3901.0,"{'duration': 3030, 'source_transfer_time': 0, 'waiting_time': 360, 'trip_time': 2670, 'num_transfers': 4, 'departure_time': 5340, 'departure_day': 'current_day', 'arrival_time': 8370, 'arrival_day': 'current_day', 'steps': [{'duration': 180, 'departure_time': 5700, 'arrival_time': 5880, 'day': 'current_day', 'from_stop_id': '170-5', 'to_stop_id': 'B-5', 'trip_id': '10-0-3', 'agency_name': 'Unknown'}, {'duration': 30, 'departure_time': 5880, 'arrival_time': 5910, 'day': 'current_day', 'from_stop_id': 'B-5', 'to_stop_id': 'B-0', 'trip_id': 'walking', 'agency_name': 'Unknown'}, {'duration': 1800, 'departure_time': 6000, 'arrival_time': 7800, 'day': 'current_day', 'from_stop_id': 'B-0', 'to_stop_id': 'A-0', 'trip_id': 'IE-5-1', 'agency_name': 'Unknown'}, {'duration': 30, 'departure_time': 7800, 'arrival_time': 7830, 'day': 'current_day', 'from_stop_id': 'A-0', 'to_stop_id': 'A-1', 'trip_id': 'walking', 'agency_name': 'Unknown'}, {'duration': 450, 'departure_time': 7920, 'arrival_time': 8370, 'day': 'current_day', 'from_stop_id': 'A-1', 'to_stop_id': '54-1', 'trip_id': '1-1-7', 'agency_name': 'Unknown'}]}",3901.0
138,111,3990,inter,right,211,[137; 149],[110],500,375,500,375,4365,4425.0,8670.0,8730.0,4245.0,4.0,137,110,,,pt,9105.0,5115.0,"{'duration': 4245, 'source_transfer_time': 0, 'waiting_time': 435, 'trip_time': 3810, 'num_transfers': 4, 'departure_time': 4425, 'departure_day': 'current_day', 'arrival_time': 8670, 'arrival_day': 'current_day', 'steps': [{'duration': 360, 'departure_time': 4860, 'arrival_time': 5220, 'day': 'current_day', 'from_stop_id': '137-2', 'to_stop_id': 'B-2', 'trip_id': '4-1-2', 'agency_name': 'Unknown'}, {'duration': 30, 'departure_time': 5220, 'arrival_time': 5250, 'day': 'current_day', 'from_stop_id': 'B-2', 'to_stop_id': 'B-0', 'trip_id': 'walking', 'agency_name': 'Unknown'}, {'duration': 1800, 'departure_time': 6000, 'arrival_time': 7800, 'day': 'current_day', 'from_stop_id': 'B-0', 'to_stop_id': 'A-0', 'trip_id': 'IE-5-1', 'agency_name': 'Unknown'}, {'duration': 30, 'departure_time': 7800, 'arrival_time': 7830, 'day': 'current_day', 'from_stop_id': 'A-0', 'to_stop_id': 'A-2', 'trip_id': 'walking', 'agency_name': 'Unknown'}, {'duration': 450, 'departure_time': 8220, 'arrival_time': 8670, 'day': 'current_day', 'from_stop_id': 'A-2', 'to_stop_id': '110-2', 'trip_id': '2-1-7', 'agency_name': 'Unknown'}]}",5115.0
175,68,7080,inter,right,212,[175],[68],0,0,0,0,7080,7140.0,10650.0,10710.0,3510.0,4.0,175,68,,,pt,10710.0,3630.0,"{'duration': 3510, 'source_transfer_time': 0, 'waiting_time': 330, 'trip_time': 3180, 'num_transfers': 4, 'departure_time': 7140, 'departure_day': 'current_day', 'arrival_time': 10650, 'arrival_day': 'current_day', 'steps': [{'duration': 450, 'departure_time': 7470, 'arrival_time': 7920, 'day': 'current_day', 'from_stop_id': '175-1', 'to_stop_id': 'B-1', 'trip_id': '3-0-7', 'agency_name': 'Unknown'}, {'duration': 30, 'departure_time': 7920, 'arrival_time': 7950, 'day': 'current_day', 'from_stop_id': 'B-1', 'to_stop_id': 'B-0', 'trip_id': 'walking', 'agency_name': 'Unknown'}, {'duration': 1800, 'departure_time': 8400, 'arrival_time': 10200, 'day': 'current_day', 'from_stop_id': 'B-0', 'to_stop_id': 'A-0', 'trip_id': 'IE-7-1', 'agency_name': 'Unknown'}, {'duration': 30, 'departure_time': 10200, 'arrival_time': 10230, 'day': 'current_day', 'from_stop_id': 'A-0', 'to_stop_id': 'A-4', 'trip_id': 'walking', 'agency_name': 'Unknown'}, {'duration': 270, 'departure_time': 10380, 'arrival_time': 10650, 'day': 'current_day', 'from_stop_id': 'A-4', 'to_stop_id': '68-4', 'trip_id': '7-0-11', 'agency_name': 'Unknown'}]}",3630.0
143,89,13260,inter,right,213,[132; 144],[89],500,375,0,0,13635,13695.0,18460.0,18520.0,4765.0,6.0,132,89,,,pt,18520.0,5260.0,"{'duration': 4765, 'source_transfer_time': 0, 'waiting_time': 75, 'trip_time': 4690, 'num_transfers': 6, 'departure_time': 13695, 'departure_day': 'current_day', 'arrival_time': 18460, 'arrival_day': 'current_day', 'steps': [{'duration': 810, 'departure_time': 13770, 'arrival_time': 14580, 'day': 'current_day', 'from_stop_id': '132-4', 'to_stop_id': 'B-4', 'trip_id': '9-0-18', 'agency_name': 'Unknown'}, {'duration': 30, 'departure_time': 14580, 'arrival_time': 14610, 'day': 'current_day', 'from_stop_id': 'B-4', 'to_stop_id': 'B-0', 'trip_id': 'walking', 'agency_name': 'Unknown'}, {'duration': 1800, 'departure_time': 15600, 'arrival_time': 17400, 'day': 'current_day', 'from_stop_id': 'B-0', 'to_stop_id': 'A-0', 'trip_id': 'IE-13-1', 'agency_name': 'Unknown'}, {'duration': 30, 'departure_time': 17400, 'arrival_time': 17430, 'day': 'current_day', 'from_stop_id': 'A-0', 'to_stop_id': 'A-4', 'trip_id': 'walking', 'agency_name': 'Unknown'}, {'duration': 450, 'departure_time': 17580, 'arrival_time': 18030, 'day': 'current_day', 'from_stop_id': 'A-4', 'to_stop_id': '80-4', 'trip_id': '7-0-23', 'agency_name': 'Unknown'}, {'duration': 30, 'departure_time': 18030, 'arrival_time': 18060, 'day': 'current_day', 'from_stop_id': '80-4', 'to_stop_id': '80-3', 'trip_id': 'walking', 'agency_name': 'Unknown'}, {'duration': 290, 'departure_time': 18170, 'arrival_time': 18460, 'day': 'current_day', 'from_stop_id': '80-3', 'to_stop_id': '89-3', 'trip_id': '5-0-21', 'agency_name': 'Unknown'}]}",5260.0
226,113,5370,inter,right,214,[226],[91; 103; 115],0,0,1000,751,5370,5430.0,9720.0,9780.0,4290.0,4.0,226,91,,,pt,10531.0,5161.0,"{'duration': 4290, 'source_transfer_time': 0, 'waiting_time': 150, 'trip_time': 4140, 'num_transfers': 4, 'departure_time': 5430, 'departure_day': 'current_day', 'arrival_time': 9720, 'arrival_day': 'current_day', 'steps': [{'duration': 900, 'departure_time': 5580, 'arrival_time': 6480, 'day': 'current_day', 'from_stop_id': '226-5', 'to_stop_id': 'B-5', 'trip_id': '10-1-4', 'agency_name': 'Unknown'}, {'duration': 30, 'departure_time': 6480, 'arrival_time': 6510, 'day': 'current_day', 'from_stop_id': 'B-5', 'to_stop_id': 'B-0', 'trip_id': 'walking', 'agency_name': 'Unknown'}, {'duration': 1800, 'departure_time': 7200, 'arrival_time': 9000, 'day': 'current_day', 'from_stop_id': 'B-0', 'to_stop_id': 'A-0', 'trip_id': 'IE-6-1', 'agency_name': 'Unknown'}, {'duration': 30, 'departure_time': 9000, 'arrival_time': 9030, 'day': 'current_day', 'from_stop_id': 'A-0', 'to_stop_id': 'A-4', 'trip_id': 'walking', 'agency_name': 'Unknown'}, {'duration': 540, 'departure_time': 9180, 'arrival_time': 9720, 'day': 'current_day', 'from_stop_id': 'A-4', 'to_stop_id': '91-4', 'trip_id': '7-0-9', 'agency_name': 'Unknown'}]}",5161.0
138,49,12180,inter,right,215,[137; 149],[49],500,375,0,0,12555,12615.0,15660.0,15720.0,3045.0,4.0,137,49,,,pt,15720.0,3540.0,"{'duration': 3045, 'source_transfer_time': 0, 'waiting_time': 45, 'trip_time': 3000, 'num_transfers': 4, 'departure_time': 12615, 'departure_day': 'current_day', 'arrival_time': 15660, 'arrival_day': 'current_day', 'steps': [{'duration': 360, 'departure_time': 12660, 'arrival_time': 13020, 'day': 'current_day', 'from_stop_id': '137-2', 'to_stop_id': 'B-2', 'trip_id': '4-1-15', 'agency_name': 'Unknown'}, {'duration': 30, 'departure_time': 13020, 'arrival_time': 13050, 'day': 'current_day', 'from_stop_id': 'B-2', 'to_stop_id': 'B-0', 'trip_id': 'walking', 'agency_name': 'Unknown'}, {'duration': 1800, 'departure_time': 13200, 'arrival_time': 15000, 'day': 'current_day', 'from_stop_id': 'B-0', 'to_stop_id': 'A-0', 'trip_id': 'IE-11-1', 'agency_name': 'Unknown'}, {'duration': 30, 'departure_time': 15000, 'arrival_time': 15030, 'day': 'current_day', 'from_stop_id': 'A-0', 'to_stop_id': 'A-5', 'trip_id': 'walking', 'agency_name': 'Unknown'}, {'duration': 180, 'departure_time': 15480, 'arrival_time': 15660, 'day': 'current_day', 'from_stop_id': 'A-5', 'to_stop_id': '49-5', 'trip_id': '8-1-19', 'agency_name': 'Unknown'}]}",3540.0
181,95,10500,inter,right,216,[181],[95],0,0,0,0,10500,10560.0,15000.0,15060.0,4440.0,4.0,181,95,,,pt,15060.0,4560.0,"{'duration': 4440, 'source_transfer_time': 0, 'waiting_time': 0, 'trip_time': 4440, 'num_transfers': 4, 'departure_time': 10560, 'departure_day': 'current_day', 'arrival_time': 15000, 'arrival_day': 'current_day', 'steps': [{'duration': 360, 'departure_time': 10560, 'arrival_time': 10920, 'day': 'current_day', 'from_stop_id': '181-1', 'to_stop_id': 'B-1', 'trip_id': '3-1-12', 'agency_name': 'Unknown'}, {'duration': 30, 'departure_time': 10920, 'arrival_time': 10950, 'day': 'current_day', 'from_stop_id': 'B-1', 'to_stop_id': 'B-0', 'trip_id': 'walking', 'agency_name': 'Unknown'}, {'duration': 1800, 'departure_time': 12000, 'arrival_time': 13800, 'day': 'current_day', 'from_stop_id': 'B-0', 'to_stop_id': 'A-0', 'trip_id': 'IE-10-1', 'agency_name': 'Unknown'}, {'duration': 30, 'departure_time': 13800, 'arrival_time': 13830, 'day': 'current_day', 'from_stop_id': 'A-0', 'to_stop_id': 'A-5', 'trip_id': 'walking', 'agency_name': 'Unknown'}, {'duration': 720, 'departure_time': 14280, 'arrival_time': 15000, 'day': 'current_day', 'from_stop_id': 'A-5', 'to_stop_id': '95-5', 'trip_id': '8-0-17', 'agency_name': 'Unknown'}]}",4560.0
184,24,12330,inter,right,217,[176; 185],[24],500,375,0,0,12705,12765.0,16920.0,16980.0,4155.0,4.0,176,24,,,pt,16980.0,4650.0,"{'duration': 4155, 'source_transfer_time': 0, 'waiting_time': 195, 'trip_time': 3960, 'num_transfers': 4, 'departure_time': 12765, 'departure_day': 'current_day', 'arrival_time': 16920, 'arrival_day': 'current_day', 'steps': [{'duration': 360, 'departure_time': 12960, 'arrival_time': 13320, 'day': 'current_day', 'from_stop_id': '176-1', 'to_stop_id': 'B-1', 'trip_id': '3-0-16', 'agency_name': 'Unknown'}, {'duration': 30, 'departure_time': 13320, 'arrival_time': 13350, 'day': 'current_day', 'from_stop_id': 'B-1', 'to_stop_id': 'B-0', 'trip_id': 'walking', 'agency_name': 'Unknown'}, {'duration': 1800, 'departure_time': 14400, 'arrival_time': 16200, 'day': 'current_day', 'from_stop_id': 'B-0', 'to_stop_id': 'A-0', 'trip_id': 'IE-12-1', 'agency_name': 'Unknown'}, {'duration': 30, 'departure_time': 16200, 'arrival_time': 16230, 'day': 'current_day', 'from_stop_id': 'A-0', 'to_stop_id': 'A-4', 'trip_id': 'walking', 'agency_name': 'Unknown'}, {'duration': 540, 'departure_time': 16380, 'arrival_time': 16920, 'day': 'current_day', 'from_stop_id': 'A-4', 'to_stop_id': '24-4', 'trip_id': '7-1-21', 'agency_name': 'Unknown'}]}",4650.0
203,74,10470,inter,right,218,[182; 201; 213; 225],[74],1000,751,0,0,11221,11281.0,15760.0,15820.0,4479.0,6.0,182,74,,,pt,15820.0,5350.0,"{'duration': 4479, 'source_transfer_time': 0, 'waiting_time': 389, 'trip_time': 4090, 'num_transfers': 6, 'departure_time': 11281, 'departure_day': 'current_day', 'arrival_time': 15760, 'arrival_day': 'current_day', 'steps': [{'duration': 450, 'departure_time': 11670, 'arrival_time': 12120, 'day': 'current_day', 'from_stop_id': '182-1', 'to_stop_id': 'B-1', 'trip_id': '3-1-14', 'agency_name': 'Unknown'}, {'duration': 30, 'departure_time': 12120, 'arrival_time': 12150, 'day': 'current_day', 'from_stop_id': 'B-1', 'to_stop_id': 'B-0', 'trip_id': 'walking', 'agency_name': 'Unknown'}, {'duration': 1800, 'departure_time': 13200, 'arrival_time': 15000, 'day': 'current_day', 'from_stop_id': 'B-0', 'to_stop_id': 'A-0', 'trip_id': 'IE-11-1', 'agency_name': 'Unknown'}, {'duration': 30, 'departure_time': 15000, 'arrival_time': 15030, 'day': 'current_day', 'from_stop_id': 'A-0', 'to_stop_id': 'A-1', 'trip_id': 'walking', 'agency_name': 'Unknown'}, {'duration': 270, 'departure_time': 15120, 'arrival_time': 15390, 'day': 'current_day', 'from_stop_id': 'A-1', 'to_stop_id': '56-1', 'trip_id': '1-1-19', 'agency_name': 'Unknown'}, {'duration': 30, 'departure_time': 15390, 'arrival_time': 15420, 'day': 'current_day', 'from_stop_id': '56-1', 'to_stop_id': '56-3', 'trip_id': 'walking', 'agency_name': 'Unknown'}, {'duration': 190, 'departure_time': 15570, 'arrival_time': 15760, 'day': 'current_day', 'from_stop_id': '56-3', 'to_stop_id': '74-3', 'trip_id': '5-1-19', 'agency_name': 'Unknown'}]}",5350.0
226,35,10830,inter,right,219,[226],[35],0,0,0,0,10830,10890.0,14430.0,14490.0,3540.0,4.0,226,35,,,pt,14490.0,3660.0,"{'duration': 3540, 'source_transfer_time': 0, 'waiting_time': 90, 'trip_time': 3450, 'num_transfers': 4, 'departure_time': 10890, 'departure_day': 'current_day', 'arrival_time': 14430, 'arrival_day': 'current_day', 'steps': [{'duration': 900, 'departure_time': 10980, 'arrival_time': 11880, 'day': 'current_day', 'from_stop_id': '226-5', 'to_stop_id': 'B-5', 'trip_id': '10-1-13', 'agency_name': 'Unknown'}, {'duration': 30, 'departure_time': 11880, 'arrival_time': 11910, 'day': 'current_day', 'from_stop_id': 'B-5', 'to_stop_id': 'B-0', 'trip_id': 'walking', 'agency_name': 'Unknown'}, {'duration': 1800, 'departure_time': 12000, 'arrival_time': 13800, 'day': 'current_day', 'from_stop_id': 'B-0', 'to_stop_id': 'A-0', 'trip_id': 'IE-10-1', 'agency_name': 'Unknown'}, {'duration': 30, 'departure_time': 13800, 'arrival_time': 13830, 'day': 'current_day', 'from_stop_id': 'A-0', 'to_stop_id': 'A-4', 'trip_id': 'walking', 'agency_name': 'Unknown'}, {'duration': 450, 'departure_time': 13980, 'arrival_time': 14430, 'day': 'current_day', 'from_stop_id': 'A-4', 'to_stop_id': '35-4', 'trip_id': '7-1-17', 'agency_name': 'Unknown'}]}",3660.0
220,82,13950,inter,right,220,[220],[61; 80; 92; 104],0,0,1000,751,13950,14010.0,17970.0,18030.0,3960.0,4.0,220,61,,,pt,18781.0,4831.0,"{'duration': 3960, 'source_transfer_time': 0, 'waiting_time': 450, 'trip_time': 3510, 'num_transfers': 4, 'departure_time': 14010, 'departure_day': 'current_day', 'arrival_time': 17970, 'arrival_day': 'current_day', 'steps': [{'duration': 360, 'departure_time': 14460, 'arrival_time': 14820, 'day': 'current_day', 'from_stop_id': '220-2', 'to_stop_id': 'B-2', 'trip_id': '4-0-18', 'agency_name': 'Unknown'}, {'duration': 30, 'departure_time': 14820, 'arrival_time': 14850, 'day': 'current_day', 'from_stop_id': 'B-2', 'to_stop_id': 'B-0', 'trip_id': 'walking', 'agency_name': 'Unknown'}, {'duration': 1800, 'departure_time': 15600, 'arrival_time': 17400, 'day': 'current_day', 'from_stop_id': 'B-0', 'to_stop_id': 'A-0', 'trip_id': 'IE-13-1', 'agency_name': 'Unknown'}, {'duration': 30, 'departure_time': 17400, 'arrival_time': 17430, 'day': 'current_day', 'from_stop_id': 'A-0', 'to_stop_id': 'A-1', 'trip_id': 'walking', 'agency_name': 'Unknown'}, {'duration': 450, 'departure_time': 17520, 'arrival_time': 17970, 'day': 'current_day', 'from_stop_id': 'A-1', 'to_stop_id': '61-1', 'trip_id': '1-0-23', 'agency_name': 'Unknown'}]}",4831.0
229,11,6810,inter,right,221,[207; 217; 227; 231],[11],1000,751,0,0,7561,7621.0,11190.0,11250.0,3569.0,4.0,207,11,,,pt,11250.0,4440.0,"{'duration': 3569, 'source_transfer_time': 0, 'waiting_time': 209, 'trip_time': 3360, 'num_transfers': 4, 'departure_time': 7621, 'departure_day': 'current_day', 'arrival_time': 11190, 'arrival_day': 'current_day', 'steps': [{'duration': 450, 'departure_time': 7830, 'arrival_time': 8280, 'day': 'current_day', 'from_stop_id': '207-5', 'to_stop_id': 'B-5', 'trip_id': '10-1-7', 'agency_name': 'Unknown'}, {'duration': 30, 'departure_time': 8280, 'arrival_time': 8310, 'day': 'current_day', 'from_stop_id': 'B-5', 'to_stop_id': 'B-0', 'trip_id': 'walking', 'agency_name': 'Unknown'}, {'duration': 1800, 'departure_time': 8400, 'arrival_time': 10200, 'day': 'current_day', 'from_stop_id': 'B-0', 'to_stop_id': 'A-0', 'trip_id': 'IE-7-1', 'agency_name': 'Unknown'}, {'duration': 30, 'departure_time': 10200, 'arrival_time': 10230, 'day': 'current_day', 'from_stop_id': 'A-0', 'to_stop_id': 'A-4', 'trip_id': 'walking', 'agency_name': 'Unknown'}, {'duration': 810, 'departure_time': 10380, 'arrival_time': 11190, 'day': 'current_day', 'from_stop_id': 'A-4', 'to_stop_id': '11-4', 'trip_id': '7-1-11', 'agency_name': 'Unknown'}]}",4440.0
133,19,7530,inter,right,222,[133],[19],0,0,0,0,7530,7590.0,12510.0,12570.0,4920.0,4.0,133,19,,,pt,12570.0,5040.0,"{'duration': 4920, 'source_transfer_time': 0, 'waiting_time': 270, 'trip_time': 4650, 'num_transfers': 4, 'departure_time': 7590, 'departure_day': 'current_day', 'arrival_time': 12510, 'arrival_day': 'current_day', 'steps': [{'duration': 720, 'departure_time': 7860, 'arrival_time': 8580, 'day': 'current_day', 'from_stop_id': '133-4', 'to_stop_id': 'B-4', 'trip_id': '9-0-8', 'agency_name': 'Unknown'}, {'duration': 30, 'departure_time': 8580, 'arrival_time': 8610, 'day': 'current_day', 'from_stop_id': 'B-4', 'to_stop_id': 'B-0', 'trip_id': 'walking', 'agency_name': 'Unknown'}, {'duration': 1800, 'departure_time': 9600, 'arrival_time': 11400, 'day': 'current_day', 'from_stop_id': 'B-0', 'to_stop_id': 'A-0', 'trip_id': 'IE-8-1', 'agency_name': 'Unknown'}, {'duration': 30, 'departure_time': 11400, 'arrival_time': 11430, 'day': 'current_day', 'from_stop_id': 'A-0', 'to_stop_id': 'A-5', 'trip_id': 'walking', 'agency_name': 'Unknown'}, {'duration': 630, 'departure_time': 11880, 'arrival_time': 12510, 'day': 'current_day', 'from_stop_id': 'A-5', 'to_stop_id': '19-5', 'trip_id': '8-1-13', 'agency_name': 'Unknown'}]}",5040.0
176,33,7050,inter,right,223,[176],[11; 23; 35; 54],0,0,1000,751,7050,7110.0,10770.0,10830.0,3660.0,4.0,176,54,,,pt,11581.0,4531.0,"{'duration': 3660, 'source_transfer_time': 0, 'waiting_time': 450, 'trip_time': 3210, 'num_transfers': 4, 'departure_time': 7110, 'departure_day': 'current_day', 'arrival_time': 10770, 'arrival_day': 'current_day', 'steps': [{'duration': 360, 'departure_time': 7560, 'arrival_time': 7920, 'day': 'current_day', 'from_stop_id': '176-1', 'to_stop_id': 'B-1', 'trip_id': '3-0-7', 'agency_name': 'Unknown'}, {'duration': 30, 'departure_time': 7920, 'arrival_time': 7950, 'day': 'current_day', 'from_stop_id': 'B-1', 'to_stop_id': 'B-0', 'trip_id': 'walking', 'agency_name': 'Unknown'}, {'duration': 1800, 'departure_time': 8400, 'arrival_time': 10200, 'day': 'current_day', 'from_stop_id': 'B-0', 'to_stop_id': 'A-0', 'trip_id': 'IE-7-1', 'agency_name': 'Unknown'}, {'duration': 30, 'departure_time': 10200, 'arrival_time': 10230, 'day': 'current_day', 'from_stop_id': 'A-0', 'to_stop_id': 'A-1', 'trip_id': 'walking', 'agency_name': 'Unknown'}, {'duration': 450, 'departure_time': 10320, 'arrival_time': 10770, 'day': 'current_day', 'from_stop_id': 'A-1', 'to_stop_id': '54-1', 'trip_id': '1-1-11', 'agency_name': 'Unknown'}]}",4531.0
199,19,9030,inter,right,224,[188; 198; 200; 210],[19],500,375,0,0,9405,9465.0,13710.0,13770.0,4245.0,4.0,188,19,,,pt,13770.0,4740.0,"{'duration': 4245, 'source_transfer_time': 0, 'waiting_time': 135, 'trip_time': 4110, 'num_transfers': 4, 'departure_time': 9465, 'departure_day': 'current_day', 'arrival_time': 13710, 'arrival_day': 'current_day', 'steps': [{'duration': 180, 'departure_time': 9600, 'arrival_time': 9780, 'day': 'current_day', 'from_stop_id': '188-4', 'to_stop_id': 'B-4', 'trip_id': '9-1-10', 'agency_name': 'Unknown'}, {'duration': 30, 'departure_time': 9780, 'arrival_time': 9810, 'day': 'current_day', 'from_stop_id': 'B-4', 'to_stop_id': 'B-0', 'trip_id': 'walking', 'agency_name': 'Unknown'}, {'duration': 1800, 'departure_time': 10800, 'arrival_time': 12600, 'day': 'current_day', 'from_stop_id': 'B-0', 'to_stop_id': 'A-0', 'trip_id': 'IE-9-1', 'agency_name': 'Unknown'}, {'duration': 30, 'departure_time': 12600, 'arrival_time': 12630, 'day': 'current_day', 'from_stop_id': 'A-0', 'to_stop_id': 'A-5', 'trip_id': 'walking', 'agency_name': 'Unknown'}, {'duration': 630, 'departure_time': 13080, 'arrival_time': 13710, 'day': 'current_day', 'from_stop_id': 'A-5', 'to_stop_id': '19-5', 'trip_id': '8-1-15', 'agency_name': 'Unknown'}]}",4740.0
163,79,4020,inter,right,225,[162],[79],500,375,0,0,4395,4455.0,8340.0,8400.0,3885.0,6.0,162,79,,,pt,8400.0,4380.0,"{'duration': 3885, 'source_transfer_time': 0, 'waiting_time': 115, 'trip_time': 3770, 'num_transfers': 6, 'departure_time': 4455, 'departure_day': 'current_day', 'arrival_time': 8340, 'arrival_day': 'current_day', 'steps': [{'duration': 190, 'departure_time': 4570, 'arrival_time': 4760, 'day': 'current_day', 'from_stop_id': '162-3', 'to_stop_id': '180-3', 'trip_id': '6-0-42', 'agency_name': 'Unknown'}, {'duration': 30, 'departure_time': 4760, 'arrival_time': 4790, 'day': 'current_day', 'from_stop_id': '180-3', 'to_stop_id': '180-1', 'trip_id': 'walking', 'agency_name': 'Unknown'}, {'duration': 270, 'departure_time': 5250, 'arrival_time': 5520, 'day': 'current_day', 'from_stop_id': '180-1', 'to_stop_id': 'B-1', 'trip_id': '3-1-3', 'agency_name': 'Unknown'}, {'duration': 30, 'departure_time': 5520, 'arrival_time': 5550, 'day': 'current_day', 'from_stop_id': 'B-1', 'to_stop_id': 'B-0', 'trip_id': 'walking', 'agency_name': 'Unknown'}, {'duration': 1800, 'departure_time': 6000, 'arrival_time': 7800, 'day': 'current_day', 'from_stop_id': 'B-0', 'to_stop_id': 'A-0', 'trip_id': 'IE-5-1', 'agency_name': 'Unknown'}, {'duration': 30, 'departure_time': 7800, 'arrival_time': 7830, 'day': 'current_day', 'from_stop_id': 'A-0', 'to_stop_id': 'A-4', 'trip_id': 'walking', 'agency_name': 'Unknown'}, {'duration': 360, 'departure_time': 7980, 'arrival_time': 8340, 'day': 'current_day', 'from_stop_id': 'A-4', 'to_stop_id': '79-4', 'trip_id': '7-0-7', 'agency_name': 'Unknown'}]}",4380.0
217,64,4230,inter,right,226,[217],[64],0,0,0,0,4230,4290.0,8460.0,8520.0,4170.0,6.0,217,64,,,pt,8520.0,4290.0,"{'duration': 4170, 'source_transfer_time': 0, 'waiting_time': 360, 'trip_time': 3810, 'num_transfers': 6, 'departure_time': 4290, 'departure_day': 'current_day', 'arrival_time': 8460, 'arrival_day': 'current_day', 'steps': [{'duration': 630, 'departure_time': 4650, 'arrival_time': 5280, 'day': 'current_day', 'from_stop_id': '217-5', 'to_stop_id': 'B-5', 'trip_id': '10-1-2', 'agency_name': 'Unknown'}, {'duration': 30, 'departure_time': 5280, 'arrival_time': 5310, 'day': 'current_day', 'from_stop_id': 'B-5', 'to_stop_id': 'B-0', 'trip_id': 'walking', 'agency_name': 'Unknown'}, {'duration': 1800, 'departure_time': 6000, 'arrival_time': 7800, 'day': 'current_day', 'from_stop_id': 'B-0', 'to_stop_id': 'A-0', 'trip_id': 'IE-5-1', 'agency_name': 'Unknown'}, {'duration': 30, 'departure_time': 7800, 'arrival_time': 7830, 'day': 'current_day', 'from_stop_id': 'A-0', 'to_stop_id': 'A-1', 'trip_id': 'walking', 'agency_name': 'Unknown'}, {'duration': 270, 'departure_time': 7920, 'arrival_time': 8190, 'day': 'current_day', 'from_stop_id': 'A-1', 'to_stop_id': '56-1', 'trip_id': '1-1-7', 'agency_name': 'Unknown'}, {'duration': 30, 'departure_time': 8190, 'arrival_time': 8220, 'day': 'current_day', 'from_stop_id': '56-1', 'to_stop_id': '56-3', 'trip_id': 'walking', 'agency_name': 'Unknown'}, {'duration': 90, 'departure_time': 8370, 'arrival_time': 8460, 'day': 'current_day', 'from_stop_id': '56-3', 'to_stop_id': '64-3', 'trip_id': '5-1-7', 'agency_name': 'Unknown'}]}",4290.0
179,56,11970,inter,right,227,[179],[56],0,0,0,0,11970,12030.0,15390.0,15450.0,3360.0,4.0,179,56,,,pt,15450.0,3480.0,"{'duration': 3360, 'source_transfer_time': 0, 'waiting_time': 510, 'trip_time': 2850, 'num_transfers': 4, 'departure_time': 12030, 'departure_day': 'current_day', 'arrival_time': 15390, 'arrival_day': 'current_day', 'steps': [{'duration': 180, 'departure_time': 12540, 'arrival_time': 12720, 'day': 'current_day', 'from_stop_id': '179-1', 'to_stop_id': 'B-1', 'trip_id': '3-1-15', 'agency_name': 'Unknown'}, {'duration': 30, 'departure_time': 12720, 'arrival_time': 12750, 'day': 'current_day', 'from_stop_id': 'B-1', 'to_stop_id': 'B-0', 'trip_id': 'walking', 'agency_name': 'Unknown'}, {'duration': 1800, 'departure_time': 13200, 'arrival_time': 15000, 'day': 'current_day', 'from_stop_id': 'B-0', 'to_stop_id': 'A-0', 'trip_id': 'IE-11-1', 'agency_name': 'Unknown'}, {'duration': 30, 'departure_time': 15000, 'arrival_time': 15030, 'day': 'current_day', 'from_stop_id': 'A-0', 'to_stop_id': 'A-1', 'trip_id': 'walking', 'agency_name': 'Unknown'}, {'duration': 270, 'departure_time': 15120, 'arrival_time': 15390, 'day': 'current_day', 'from_stop_id': 'A-1', 'to_stop_id': '56-1', 'trip_id': '1-1-19', 'agency_name': 'Unknown'}]}",3480.0
134,54,13590,inter,right,228,[133; 145],[54],500,375,0,0,13965,14025.0,17970.0,18030.0,3945.0,4.0,133,54,,,pt,18030.0,4440.0,"{'duration': 3945, 'source_transfer_time': 0, 'waiting_time': 435, 'trip_time': 3510, 'num_transfers': 4, 'departure_time': 14025, 'departure_day': 'current_day', 'arrival_time': 17970, 'arrival_day': 'current_day', 'steps': [{'duration': 720, 'departure_time': 14460, 'arrival_time': 15180, 'day': 'current_day', 'from_stop_id': '133-4', 'to_stop_id': 'B-4', 'trip_id': '9-0-19', 'agency_name': 'Unknown'}, {'duration': 30, 'departure_time': 15180, 'arrival_time': 15210, 'day': 'current_day', 'from_stop_id': 'B-4', 'to_stop_id': 'B-0', 'trip_id': 'walking', 'agency_name': 'Unknown'}, {'duration': 1800, 'departure_time': 15600, 'arrival_time': 17400, 'day': 'current_day', 'from_stop_id': 'B-0', 'to_stop_id': 'A-0', 'trip_id': 'IE-13-1', 'agency_name': 'Unknown'}, {'duration': 30, 'departure_time': 17400, 'arrival_time': 17430, 'day': 'current_day', 'from_stop_id': 'A-0', 'to_stop_id': 'A-1', 'trip_id': 'walking', 'agency_name': 'Unknown'}, {'duration': 450, 'departure_time': 17520, 'arrival_time': 17970, 'day': 'current_day', 'from_stop_id': 'A-1', 'to_stop_id': '54-1', 'trip_id': '1-1-23', 'agency_name': 'Unknown'}]}",4440.0
214,97,7740,inter,right,229,[213; 225],[86; 96],500,375,500,375,8115,8175.0,12330.0,12390.0,4155.0,4.0,213,86,,,pt,12765.0,5025.0,"{'duration': 4155, 'source_transfer_time': 0, 'waiting_time': 375, 'trip_time': 3780, 'num_transfers': 4, 'departure_time': 8175, 'departure_day': 'current_day', 'arrival_time': 12330, 'arrival_day': 'current_day', 'steps': [{'duration': 630, 'departure_time': 8550, 'arrival_time': 9180, 'day': 'current_day', 'from_stop_id': '213-4', 'to_stop_id': 'B-4', 'trip_id': '9-1-9', 'agency_name': 'Unknown'}, {'duration': 30, 'departure_time': 9180, 'arrival_time': 9210, 'day': 'current_day', 'from_stop_id': 'B-4', 'to_stop_id': 'B-0', 'trip_id': 'walking', 'agency_name': 'Unknown'}, {'duration': 1800, 'departure_time': 9600, 'arrival_time': 11400, 'day': 'current_day', 'from_stop_id': 'B-0', 'to_stop_id': 'A-0', 'trip_id': 'IE-8-1', 'agency_name': 'Unknown'}, {'duration': 30, 'departure_time': 11400, 'arrival_time': 11430, 'day': 'current_day', 'from_stop_id': 'A-0', 'to_stop_id': 'A-5', 'trip_id': 'walking', 'agency_name': 'Unknown'}, {'duration': 450, 'departure_time': 11880, 'arrival_time': 12330, 'day': 'current_day', 'from_stop_id': 'A-5', 'to_stop_id': '86-5', 'trip_id': '8-0-13', 'agency_name': 'Unknown'}]}",5025.0
205,31,9030,inter,right,230,[206; 216],[20; 30],500,375,500,375,9405,9465.0,13460.0,13520.0,3995.0,6.0,206,30,,,pt,13895.0,4865.0,"{'duration': 3995, 'source_transfer_time': 0, 'waiting_time': 75, 'trip_time': 3920, 'num_transfers': 6, 'departure_time': 9465, 'departure_day': 'current_day', 'arrival_time': 13460, 'arrival_day': 'current_day', 'steps': [{'duration': 540, 'departure_time': 9540, 'arrival_time': 10080, 'day': 'current_day', 'from_stop_id': '206-5', 'to_stop_id': 'B-5', 'trip_id': '10-1-10', 'agency_name': 'Unknown'}, {'duration': 30, 'departure_time': 10080, 'arrival_time': 10110, 'day': 'current_day', 'from_stop_id': 'B-5', 'to_stop_id': 'B-0', 'trip_id': 'walking', 'agency_name': 'Unknown'}, {'duration': 1800, 'departure_time': 10800, 'arrival_time': 12600, 'day': 'current_day', 'from_stop_id': 'B-0', 'to_stop_id': 'A-0', 'trip_id': 'IE-9-1', 'agency_name': 'Unknown'}, {'duration': 30, 'departure_time': 12600, 'arrival_time': 12630, 'day': 'current_day', 'from_stop_id': 'A-0', 'to_stop_id': 'A-1', 'trip_id': 'walking', 'agency_name': 'Unknown'}, {'duration': 270, 'departure_time': 12720, 'arrival_time': 12990, 'day': 'current_day', 'from_stop_id': 'A-1', 'to_stop_id': '59-1', 'trip_id': '1-0-15', 'agency_name': 'Unknown'}, {'duration': 30, 'departure_time': 12990, 'arrival_time': 13020, 'day': 'current_day', 'from_stop_id': '59-1', 'to_stop_id': '59-3', 'trip_id': 'walking', 'agency_name': 'Unknown'}, {'duration': 290, 'departure_time': 13170, 'arrival_time': 13460, 'day': 'current_day', 'from_stop_id': '59-3', 'to_stop_id': '30-3', 'trip_id': '5-1-13', 'agency_name': 'Unknown'}]}",4865.0
170,22,10170,inter,right,231,[170],[11; 23],0,0,500,375,10170,10230.0,13410.0,13470.0,3180.0,4.0,170,23,,,pt,13845.0,3675.0,"{'duration': 3180, 'source_transfer_time': 0, 'waiting_time': 270, 'trip_time': 2910, 'num_transfers': 4, 'departure_time': 10230, 'departure_day': 'current_day', 'arrival_time': 13410, 'arrival_day': 'current_day', 'steps': [{'duration': 180, 'departure_time': 10500, 'arrival_time': 10680, 'day': 'current_day', 'from_stop_id': '170-5', 'to_stop_id': 'B-5', 'trip_id': '10-0-11', 'agency_name': 'Unknown'}, {'duration': 30, 'departure_time': 10680, 'arrival_time': 10710, 'day': 'current_day', 'from_stop_id': 'B-5', 'to_stop_id': 'B-0', 'trip_id': 'walking', 'agency_name': 'Unknown'}, {'duration': 1800, 'departure_time': 10800, 'arrival_time': 12600, 'day': 'current_day', 'from_stop_id': 'B-0', 'to_stop_id': 'A-0', 'trip_id': 'IE-9-1', 'agency_name': 'Unknown'}, {'duration': 30, 'departure_time': 12600, 'arrival_time': 12630, 'day': 'current_day', 'from_stop_id': 'A-0', 'to_stop_id': 'A-4', 'trip_id': 'walking', 'agency_name': 'Unknown'}, {'duration': 630, 'departure_time': 12780, 'arrival_time': 13410, 'day': 'current_day', 'from_stop_id': 'A-4', 'to_stop_id': '23-4', 'trip_id': '7-1-15', 'agency_name': 'Unknown'}]}",3675.0
159,81,12420,inter,right,232,[159],[80; 92],0,0,500,375,12420,12480.0,15630.0,15690.0,3150.0,4.0,159,80,,,pt,16065.0,3645.0,"{'duration': 3150, 'source_transfer_time': 0, 'waiting_time': 360, 'trip_time': 2790, 'num_transfers': 4, 'departure_time': 12480, 'departure_day': 'current_day', 'arrival_time': 15630, 'arrival_day': 'current_day', 'steps': [{'duration': 180, 'departure_time': 12840, 'arrival_time': 13020, 'day': 'current_day', 'from_stop_id': '159-2', 'to_stop_id': 'B-2', 'trip_id': '4-1-15', 'agency_name': 'Unknown'}, {'duration': 30, 'departure_time': 13020, 'arrival_time': 13050, 'day': 'current_day', 'from_stop_id': 'B-2', 'to_stop_id': 'B-0', 'trip_id': 'walking', 'agency_name': 'Unknown'}, {'duration': 1800, 'departure_time': 13200, 'arrival_time': 15000, 'day': 'current_day', 'from_stop_id': 'B-0', 'to_stop_id': 'A-0', 'trip_id': 'IE-11-1', 'agency_name': 'Unknown'}, {'duration': 30, 'departure_time': 15000, 'arrival_time': 15030, 'day': 'current_day', 'from_stop_id': 'A-0', 'to_stop_id': 'A-4', 'trip_id': 'walking', 'agency_name': 'Unknown'}, {'duration': 450, 'departure_time': 15180, 'arrival_time': 15630, 'day': 'current_day', 'from_stop_id': 'A-4', 'to_stop_id': '80-4', 'trip_id': '7-0-19', 'agency_name': 'Unknown'}]}",3645.0
126,12,5610,inter,right,233,[126],[12],0,0,0,0,5610,5670.0,9900.0,9960.0,4230.0,4.0,126,12,,,pt,9960.0,4350.0,"{'duration': 4230, 'source_transfer_time': 0, 'waiting_time': 300, 'trip_time': 3930, 'num_transfers': 4, 'departure_time': 5670, 'departure_day': 'current_day', 'arrival_time': 9900, 'arrival_day': 'current_day', 'steps': [{'duration': 450, 'departure_time': 5970, 'arrival_time': 6420, 'day': 'current_day', 'from_stop_id': '126-2', 'to_stop_id': 'B-2', 'trip_id': '4-1-4', 'agency_name': 'Unknown'}, {'duration': 30, 'departure_time': 6420, 'arrival_time': 6450, 'day': 'current_day', 'from_stop_id': 'B-2', 'to_stop_id': 'B-0', 'trip_id': 'walking', 'agency_name': 'Unknown'}, {'duration': 1800, 'departure_time': 7200, 'arrival_time': 9000, 'day': 'current_day', 'from_stop_id': 'B-0', 'to_stop_id': 'A-0', 'trip_id': 'IE-6-1', 'agency_name': 'Unknown'}, {'duration': 30, 'departure_time': 9000, 'arrival_time': 9030, 'day': 'current_day', 'from_stop_id': 'A-0', 'to_stop_id': 'A-4', 'trip_id': 'walking', 'agency_name': 'Unknown'}, {'duration': 720, 'departure_time': 9180, 'arrival_time': 9900, 'day': 'current_day', 'from_stop_id': 'A-4', 'to_stop_id': '12-4', 'trip_id': '7-1-9', 'agency_name': 'Unknown'}]}",4350.0
139,95,11370,inter,right,234,[140; 150],[95],500,375,0,0,11745,11805.0,16200.0,16260.0,4395.0,4.0,140,95,,,pt,16260.0,4890.0,"{'duration': 4395, 'source_transfer_time': 0, 'waiting_time': 45, 'trip_time': 4350, 'num_transfers': 4, 'departure_time': 11805, 'departure_day': 'current_day', 'arrival_time': 16200, 'arrival_day': 'current_day', 'steps': [{'duration': 630, 'departure_time': 11850, 'arrival_time': 12480, 'day': 'current_day', 'from_stop_id': '140-5', 'to_stop_id': 'B-5', 'trip_id': '10-0-14', 'agency_name': 'Unknown'}, {'duration': 30, 'departure_time': 12480, 'arrival_time': 12510, 'day': 'current_day', 'from_stop_id': 'B-5', 'to_stop_id': 'B-0', 'trip_id': 'walking', 'agency_name': 'Unknown'}, {'duration': 1800, 'departure_time': 13200, 'arrival_time': 15000, 'day': 'current_day', 'from_stop_id': 'B-0', 'to_stop_id': 'A-0', 'trip_id': 'IE-11-1', 'agency_name': 'Unknown'}, {'duration': 30, 'departure_time': 15000, 'arrival_time': 15030, 'day': 'current_day', 'from_stop_id': 'A-0', 'to_stop_id': 'A-5', 'trip_id': 'walking', 'agency_name': 'Unknown'}, {'duration': 720, 'departure_time': 15480, 'arrival_time': 16200, 'day': 'current_day', 'from_stop_id': 'A-5', 'to_stop_id': '95-5', 'trip_id': '8-0-19', 'agency_name': 'Unknown'}]}",4890.0
205,91,8160,inter,right,235,[206; 216],[91],500,375,0,0,8535,8595.0,12120.0,12180.0,3525.0,4.0,206,91,,,pt,12180.0,4020.0,"{'duration': 3525, 'source_transfer_time': 0, 'waiting_time': 345, 'trip_time': 3180, 'num_transfers': 4, 'departure_time': 8595, 'departure_day': 'current_day', 'arrival_time': 12120, 'arrival_day': 'current_day', 'steps': [{'duration': 540, 'departure_time': 8940, 'arrival_time': 9480, 'day': 'current_day', 'from_stop_id': '206-5', 'to_stop_id': 'B-5', 'trip_id': '10-1-9', 'agency_name': 'Unknown'}, {'duration': 30, 'departure_time': 9480, 'arrival_time': 9510, 'day': 'current_day', 'from_stop_id': 'B-5', 'to_stop_id': 'B-0', 'trip_id': 'walking', 'agency_name': 'Unknown'}, {'duration': 1800, 'departure_time': 9600, 'arrival_time': 11400, 'day': 'current_day', 'from_stop_id': 'B-0', 'to_stop_id': 'A-0', 'trip_id': 'IE-8-1', 'agency_name': 'Unknown'}, {'duration': 30, 'departure_time': 11400, 'arrival_time': 11430, 'day': 'current_day', 'from_stop_id': 'A-0', 'to_stop_id': 'A-4', 'trip_id': 'walking', 'agency_name': 'Unknown'}, {'duration': 540, 'departure_time': 11580, 'arrival_time': 12120, 'day': 'current_day', 'from_stop_id': 'A-4', 'to_stop_id': '91-4', 'trip_id': '7-0-13', 'agency_name': 'Unknown'}]}",4020.0
183,62,14130,inter,right,236,[175],[54],500,375,500,375,14505,14565.0,17970.0,18030.0,3405.0,4.0,175,54,,,pt,18405.0,4275.0,"{'duration': 3405, 'source_transfer_time': 0, 'waiting_time': 105, 'trip_time': 3300, 'num_transfers': 4, 'departure_time': 14565, 'departure_day': 'current_day', 'arrival_time': 17970, 'arrival_day': 'current_day', 'steps': [{'duration': 450, 'departure_time': 14670, 'arrival_time': 15120, 'day': 'current_day', 'from_stop_id': '175-1', 'to_stop_id': 'B-1', 'trip_id': '3-0-19', 'agency_name': 'Unknown'}, {'duration': 30, 'departure_time': 15120, 'arrival_time': 15150, 'day': 'current_day', 'from_stop_id': 'B-1', 'to_stop_id': 'B-0', 'trip_id': 'walking', 'agency_name': 'Unknown'}, {'duration': 1800, 'departure_time': 15600, 'arrival_time': 17400, 'day': 'current_day', 'from_stop_id': 'B-0', 'to_stop_id': 'A-0', 'trip_id': 'IE-13-1', 'agency_name': 'Unknown'}, {'duration': 30, 'departure_time': 17400, 'arrival_time': 17430, 'day': 'current_day', 'from_stop_id': 'A-0', 'to_stop_id': 'A-1', 'trip_id': 'walking', 'agency_name': 'Unknown'}, {'duration': 450, 'departure_time': 17520, 'arrival_time': 17970, 'day': 'current_day', 'from_stop_id': 'A-1', 'to_stop_id': '54-1', 'trip_id': '1-1-23', 'agency_name': 'Unknown'}]}",4275.0
125,98,6960,inter,right,237,[126],[87; 99],500,375,500,375,7335,7395.0,10980.0,11040.0,3585.0,4.0,126,99,,,pt,11415.0,4455.0,"{'duration': 3585, 'source_transfer_time': 0, 'waiting_time': 375, 'trip_time': 3210, 'num_transfers': 4, 'departure_time': 7395, 'departure_day': 'current_day', 'arrival_time': 10980, 'arrival_day': 'current_day', 'steps': [{'duration': 450, 'departure_time': 7770, 'arrival_time': 8220, 'day': 'current_day', 'from_stop_id': '126-2', 'to_stop_id': 'B-2', 'trip_id': '4-1-7', 'agency_name': 'Unknown'}, {'duration': 30, 'departure_time': 8220, 'arrival_time': 8250, 'day': 'current_day', 'from_stop_id': 'B-2', 'to_stop_id': 'B-0', 'trip_id': 'walking', 'agency_name': 'Unknown'}, {'duration': 1800, 'departure_time': 8400, 'arrival_time': 10200, 'day': 'current_day', 'from_stop_id': 'B-0', 'to_stop_id': 'A-0', 'trip_id': 'IE-7-1', 'agency_name': 'Unknown'}, {'duration': 30, 'departure_time': 10200, 'arrival_time': 10230, 'day': 'current_day', 'from_stop_id': 'A-0', 'to_stop_id': 'A-2', 'trip_id': 'walking', 'agency_name': 'Unknown'}, {'duration': 360, 'departure_time': 10620, 'arrival_time': 10980, 'day': 'current_day', 'from_stop_id': 'A-2', 'to_stop_id': '99-2', 'trip_id': '2-1-11', 'agency_name': 'Unknown'}]}",4455.0
219,89,4020,inter,right,238,[208; 220],[89],500,375,0,0,4395,4455.0,8860.0,8920.0,4405.0,8.0,208,89,,,pt,8920.0,4900.0,"{'duration': 4405, 'source_transfer_time': 0, 'waiting_time': 215, 'trip_time': 4190, 'num_transfers': 8, 'departure_time': 4455, 'departure_day': 'current_day', 'arrival_time': 8860, 'arrival_day': 'current_day', 'steps': [{'duration': 90, 'departure_time': 4670, 'arrival_time': 4760, 'day': 'current_day', 'from_stop_id': '208-3', 'to_stop_id': '209-3', 'trip_id': '6-1-0', 'agency_name': 'Unknown'}, {'duration': 30, 'departure_time': 4760, 'arrival_time': 4790, 'day': 'current_day', 'from_stop_id': '209-3', 'to_stop_id': '209-2', 'trip_id': 'walking', 'agency_name': 'Unknown'}, {'duration': 270, 'departure_time': 4950, 'arrival_time': 5220, 'day': 'current_day', 'from_stop_id': '209-2', 'to_stop_id': 'B-2', 'trip_id': '4-0-2', 'agency_name': 'Unknown'}, {'duration': 30, 'departure_time': 5220, 'arrival_time': 5250, 'day': 'current_day', 'from_stop_id': 'B-2', 'to_stop_id': 'B-0', 'trip_id': 'walking', 'agency_name': 'Unknown'}, {'duration': 1800, 'departure_time': 6000, 'arrival_time': 7800, 'day': 'current_day', 'from_stop_id': 'B-0', 'to_stop_id': 'A-0', 'trip_id': 'IE-5-1', 'agency_name': 'Unknown'}, {'duration': 30, 'departure_time': 7800, 'arrival_time': 7830, 'day': 'current_day', 'from_stop_id': 'A-0', 'to_stop_id': 'A-4', 'trip_id': 'walking', 'agency_name': 'Unknown'}, {'duration': 540, 'departure_time': 7980, 'arrival_time': 8520, 'day': 'current_day', 'from_stop_id': 'A-4', 'to_stop_id': '91-4', 'trip_id': '7-0-7', 'agency_name': 'Unknown'}, {'duration': 30, 'departure_time': 8520, 'arrival_time': 8550, 'day': 'current_day', 'from_stop_id': '91-4', 'to_stop_id': '91-3', 'trip_id': 'walking', 'agency_name': 'Unknown'}, {'duration': 190, 'departure_time': 8670, 'arrival_time': 8860, 'day': 'current_day', 'from_stop_id': '91-3', 'to_stop_id': '89-3', 'trip_id': '5-0-5', 'agency_name': 'Unknown'}]}",4900.0
185,24,10830,inter,right,239,[185],[24],0,0,0,0,10830,10890.0,15720.0,15780.0,4830.0,6.0,185,24,,,pt,15780.0,4950.0,"{'duration': 4830, 'source_transfer_time': 0, 'waiting_time': 380, 'trip_time': 4450, 'num_transfers': 6, 'departure_time': 10890, 'departure_day': 'current_day', 'arrival_time': 15720, 'arrival_day': 'current_day', 'steps': [{'duration': 90, 'departure_time': 11270, 'arrival_time': 11360, 'day': 'current_day', 'from_stop_id': '185-3', 'to_stop_id': '177-3', 'trip_id': '6-0-8', 'agency_name': 'Unknown'}, {'duration': 30, 'departure_time': 11360, 'arrival_time': 11390, 'day': 'current_day', 'from_stop_id': '177-3', 'to_stop_id': '177-1', 'trip_id': 'walking', 'agency_name': 'Unknown'}, {'duration': 270, 'departure_time': 11850, 'arrival_time': 12120, 'day': 'current_day', 'from_stop_id': '177-1', 'to_stop_id': 'B-1', 'trip_id': '3-0-14', 'agency_name': 'Unknown'}, {'duration': 30, 'departure_time': 12120, 'arrival_time': 12150, 'day': 'current_day', 'from_stop_id': 'B-1', 'to_stop_id': 'B-0', 'trip_id': 'walking', 'agency_name': 'Unknown'}, {'duration': 1800, 'departure_time': 13200, 'arrival_time': 15000, 'day': 'current_day', 'from_stop_id': 'B-0', 'to_stop_id': 'A-0', 'trip_id': 'IE-11-1', 'agency_name': 'Unknown'}, {'duration': 30, 'departure_time': 15000, 'arrival_time': 15030, 'day': 'current_day', 'from_stop_id': 'A-0', 'to_stop_id': 'A-4', 'trip_id': 'walking', 'agency_name': 'Unknown'}, {'duration': 540, 'departure_time': 15180, 'arrival_time': 15720, 'day': 'current_day', 'from_stop_id': 'A-4', 'to_stop_id': '24-4', 'trip_id': '7-1-19', 'agency_name': 'Unknown'}]}",4950.0
152,43,12450,inter,right,240,[141; 151],[41; 61],500,375,1000,751,12825,12885.0,16770.0,16830.0,3885.0,4.0,141,61,,,pt,17581.0,5131.0,"{'duration': 3885, 'source_transfer_time': 0, 'waiting_time': 75, 'trip_time': 3810, 'num_transfers': 4, 'departure_time': 12885, 'departure_day': 'current_day', 'arrival_time': 16770, 'arrival_day': 'current_day', 'steps': [{'duration': 720, 'departure_time': 12960, 'arrival_time': 13680, 'day': 'current_day', 'from_stop_id': '141-5', 'to_stop_id': 'B-5', 'trip_id': '10-0-16', 'agency_name': 'Unknown'}, {'duration': 30, 'departure_time': 13680, 'arrival_time': 13710, 'day': 'current_day', 'from_stop_id': 'B-5', 'to_stop_id': 'B-0', 'trip_id': 'walking', 'agency_name': 'Unknown'}, {'duration': 1800, 'departure_time': 14400, 'arrival_time': 16200, 'day': 'current_day', 'from_stop_id': 'B-0', 'to_stop_id': 'A-0', 'trip_id': 'IE-12-1', 'agency_name': 'Unknown'}, {'duration': 30, 'departure_time': 16200, 'arrival_time': 16230, 'day': 'current_day', 'from_stop_id': 'A-0', 'to_stop_id': 'A-1', 'trip_id': 'walking', 'agency_name': 'Unknown'}, {'duration': 450, 'departure_time': 16320, 'arrival_time': 16770, 'day': 'current_day', 'from_stop_id': 'A-1', 'to_stop_id': '61-1', 'trip_id': '1-0-21', 'agency_name': 'Unknown'}]}",5131.0
149,2,10500,inter,right,241,[149],[0; 12; 24],0,0,1000,751,10500,10560.0,14520.0,14580.0,3960.0,6.0,149,24,,,pt,15331.0,4831.0,"{'duration': 3960, 'source_transfer_time': 0, 'waiting_time': 110, 'trip_time': 3850, 'num_transfers': 6, 'departure_time': 10560, 'departure_day': 'current_day', 'arrival_time': 14520, 'arrival_day': 'current_day', 'steps': [{'duration': 90, 'departure_time': 10670, 'arrival_time': 10760, 'day': 'current_day', 'from_stop_id': '149-3', 'to_stop_id': '148-3', 'trip_id': '6-1-8', 'agency_name': 'Unknown'}, {'duration': 30, 'departure_time': 10760, 'arrival_time': 10790, 'day': 'current_day', 'from_stop_id': '148-3', 'to_stop_id': '148-2', 'trip_id': 'walking', 'agency_name': 'Unknown'}, {'duration': 270, 'departure_time': 10950, 'arrival_time': 11220, 'day': 'current_day', 'from_stop_id': '148-2', 'to_stop_id': 'B-2', 'trip_id': '4-1-12', 'agency_name': 'Unknown'}, {'duration': 30, 'departure_time': 11220, 'arrival_time': 11250, 'day': 'current_day', 'from_stop_id': 'B-2', 'to_stop_id': 'B-0', 'trip_id': 'walking', 'agency_name': 'Unknown'}, {'duration': 1800, 'departure_time': 12000, 'arrival_time': 13800, 'day': 'current_day', 'from_stop_id': 'B-0', 'to_stop_id': 'A-0', 'trip_id': 'IE-10-1', 'agency_name': 'Unknown'}, {'duration': 30, 'departure_time': 13800, 'arrival_time': 13830, 'day': 'current_day', 'from_stop_id': 'A-0', 'to_stop_id': 'A-4', 'trip_id': 'walking', 'agency_name': 'Unknown'}, {'duration': 540, 'departure_time': 13980, 'arrival_time': 14520, 'day': 'current_day', 'from_stop_id': 'A-4', 'to_stop_id': '24-4', 'trip_id': '7-1-17', 'agency_name': 'Unknown'}]}",4831.0
154,110,5970,inter,right,242,[132; 144; 156; 175],[110],1000,751,0,0,6721,6781.0,11070.0,11130.0,4289.0,4.0,132,110,,,pt,11130.0,5160.0,"{'duration': 4289, 'source_transfer_time': 0, 'waiting_time': 389, 'trip_time': 3900, 'num_transfers': 4, 'departure_time': 6781, 'departure_day': 'current_day', 'arrival_time': 11070, 'arrival_day': 'current_day', 'steps': [{'duration': 810, 'departure_time': 7170, 'arrival_time': 7980, 'day': 'current_day', 'from_stop_id': '132-4', 'to_stop_id': 'B-4', 'trip_id': '9-0-7', 'agency_name': 'Unknown'}, {'duration': 30, 'departure_time': 7980, 'arrival_time': 8010, 'day': 'current_day', 'from_stop_id': 'B-4', 'to_stop_id': 'B-0', 'trip_id': 'walking', 'agency_name': 'Unknown'}, {'duration': 1800, 'departure_time': 8400, 'arrival_time': 10200, 'day': 'current_day', 'from_stop_id': 'B-0', 'to_stop_id': 'A-0', 'trip_id': 'IE-7-1', 'agency_name': 'Unknown'}, {'duration': 30, 'departure_time': 10200, 'arrival_time': 10230, 'day': 'current_day', 'from_stop_id': 'A-0', 'to_stop_id': 'A-2', 'trip_id': 'walking', 'agency_name': 'Unknown'}, {'duration': 450, 'departure_time': 10620, 'arrival_time': 11070, 'day': 'current_day', 'from_stop_id': 'A-2', 'to_stop_id': '110-2', 'trip_id': '2-1-11', 'agency_name': 'Unknown'}]}",5160.0
127,54,7410,inter,right,243,[126],[54],500,375,0,0,7785,7845.0,11970.0,12030.0,4125.0,4.0,126,54,,,pt,12030.0,4620.0,"{'duration': 4125, 'source_transfer_time': 0, 'waiting_time': 525, 'trip_time': 3600, 'num_transfers': 4, 'departure_time': 7845, 'departure_day': 'current_day', 'arrival_time': 11970, 'arrival_day': 'current_day', 'steps': [{'duration': 450, 'departure_time': 8370, 'arrival_time': 8820, 'day': 'current_day', 'from_stop_id': '126-2', 'to_stop_id': 'B-2', 'trip_id': '4-1-8', 'agency_name': 'Unknown'}, {'duration': 30, 'departure_time': 8820, 'arrival_time': 8850, 'day': 'current_day', 'from_stop_id': 'B-2', 'to_stop_id': 'B-0', 'trip_id': 'walking', 'agency_name': 'Unknown'}, {'duration': 1800, 'departure_time': 9600, 'arrival_time': 11400, 'day': 'current_day', 'from_stop_id': 'B-0', 'to_stop_id': 'A-0', 'trip_id': 'IE-8-1', 'agency_name': 'Unknown'}, {'duration': 30, 'departure_time': 11400, 'arrival_time': 11430, 'day': 'current_day', 'from_stop_id': 'A-0', 'to_stop_id': 'A-1', 'trip_id': 'walking', 'agency_name': 'Unknown'}, {'duration': 450, 'departure_time': 11520, 'arrival_time': 11970, 'day': 'current_day', 'from_stop_id': 'A-1', 'to_stop_id': '54-1', 'trip_id': '1-1-13', 'agency_name': 'Unknown'}]}",4620.0
121,77,4260,inter,right,244,[121],[77],0,0,0,0,4260,4320.0,8400.0,8460.0,4080.0,4.0,121,77,,,pt,8460.0,4200.0,"{'duration': 4080, 'source_transfer_time': 0, 'waiting_time': 360, 'trip_time': 3720, 'num_transfers': 4, 'departure_time': 4320, 'departure_day': 'current_day', 'arrival_time': 8400, 'arrival_day': 'current_day', 'steps': [{'duration': 900, 'departure_time': 4680, 'arrival_time': 5580, 'day': 'current_day', 'from_stop_id': '121-4', 'to_stop_id': 'B-4', 'trip_id': '9-0-3', 'agency_name': 'Unknown'}, {'duration': 30, 'departure_time': 5580, 'arrival_time': 5610, 'day': 'current_day', 'from_stop_id': 'B-4', 'to_stop_id': 'B-0', 'trip_id': 'walking', 'agency_name': 'Unknown'}, {'duration': 1800, 'departure_time': 6000, 'arrival_time': 7800, 'day': 'current_day', 'from_stop_id': 'B-0', 'to_stop_id': 'A-0', 'trip_id': 'IE-5-1', 'agency_name': 'Unknown'}, {'duration': 30, 'departure_time': 7800, 'arrival_time': 7830, 'day': 'current_day', 'from_stop_id': 'A-0', 'to_stop_id': 'A-2', 'trip_id': 'walking', 'agency_name': 'Unknown'}, {'duration': 180, 'departure_time': 8220, 'arrival_time': 8400, 'day': 'current_day', 'from_stop_id': 'A-2', 'to_stop_id': '77-2', 'trip_id': '2-1-7', 'agency_name': 'Unknown'}]}",4200.0
165,35,6750,inter,right,245,[175],[35],500,375,0,0,7125,7185.0,10830.0,10890.0,3645.0,4.0,175,35,,,pt,10890.0,4140.0,"{'duration': 3645, 'source_transfer_time': 0, 'waiting_time': 285, 'trip_time': 3360, 'num_transfers': 4, 'departure_time': 7185, 'departure_day': 'current_day', 'arrival_time': 10830, 'arrival_day': 'current_day', 'steps': [{'duration': 450, 'departure_time': 7470, 'arrival_time': 7920, 'day': 'current_day', 'from_stop_id': '175-1', 'to_stop_id': 'B-1', 'trip_id': '3-0-7', 'agency_name': 'Unknown'}, {'duration': 30, 'departure_time': 7920, 'arrival_time': 7950, 'day': 'current_day', 'from_stop_id': 'B-1', 'to_stop_id': 'B-0', 'trip_id': 'walking', 'agency_name': 'Unknown'}, {'duration': 1800, 'departure_time': 8400, 'arrival_time': 10200, 'day': 'current_day', 'from_stop_id': 'B-0', 'to_stop_id': 'A-0', 'trip_id': 'IE-7-1', 'agency_name': 'Unknown'}, {'duration': 30, 'departure_time': 10200, 'arrival_time': 10230, 'day': 'current_day', 'from_stop_id': 'A-0', 'to_stop_id': 'A-4', 'trip_id': 'walking', 'agency_name': 'Unknown'}, {'duration': 450, 'departure_time': 10380, 'arrival_time': 10830, 'day': 'current_day', 'from_stop_id': 'A-4', 'to_stop_id': '35-4', 'trip_id': '7-1-11', 'agency_name': 'Unknown'}]}",4140.0
195,1,5250,inter,right,246,[195],[0; 12],0,0,500,375,5250,5310.0,9900.0,9960.0,4590.0,6.0,195,12,,,pt,10335.0,5085.0,"{'duration': 4590, 'source_transfer_time': 0, 'waiting_time': 260, 'trip_time': 4330, 'num_transfers': 6, 'departure_time': 5310, 'departure_day': 'current_day', 'arrival_time': 9900, 'arrival_day': 'current_day', 'steps': [{'duration': 390, 'departure_time': 5570, 'arrival_time': 5960, 'day': 'current_day', 'from_stop_id': '195-3', 'to_stop_id': '209-3', 'trip_id': '6-1-2', 'agency_name': 'Unknown'}, {'duration': 30, 'departure_time': 5960, 'arrival_time': 5990, 'day': 'current_day', 'from_stop_id': '209-3', 'to_stop_id': '209-2', 'trip_id': 'walking', 'agency_name': 'Unknown'}, {'duration': 270, 'departure_time': 6150, 'arrival_time': 6420, 'day': 'current_day', 'from_stop_id': '209-2', 'to_stop_id': 'B-2', 'trip_id': '4-0-4', 'agency_name': 'Unknown'}, {'duration': 30, 'departure_time': 6420, 'arrival_time': 6450, 'day': 'current_day', 'from_stop_id': 'B-2', 'to_stop_id': 'B-0', 'trip_id': 'walking', 'agency_name': 'Unknown'}, {'duration': 1800, 'departure_time': 7200, 'arrival_time': 9000, 'day': 'current_day', 'from_stop_id': 'B-0', 'to_stop_id': 'A-0', 'trip_id': 'IE-6-1', 'agency_name': 'Unknown'}, {'duration': 30, 'departure_time': 9000, 'arrival_time': 9030, 'day': 'current_day', 'from_stop_id': 'A-0', 'to_stop_id': 'A-4', 'trip_id': 'walking', 'agency_name': 'Unknown'}, {'duration': 720, 'departure_time': 9180, 'arrival_time': 9900, 'day': 'current_day', 'from_stop_id': 'A-4', 'to_stop_id': '12-4', 'trip_id': '7-1-9', 'agency_name': 'Unknown'}]}",5085.0
175,82,11910,inter,right,247,[175],[61; 80; 92; 104],0,0,1000,751,11910,11970.0,15570.0,15630.0,3600.0,4.0,175,61,,,pt,16381.0,4471.0,"{'duration': 3600, 'source_transfer_time': 0, 'waiting_time': 300, 'trip_time': 3300, 'num_transfers': 4, 'departure_time': 11970, 'departure_day': 'current_day', 'arrival_time': 15570, 'arrival_day': 'current_day', 'steps': [{'duration': 450, 'departure_time': 12270, 'arrival_time': 12720, 'day': 'current_day', 'from_stop_id': '175-1', 'to_stop_id': 'B-1', 'trip_id': '3-0-15', 'agency_name': 'Unknown'}, {'duration': 30, 'departure_time': 12720, 'arrival_time': 12750, 'day': 'current_day', 'from_stop_id': 'B-1', 'to_stop_id': 'B-0', 'trip_id': 'walking', 'agency_name': 'Unknown'}, {'duration': 1800, 'departure_time': 13200, 'arrival_time': 15000, 'day': 'current_day', 'from_stop_id': 'B-0', 'to_stop_id': 'A-0', 'trip_id': 'IE-11-1', 'agency_name': 'Unknown'}, {'duration': 30, 'departure_time': 15000, 'arrival_time': 15030, 'day': 'current_day', 'from_stop_id': 'A-0', 'to_stop_id': 'A-1', 'trip_id': 'walking', 'agency_name': 'Unknown'}, {'duration': 450, 'departure_time': 15120, 'arrival_time': 15570, 'day': 'current_day', 'from_stop_id': 'A-1', 'to_stop_id': '61-1', 'trip_id': '1-0-19', 'agency_name': 'Unknown'}]}",4471.0
230,35,5010,inter,right,248,[231],[35],500,375,0,0,5385,5445.0,9630.0,9690.0,4185.0,4.0,231,35,,,pt,9690.0,4680.0,"{'duration': 4185, 'source_transfer_time': 0, 'waiting_time': 525, 'trip_time': 3660, 'num_transfers': 4, 'departure_time': 5445, 'departure_day': 'current_day', 'arrival_time': 9630, 'arrival_day': 'current_day', 'steps': [{'duration': 450, 'departure_time': 5970, 'arrival_time': 6420, 'day': 'current_day', 'from_stop_id': '231-2', 'to_stop_id': 'B-2', 'trip_id': '4-0-4', 'agency_name': 'Unknown'}, {'duration': 30, 'departure_time': 6420, 'arrival_time': 6450, 'day': 'current_day', 'from_stop_id': 'B-2', 'to_stop_id': 'B-0', 'trip_id': 'walking', 'agency_name': 'Unknown'}, {'duration': 1800, 'departure_time': 7200, 'arrival_time': 9000, 'day': 'current_day', 'from_stop_id': 'B-0', 'to_stop_id': 'A-0', 'trip_id': 'IE-6-1', 'agency_name': 'Unknown'}, {'duration': 30, 'departure_time': 9000, 'arrival_time': 9030, 'day': 'current_day', 'from_stop_id': 'A-0', 'to_stop_id': 'A-4', 'trip_id': 'walking', 'agency_name': 'Unknown'}, {'duration': 450, 'departure_time': 9180, 'arrival_time': 9630, 'day': 'current_day', 'from_stop_id': 'A-4', 'to_stop_id': '35-4', 'trip_id': '7-1-9', 'agency_name': 'Unknown'}]}",4680.0
139,60,4590,inter,right,249,[140; 150],[60],500,375,0,0,4965,5025.0,8280.0,8340.0,3255.0,4.0,140,60,,,pt,8340.0,3750.0,"{'duration': 3255, 'source_transfer_time': 0, 'waiting_time': 225, 'trip_time': 3030, 'num_transfers': 4, 'departure_time': 5025, 'departure_day': 'current_day', 'arrival_time': 8280, 'arrival_day': 'current_day', 'steps': [{'duration': 630, 'departure_time': 5250, 'arrival_time': 5880, 'day': 'current_day', 'from_stop_id': '140-5', 'to_stop_id': 'B-5', 'trip_id': '10-0-3', 'agency_name': 'Unknown'}, {'duration': 30, 'departure_time': 5880, 'arrival_time': 5910, 'day': 'current_day', 'from_stop_id': 'B-5', 'to_stop_id': 'B-0', 'trip_id': 'walking', 'agency_name': 'Unknown'}, {'duration': 1800, 'departure_time': 6000, 'arrival_time': 7800, 'day': 'current_day', 'from_stop_id': 'B-0', 'to_stop_id': 'A-0', 'trip_id': 'IE-5-1', 'agency_name': 'Unknown'}, {'duration': 30, 'departure_time': 7800, 'arrival_time': 7830, 'day': 'current_day', 'from_stop_id': 'A-0', 'to_stop_id': 'A-1', 'trip_id': 'walking', 'agency_name': 'Unknown'}, {'duration': 360, 'departure_time': 7920, 'arrival_time': 8280, 'day': 'current_day', 'from_stop_id': 'A-1', 'to_stop_id': '60-1', 'trip_id': '1-0-7', 'agency_name': 'Unknown'}]}",3750.0
